  0.00000E+00  0.00000E+00  0.00000E+00  0.00000E+00  0.00000E+00  0.00000E+00
  0.00000E+00  0.00000E+00  0.00000E+00  0.00000E+00  0.00000E+00  0.00000E+00
  0.00000E+00  0.00000E+00  0.00000E+00  0.00000E+00  0.00000E+00  0.00000E+00
  0.00000E+00  0.00000E+00  0.00000E+00  0.00000E+00  0.00000E+00  0.00000E+00
  0.00000E+00  0.00000E+00  0.00000E+00  0.00000E+00  0.00000E+00  0.00000E+00
  0.00000E+00  0.00000E+00  0.00000E+00  0.00000E+00  0.00000E+00  0.00000E+00
  0.00000E+00  0.00000E+00  0.00000E+00  0.00000E+00  0.00000E+00  0.00000E+00
  0.00000E+00  0.00000E+00  0.00000E+00  0.00000E+00  0.00000E+00  0.00000E+00
  0.00000E+00  0.00000E+00  0.00000E+00  0.00000E+00  0.00000E+00  0.53021E-06
  0.13128E-04  0.51478E-04  0.12101E-03  0.25716E-03  0.51305E-03  0.10130E-02
  0.19374E-02  0.34441E-02  0.58062E-02  0.11060E-01  0.19019E-01  0.32224E-01
  0.53990E-01  0.88924E-01  0.14862E+00  0.24091E+00  0.39056E+00  0.63325E+00
  0.10267E+01  0.16531E+01  0.26527E+01  0.42571E+01  0.68085E+01  0.10890E+02
  0.17419E+02  0.27864E+02  0.44573E+02  0.71304E+02  0.11407E+03  0.18249E+03
  0.29198E+03  0.46710E+03  0.00000E+00  0.00000E+00  0.00000E+00  0.00000E+00
  0.00000E+00  0.00000E+00  0.00000E+00  0.00000E+00  0.00000E+00  0.00000E+00
  0.10779E-05  0.27683E-04  0.10674E-03  0.24933E-03  0.52685E-03  0.10462E-02
  0.20577E-02  0.39258E-02  0.69594E-02  0.11705E-01  0.22273E-01  0.38248E-01
  0.64733E-01  0.10836E+00  0.17835E+00  0.29791E+00  0.48269E+00  0.78224E+00
  0.12680E+01  0.20553E+01  0.33087E+01  0.53086E+01  0.85182E+01  0.13622E+02
  0.21786E+02  0.34846E+02  0.55739E+02  0.89162E+02  0.14263E+03  0.22817E+03
  0.36502E+03  0.58402E+03  0.93428E+03  0.00000E+00  0.00000E+00  0.00000E+00
  0.00000E+00  0.00000E+00  0.00000E+00  0.00000E+00  0.00000E+00  0.00000E+00
  0.00000E+00  0.16116E-05  0.44182E-04  0.16720E-03  0.38764E-03  0.81396E-03
  0.16072E-02  0.31487E-02  0.59803E-02  0.10574E-01  0.17745E-01  0.33674E-01
  0.57725E-01  0.97568E-01  0.16315E+00  0.26829E+00  0.44783E+00  0.72518E+00
  0.11747E+01  0.19034E+01  0.30845E+01  0.49643E+01  0.79636E+01  0.12777E+02
  0.20430E+02  0.32670E+02  0.52252E+02  0.83575E+02  0.13368E+03  0.21384E+03
  0.34208E+03  0.54724E+03  0.87554E+03  0.14006E+04  0.00000E+00  0.00000E+00
  0.00000E+00  0.00000E+00  0.00000E+00  0.00000E+00  0.00000E+00  0.00000E+00
  0.00000E+00  0.00000E+00  0.20526E-05  0.63452E-04  0.23498E-03  0.54003E-03
  0.11248E-02  0.22071E-02  0.43001E-02  0.81296E-02  0.14318E-01  0.23956E-01
  0.45348E-01  0.77570E-01  0.13089E+00  0.21857E+00  0.35902E+00  0.59877E+00
  0.96891E+00  0.15686E+01  0.25406E+01  0.41155E+01  0.66218E+01  0.10620E+02
  0.17035E+02  0.27236E+02  0.43549E+02  0.69644E+02  0.11139E+03  0.17816E+03
  0.28497E+03  0.45584E+03  0.72922E+03  0.11667E+04  0.18663E+04  0.00000E+00
  0.00000E+00  0.00000E+00  0.00000E+00  0.00000E+00  0.00000E+00  0.00000E+00
  0.00000E+00  0.00000E+00  0.00000E+00  0.21602E-05  0.86523E-04  0.31273E-03
  0.71146E-03  0.14691E-02  0.28601E-02  0.55359E-02  0.10408E-01  0.18248E-01
  0.30410E-01  0.57387E-01  0.97903E-01  0.16486E+00  0.27482E+00  0.45079E+00
  0.75099E+00  0.12141E+01  0.19642E+01  0.31795E+01  0.51482E+01  0.82804E+01
  0.13276E+02  0.21291E+02  0.34034E+02  0.54411E+02  0.87004E+02  0.13914E+03
  0.22253E+03  0.35592E+03  0.56931E+03  0.91071E+03  0.14570E+04  0.23306E+04
  0.00000E+00  0.00000E+00  0.00000E+00  0.00000E+00  0.00000E+00  0.00000E+00
  0.00000E+00  0.00000E+00  0.00000E+00  0.00000E+00  0.14151E-05  0.11456E-03
  0.40379E-03  0.90913E-03  0.18576E-02  0.35846E-02  0.68850E-02  0.12861E-01
  0.22414E-01  0.37184E-01  0.69923E-01  0.11890E+00  0.19971E+00  0.33219E+00
  0.54396E+00  0.90498E+00  0.14615E+01  0.23622E+01  0.38210E+01  0.61835E+01
  0.99410E+01  0.15933E+02  0.25545E+02  0.40823E+02  0.65253E+02  0.10432E+03
  0.16682E+03  0.26677E+03  0.42665E+03  0.68241E+03  0.10916E+04  0.17463E+04
  0.27933E+04  0.00000E+00  0.00000E+00  0.00000E+00  0.00000E+00  0.00000E+00
  0.00000E+00  0.00000E+00  0.00000E+00  0.00000E+00  0.00000E+00  0.20870E-05
  0.14879E-03  0.51199E-03  0.11412E-02  0.23060E-02  0.44041E-02  0.83865E-02
  0.15540E-01  0.26903E-01  0.44386E-01  0.83062E-01  0.14068E+00  0.23555E+00
  0.39077E+00  0.63850E+00  0.10605E+01  0.17101E+01  0.27610E+01  0.44622E+01
  0.72161E+01  0.11594E+02  0.18575E+02  0.29769E+02  0.47559E+02  0.76002E+02
  0.12149E+03  0.19423E+03  0.31058E+03  0.49666E+03  0.79433E+03  0.12705E+04
  0.20324E+04  0.32510E+04  0.00000E+00  0.00000E+00  0.00000E+00  0.00000E+00
  0.00000E+00  0.00000E+00  0.00000E+00  0.00000E+00  0.00000E+00  0.00000E+00
  0.12325E-04  0.18988E-03  0.64110E-03  0.14172E-02  0.28305E-02  0.53476E-02
  0.10081E-01  0.18513E-01  0.31790E-01  0.52107E-01  0.96979E-01  0.16345E+00
  0.27264E+00  0.45085E+00  0.73470E+00  0.12177E+01  0.19603E+01  0.31605E+01
  0.51022E+01  0.82438E+01  0.13236E+02  0.21193E+02  0.33949E+02  0.54217E+02
  0.86616E+02  0.13842E+03  0.22126E+03  0.35374E+03  0.56563E+03  0.90454E+03
  0.14467E+04  0.23141E+04  0.37014E+04  0.00000E+00  0.00000E+00  0.00000E+00
  0.00000E+00  0.00000E+00  0.00000E+00  0.00000E+00  0.00000E+00  0.00000E+00
  0.00000E+00  0.36284E-04  0.23627E-03  0.79288E-03  0.17465E-02  0.34520E-02
  0.64464E-02  0.12024E-01  0.21861E-01  0.37194E-01  0.60488E-01  0.11187E+00
  0.18745E+00  0.31124E+00  0.51264E+00  0.83266E+00  0.13766E+01  0.22113E+01
  0.35589E+01  0.57374E+01  0.92601E+01  0.14855E+02  0.23767E+02  0.38050E+02
  0.60738E+02  0.96996E+02  0.15496E+03  0.24764E+03  0.39585E+03  0.63285E+03
  0.10119E+04  0.16183E+04  0.25884E+04  0.41398E+04  0.00000E+00  0.00000E+00
  0.00000E+00  0.00000E+00  0.00000E+00  0.00000E+00  0.00000E+00  0.00000E+00
  0.00000E+00  0.00000E+00  0.91220E-04  0.27735E-03  0.95698E-03  0.21254E-02
  0.41725E-02  0.77132E-02  0.14242E-01  0.25629E-01  0.43144E-01  0.69568E-01
  0.12772E+00  0.21257E+00  0.35108E+00  0.57556E+00  0.93117E+00  0.15349E+01
  0.24589E+01  0.39492E+01  0.63558E+01  0.10245E+02  0.16416E+02  0.26241E+02
  0.41981E+02  0.66973E+02  0.10690E+03  0.17072E+03  0.27275E+03  0.43587E+03
  0.69670E+03  0.11138E+04  0.17811E+04  0.28485E+04  0.45554E+04  0.00000E+00
  0.00000E+00  0.00000E+00  0.00000E+00  0.00000E+00  0.00000E+00  0.00000E+00
  0.00000E+00  0.00000E+00  0.00000E+00  0.21645E-03  0.28463E-03  0.11042E-02
  0.25363E-02  0.49897E-02  0.91607E-02  0.16774E-01  0.29880E-01  0.49733E-01
  0.79435E-01  0.14464E+00  0.23885E+00  0.39204E+00  0.63911E+00  0.10290E+01
  0.16902E+01  0.26987E+01  0.43228E+01  0.69426E+01  0.11172E+02  0.17877E+02
  0.28544E+02  0.45625E+02  0.72729E+02  0.11602E+03  0.18519E+03  0.29575E+03
  0.47248E+03  0.75504E+03  0.12069E+04  0.19295E+04  0.30855E+04  0.49341E+04
  0.00000E+00  0.00000E+00  0.00000E+00  0.00000E+00  0.00000E+00  0.00000E+00
  0.00000E+00  0.00000E+00  0.00000E+00  0.00000E+00  0.51234E-03  0.16294E-03
  0.11165E-02  0.28599E-02  0.57748E-02  0.10643E-01  0.19454E-01  0.34405E-01
  0.56631E-01  0.89652E-01  0.16188E+00  0.26506E+00  0.43210E+00  0.69996E+00
  0.11207E+01  0.18333E+01  0.29155E+01  0.46551E+01  0.74576E+01  0.11977E+02
  0.19133E+02  0.30506E+02  0.48706E+02  0.77565E+02  0.12364E+03  0.19723E+03
  0.31482E+03  0.50275E+03  0.80315E+03  0.12835E+04  0.20516E+04  0.32802E+04
  0.52446E+04  0.00000E+00  0.00000E+00  0.00000E+00  0.00000E+00  0.00000E+00
  0.00000E+00  0.00000E+00  0.00000E+00  0.00000E+00  0.00000E+00  0.11908E-02
  0.31879E-03  0.75104E-03  0.28636E-02  0.62990E-02  0.11930E-01  0.22058E-01
  0.38993E-01  0.63567E-01  0.99843E-01  0.17890E+00  0.29031E+00  0.46982E+00
  0.75556E+00  0.12017E+01  0.19567E+01  0.30964E+01  0.49246E+01  0.78649E+01
  0.12601E+02  0.20087E+02  0.31968E+02  0.50968E+02  0.81064E+02  0.12908E+03
  0.20575E+03  0.32821E+03  0.52386E+03  0.83653E+03  0.13364E+04  0.21356E+04
  0.34138E+04  0.54573E+04  0.00000E+00  0.00000E+00  0.00000E+00  0.00000E+00
  0.00000E+00  0.00000E+00  0.00000E+00  0.00000E+00  0.00000E+00  0.00000E+00
  0.26229E-02  0.15258E-02  0.48378E-03  0.21298E-02  0.61567E-02  0.12623E-01
  0.24220E-01  0.43297E-01  0.70162E-01  0.10968E+00  0.19530E+00  0.31411E+00
  0.50453E+00  0.80494E+00  0.12704E+01  0.20580E+01  0.32371E+01  0.51239E+01
  0.81526E+01  0.13024E+02  0.20707E+02  0.32879E+02  0.52326E+02  0.83091E+02
  0.13214E+03  0.21041E+03  0.33535E+03  0.53491E+03  0.85373E+03  0.13633E+04
  0.21778E+04  0.34804E+04  0.55626E+04  0.00000E+00  0.00000E+00  0.00000E+00
  0.00000E+00  0.00000E+00  0.00000E+00  0.00000E+00  0.00000E+00  0.00000E+00
  0.00000E+00  0.00000E+00  0.00000E+00  0.41471E-02  0.87603E-03  0.38581E-02
  0.11013E-01  0.23800E-01  0.44092E-01  0.71219E-01  0.11361E+00  0.19477E+00
  0.31081E+00  0.49573E+00  0.78381E+00  0.12254E+01  0.19735E+01  0.30800E+01
  0.48445E+01  0.76700E+01  0.12207E+02  0.19337E+02  0.30607E+02  0.48590E+02
  0.76980E+02  0.12220E+03  0.19429E+03  0.30930E+03  0.49288E+03  0.78606E+03
  0.12545E+04  0.20030E+04  0.31999E+04  0.51127E+04  0.00000E+00  0.76511E-03
  0.15571E-02  0.23871E-02  0.32695E-02  0.42248E-02  0.52894E-02  0.12559E-02
  0.00000E+00  0.00000E+00  0.00000E+00  0.00000E+00  0.10938E-01  0.72891E-02
  0.15466E-02  0.67583E-02  0.21150E-01  0.43324E-01  0.71021E-01  0.11610E+00
  0.19543E+00  0.30986E+00  0.49084E+00  0.76837E+00  0.11880E+01  0.18999E+01
  0.29365E+01  0.45827E+01  0.72101E+01  0.11419E+02  0.18004E+02  0.28383E+02
  0.44913E+02  0.70946E+02  0.11235E+03  0.17829E+03  0.28339E+03  0.45105E+03
  0.71864E+03  0.11460E+04  0.18287E+04  0.29198E+04  0.46634E+04  0.00000E+00
  0.26702E-02  0.54108E-02  0.82517E-02  0.11230E-01  0.14398E-01  0.17853E-01
  0.19784E-01  0.21436E-01  0.22285E-01  0.00000E+00  0.00000E+00  0.00000E+00
  0.19265E-01  0.12904E-01  0.27238E-02  0.14676E-01  0.39938E-01  0.69157E-01
  0.11783E+00  0.19818E+00  0.31304E+00  0.49285E+00  0.76286E+00  0.11639E+01
  0.18449E+01  0.28167E+01  0.43510E+01  0.67889E+01  0.10681E+02  0.16736E+02
  0.26238E+02  0.41338E+02  0.65038E+02  0.10266E+03  0.16249E+03  0.25775E+03
  0.40954E+03  0.65163E+03  0.10380E+04  0.16549E+04  0.26406E+04  0.42152E+04
  0.00000E+00  0.67143E-02  0.13563E-01  0.20604E-01  0.27907E-01  0.35571E-01
  0.43773E-01  0.47508E-01  0.51047E-01  0.54611E-01  0.58419E-01  0.52470E-01
  0.00000E+00  0.00000E+00  0.42384E-01  0.33530E-01  0.14040E-01  0.14979E-01
  0.43007E-01  0.91672E-01  0.16882E+00  0.27604E+00  0.44301E+00  0.68696E+00
  0.10404E+01  0.16485E+01  0.24876E+01  0.38061E+01  0.58934E+01  0.92174E+01
  0.14347E+02  0.22352E+02  0.35039E+02  0.54852E+02  0.86232E+02  0.13604E+03
  0.21521E+03  0.34122E+03  0.54198E+03  0.86215E+03  0.13731E+04  0.21889E+04
  0.34917E+04  0.00000E+00  0.15300E-01  0.30829E-01  0.46683E-01  0.62978E-01
  0.79880E-01  0.97691E-01  0.10382E+00  0.10955E+00  0.11517E+00  0.12136E+00
  0.11137E+00  0.11579E+00  0.10829E+00  0.00000E+00  0.85564E-01  0.65281E-01
  0.32470E-01  0.00000E+00  0.52229E-01  0.13112E+00  0.23544E+00  0.39618E+00
  0.62189E+00  0.93759E+00  0.14902E+01  0.22181E+01  0.33543E+01  0.51442E+01
  0.79841E+01  0.12318E+02  0.19027E+02  0.29625E+02  0.46059E+02  0.72002E+02
  0.11307E+03  0.17821E+03  0.28172E+03  0.44641E+03  0.70874E+03  0.11270E+04
  0.17945E+04  0.28596E+04  0.00000E+00  0.33156E-01  0.66661E-01  0.10071E+00
  0.13548E+00  0.17121E+00  0.20843E+00  0.21791E+00  0.22692E+00  0.23607E+00
  0.24529E+00  0.22765E+00  0.23406E+00  0.22260E+00  0.21055E+00  0.19935E+00
  0.00000E+00  0.13506E+00  0.11120E+00  0.52406E-01  0.35657E-01  0.13301E+00
  0.28160E+00  0.47822E+00  0.73857E+00  0.12140E+01  0.17932E+01  0.26940E+01
  0.41095E+01  0.63528E+01  0.97196E+01  0.14876E+02  0.22992E+02  0.35445E+02
  0.55025E+02  0.85916E+02  0.13478E+03  0.21226E+03  0.33532E+03  0.53105E+03
  0.84279E+03  0.13398E+04  0.21323E+04  0.00000E+00  0.68831E-01  0.13824E+00
  0.20851E+00  0.27984E+00  0.35269E+00  0.42784E+00  0.44259E+00  0.45565E+00
  0.46996E+00  0.48359E+00  0.45252E+00  0.45954E+00  0.43909E+00  0.42079E+00
  0.40234E+00  0.37123E+00  0.00000E+00  0.31069E+00  0.25796E+00  0.17898E+00
  0.77182E-01  0.74514E-01  0.23613E+00  0.42970E+00  0.81760E+00  0.12261E+01
  0.18635E+01  0.28696E+01  0.44729E+01  0.68140E+01  0.10340E+02  0.15877E+02
  0.24221E+02  0.37274E+02  0.57781E+02  0.90110E+02  0.14122E+03  0.22222E+03
  0.35082E+03  0.55532E+03  0.88098E+03  0.13998E+04  0.00000E+00  0.14320E+00
  0.28729E+00  0.43273E+00  0.57978E+00  0.72914E+00  0.88209E+00  0.90203E+00
  0.92098E+00  0.94116E+00  0.96054E+00  0.90189E+00  0.90653E+00  0.86794E+00
  0.83295E+00  0.80133E+00  0.75171E+00  0.69440E+00  0.00000E+00  0.63322E+00
  0.57203E+00  0.51017E+00  0.39370E+00  0.26075E+00  0.11845E+00  0.20676E+00
  0.41064E+00  0.74218E+00  0.12857E+01  0.21823E+01  0.34066E+01  0.51828E+01
  0.79894E+01  0.12027E+02  0.18300E+02  0.28102E+02  0.43483E+02  0.67711E+02
  0.10599E+03  0.16661E+03  0.26281E+03  0.41577E+03  0.65914E+03  0.00000E+00
  0.30571E+00  0.61259E+00  0.92162E+00  0.12333E+01  0.15483E+01  0.18691E+01
  0.18836E+01  0.19017E+01  0.19239E+01  0.19498E+01  0.18344E+01  0.18201E+01
  0.17428E+01  0.16726E+01  0.16099E+01  0.15185E+01  0.14269E+01  0.14179E+01
  0.13677E+01  0.13062E+01  0.12870E+01  0.12406E+01  0.12444E+01  0.13388E+01
  0.12078E+01  0.13995E+01  0.15959E+01  0.17446E+01  0.17287E+01  0.19597E+01
  0.25038E+01  0.31074E+01  0.48676E+01  0.76857E+01  0.12213E+02  0.19508E+02
  0.31290E+02  0.50351E+02  0.81235E+02  0.13133E+03  0.21268E+03  0.34483E+03
  0.00000E+00  0.60163E+00  0.12049E+01  0.18113E+01  0.24215E+01  0.30364E+01
  0.36601E+01  0.36813E+01  0.37078E+01  0.37402E+01  0.37770E+01  0.35663E+01
  0.35171E+01  0.33692E+01  0.32336E+01  0.31118E+01  0.29461E+01  0.27871E+01
  0.27687E+01  0.26984E+01  0.26330E+01  0.26622E+01  0.26993E+01  0.28742E+01
  0.32655E+01  0.35177E+01  0.43980E+01  0.56181E+01  0.73097E+01  0.96491E+01
  0.13580E+02  0.19931E+02  0.29660E+02  0.45922E+02  0.71821E+02  0.11325E+03
  0.17978E+03  0.28693E+03  0.45990E+03  0.73967E+03  0.11928E+04  0.19280E+04
  0.31211E+04  0.00000E+00  0.11736E+01  0.23493E+01  0.35297E+01  0.47153E+01
  0.59072E+01  0.71121E+01  0.71426E+01  0.71805E+01  0.72264E+01  0.72769E+01
  0.68811E+01  0.67451E+01  0.64516E+01  0.61773E+01  0.59249E+01  0.55969E+01
  0.52839E+01  0.52086E+01  0.50531E+01  0.49193E+01  0.49522E+01  0.50262E+01
  0.53439E+01  0.60218E+01  0.66048E+01  0.81526E+01  0.10332E+02  0.13423E+02
  0.17832E+02  0.24961E+02  0.36228E+02  0.53512E+02  0.81591E+02  0.12600E+03
  0.19665E+03  0.30956E+03  0.49073E+03  0.78233E+03  0.12528E+04  0.20135E+04
  0.32456E+04  0.52428E+04  0.00000E+00  0.22736E+01  0.45495E+01  0.68324E+01
  0.91224E+01  0.11421E+02  0.13738E+02  0.13781E+02  0.13835E+02  0.13899E+02
  0.13967E+02  0.13230E+02  0.12915E+02  0.12346E+02  0.11805E+02  0.11299E+02
  0.10659E+02  0.10048E+02  0.98395E+01  0.94990E+01  0.92052E+01  0.91943E+01
  0.92708E+01  0.97507E+01  0.10797E+02  0.11782E+02  0.14196E+02  0.17591E+02
  0.22409E+02  0.29308E+02  0.40207E+02  0.57140E+02  0.82934E+02  0.12408E+03
  0.18860E+03  0.29049E+03  0.45238E+03  0.71089E+03  0.11253E+04  0.17920E+04
  0.28670E+04  0.46049E+04  0.74175E+04  0.00000E+00  0.43343E+01  0.86710E+01
  0.13018E+02  0.17374E+02  0.21740E+02  0.26135E+02  0.26196E+02  0.26272E+02
  0.26360E+02  0.26449E+02  0.25100E+02  0.24439E+02  0.23363E+02  0.22333E+02
  0.21353E+02  0.20137E+02  0.18969E+02  0.18485E+02  0.17774E+02  0.17148E+02
  0.16992E+02  0.16990E+02  0.17635E+02  0.19152E+02  0.20619E+02  0.24175E+02
  0.29147E+02  0.36159E+02  0.46144E+02  0.61632E+02  0.85308E+02  0.12098E+03
  0.17699E+03  0.26390E+03  0.39996E+03  0.61455E+03  0.95515E+03  0.14985E+04
  0.23690E+04  0.37684E+04  0.60246E+04  0.96688E+04  0.00000E+00  0.86625E+01
  0.17326E+02  0.26006E+02  0.34698E+02  0.43402E+02  0.52150E+02  0.52239E+02
  0.52348E+02  0.52474E+02  0.52589E+02  0.50065E+02  0.48711E+02  0.46655E+02
  0.44669E+02  0.42766E+02  0.40432E+02  0.38183E+02  0.37143E+02  0.35702E+02
  0.34420E+02  0.33958E+02  0.33778E+02  0.34692E+02  0.37022E+02  0.39336E+02
  0.44878E+02  0.52567E+02  0.63320E+02  0.78504E+02  0.10159E+03  0.13624E+03
  0.18773E+03  0.26713E+03  0.38875E+03  0.57701E+03  0.87113E+03  0.13342E+04
  0.20682E+04  0.32376E+04  0.51092E+04  0.81164E+04  0.12959E+05  0.00000E+00
  0.16603E+02  0.33205E+02  0.49830E+02  0.66471E+02  0.83123E+02  0.99841E+02
  0.99967E+02  0.10012E+03  0.10029E+03  0.10043E+03  0.95846E+02  0.93218E+02
  0.89415E+02  0.85719E+02  0.82149E+02  0.77801E+02  0.73593E+02  0.71469E+02
  0.68631E+02  0.66053E+02  0.64852E+02  0.64107E+02  0.65136E+02  0.68382E+02
  0.71551E+02  0.79589E+02  0.90662E+02  0.10601E+03  0.12745E+03  0.15957E+03
  0.20697E+03  0.27633E+03  0.38148E+03  0.54025E+03  0.78292E+03  0.11578E+04
  0.17426E+04  0.26620E+04  0.41173E+04  0.64339E+04  0.10140E+05  0.16087E+05
  0.00000E+00  0.33229E+02  0.66448E+02  0.99706E+02  0.13298E+03  0.16626E+03
  0.19965E+03  0.19983E+03  0.20005E+03  0.20029E+03  0.20044E+03  0.19191E+03
  0.18678E+03  0.17961E+03  0.17260E+03  0.16579E+03  0.15754E+03  0.14953E+03
  0.14525E+03  0.13965E+03  0.13449E+03  0.13174E+03  0.12976E+03  0.13078E+03
  0.13545E+03  0.13991E+03  0.15210E+03  0.16879E+03  0.19172E+03  0.22344E+03
  0.27024E+03  0.33810E+03  0.43572E+03  0.58093E+03  0.79656E+03  0.11211E+04
  0.16157E+04  0.23779E+04  0.35640E+04  0.54253E+04  0.83667E+04  0.13044E+05
  0.20515E+05  0.00000E+00  0.59458E+02  0.11889E+03  0.17838E+03  0.23790E+03
  0.29740E+03  0.35706E+03  0.35731E+03  0.35761E+03  0.35791E+03  0.35807E+03
  0.34384E+03  0.33502E+03  0.32294E+03  0.31111E+03  0.29957E+03  0.28564E+03
  0.27208E+03  0.26456E+03  0.25486E+03  0.24585E+03  0.24069E+03  0.23671E+03
  0.23743E+03  0.24374E+03  0.24958E+03  0.26698E+03  0.29072E+03  0.32316E+03
  0.36767E+03  0.43262E+03  0.52551E+03  0.65724E+03  0.85011E+03  0.11323E+04
  0.15511E+04  0.21811E+04  0.31409E+04  0.46195E+04  0.69195E+04  0.10528E+05
  0.16231E+05  0.25293E+05  0.00000E+00  0.10613E+03  0.21220E+03  0.31836E+03
  0.42455E+03  0.53069E+03  0.63707E+03  0.63741E+03  0.63780E+03  0.63819E+03
  0.63829E+03  0.61450E+03  0.59938E+03  0.57903E+03  0.55903E+03  0.53946E+03
  0.51588E+03  0.49284E+03  0.47967E+03  0.46283E+03  0.44704E+03  0.43739E+03
  0.42951E+03  0.42899E+03  0.43703E+03  0.44397E+03  0.46831E+03  0.50148E+03
  0.54663E+03  0.60818E+03  0.69731E+03  0.82323E+03  0.99931E+03  0.12532E+04
  0.16190E+04  0.21539E+04  0.29472E+04  0.41401E+04  0.59564E+04  0.87531E+04
  0.13102E+05  0.19924E+05  0.30698E+05  0.00000E+00  0.19163E+03  0.38314E+03
  0.57480E+03  0.76647E+03  0.95803E+03  0.11500E+04  0.11504E+04  0.11509E+04
  0.11514E+04  0.11514E+04  0.11109E+04  0.10847E+04  0.10499E+04  0.10156E+04
  0.98186E+03  0.94133E+03  0.90160E+03  0.87825E+03  0.84857E+03  0.82047E+03
  0.80230E+03  0.78677E+03  0.78291E+03  0.79235E+03  0.79928E+03  0.83292E+03
  0.87884E+03  0.94124E+03  0.10259E+04  0.11481E+04  0.13190E+04  0.15546E+04
  0.18896E+04  0.23645E+04  0.30479E+04  0.40460E+04  0.55250E+04  0.77467E+04
  0.11126E+05  0.16326E+05  0.24409E+05  0.37074E+05  0.00000E+00  0.33957E+03
  0.67892E+03  0.10185E+04  0.13581E+04  0.16974E+04  0.20373E+04  0.20379E+04
  0.20385E+04  0.20390E+04  0.20386E+04  0.19695E+04  0.19237E+04  0.18637E+04
  0.18045E+04  0.17461E+04  0.16759E+04  0.16069E+04  0.15651E+04  0.15124E+04
  0.14618E+04  0.14274E+04  0.13966E+04  0.13843E+04  0.13926E+04  0.13951E+04
  0.14388E+04  0.14988E+04  0.15807E+04  0.16917E+04  0.18524E+04  0.20757E+04
  0.23799E+04  0.28070E+04  0.34032E+04  0.42475E+04  0.54608E+04  0.72306E+04
  0.98498E+04  0.13780E+05  0.19751E+05  0.28933E+05  0.43185E+05  0.00000E+00
  0.62368E+03  0.12470E+04  0.18706E+04  0.24942E+04  0.31172E+04  0.37412E+04
  0.37420E+04  0.37429E+04  0.37434E+04  0.37422E+04  0.36233E+04  0.35434E+04
  0.34398E+04  0.33372E+04  0.32358E+04  0.31140E+04  0.29940E+04  0.29201E+04
  0.28271E+04  0.27373E+04  0.26743E+04  0.26167E+04  0.25892E+04  0.25949E+04
  0.25891E+04  0.26489E+04  0.27320E+04  0.28459E+04  0.30005E+04  0.32254E+04
  0.35360E+04  0.39545E+04  0.45353E+04  0.53344E+04  0.64483E+04  0.80234E+04
  0.10284E+05  0.13575E+05  0.18440E+05  0.25727E+05  0.36791E+05  0.53774E+05
  0.00000E+00  0.11571E+04  0.23135E+04  0.34705E+04  0.46273E+04  0.57831E+04
  0.69404E+04  0.69414E+04  0.69425E+04  0.69429E+04  0.69401E+04  0.67337E+04
  0.65933E+04  0.64126E+04  0.62333E+04  0.60559E+04  0.58428E+04  0.56323E+04
  0.55010E+04  0.53358E+04  0.51756E+04  0.50603E+04  0.49530E+04  0.48956E+04
  0.48921E+04  0.48666E+04  0.49473E+04  0.50616E+04  0.52196E+04  0.54349E+04
  0.57515E+04  0.61874E+04  0.67693E+04  0.75693E+04  0.86552E+04  0.10147E+05
  0.12223E+05  0.15153E+05  0.19350E+05  0.25450E+05  0.34449E+05  0.47912E+05
  0.68309E+05  0.00000E+00  0.21749E+04  0.43483E+04  0.65228E+04  0.86968E+04
  0.10869E+05  0.13044E+05  0.13045E+05  0.13046E+05  0.13046E+05  0.13040E+05
  0.12677E+05  0.12428E+05  0.12109E+05  0.11792E+05  0.11478E+05  0.11101E+05
  0.10728E+05  0.10492E+05  0.10196E+05  0.99077E+04  0.96956E+04  0.94957E+04
  0.93794E+04  0.93529E+04  0.92837E+04  0.93906E+04  0.95459E+04  0.97640E+04
  0.10064E+05  0.10512E+05  0.11130E+05  0.11948E+05  0.13065E+05  0.14563E+05
  0.16594E+05  0.19377E+05  0.23243E+05  0.28688E+05  0.36469E+05  0.47755E+05
  0.64370E+05  0.89166E+05  0.00000E+00  0.41604E+04  0.83179E+04  0.12477E+05
  0.16636E+05  0.20791E+05  0.24950E+05  0.24952E+05  0.24953E+05  0.24952E+05
  0.24940E+05  0.24291E+05  0.23841E+05  0.23269E+05  0.22700E+05  0.22134E+05
  0.21456E+05  0.20784E+05  0.20354E+05  0.19816E+05  0.19289E+05  0.18895E+05
  0.18519E+05  0.18287E+05  0.18207E+05  0.18045E+05  0.18182E+05  0.18389E+05
  0.18687E+05  0.19103E+05  0.19743E+05  0.20628E+05  0.21793E+05  0.23376E+05
  0.25478E+05  0.28291E+05  0.32096E+05  0.37301E+05  0.44513E+05  0.54642E+05
  0.69077E+05  0.89961E+05  0.12061E+06  0.00000E+00  0.81612E+04  0.16317E+05
  0.24476E+05  0.32633E+05  0.40783E+05  0.48941E+05  0.48943E+05  0.48944E+05
  0.48940E+05  0.48916E+05  0.47725E+05  0.46896E+05  0.45843E+05  0.44796E+05
  0.43754E+05  0.42504E+05  0.41262E+05  0.40463E+05  0.39462E+05  0.38477E+05
  0.37731E+05  0.37012E+05  0.36548E+05  0.36349E+05  0.35989E+05  0.36152E+05
  0.36420E+05  0.36821E+05  0.37395E+05  0.38315E+05  0.39599E+05  0.41283E+05
  0.43568E+05  0.46574E+05  0.50555E+05  0.55874E+05  0.63050E+05  0.72838E+05
  0.86355E+05  0.10528E+06  0.13216E+06  0.17089E+06  0.00000E+00  0.16645E+05
  0.33278E+05  0.49919E+05  0.66556E+05  0.83177E+05  0.99814E+05  0.99816E+05
  0.99816E+05  0.99805E+05  0.99756E+05  0.97486E+05  0.95896E+05  0.93886E+05
  0.91882E+05  0.89888E+05  0.87495E+05  0.85115E+05  0.83571E+05  0.81638E+05
  0.79731E+05  0.78269E+05  0.76848E+05  0.75896E+05  0.75429E+05  0.74636E+05
  0.74800E+05  0.75121E+05  0.75643E+05  0.76424E+05  0.77762E+05  0.79659E+05
  0.82142E+05  0.85518E+05  0.89926E+05  0.95712E+05  0.10336E+06  0.11355E+06
  0.12725E+06  0.14586E+06  0.17147E+06  0.20716E+06  0.25761E+06  0.00000E+00
  0.28319E+05  0.56618E+05  0.84931E+05  0.11324E+06  0.14152E+06  0.16982E+06
  0.16982E+06  0.16982E+06  0.16980E+06  0.16972E+06  0.16611E+06  0.16358E+06
  0.16038E+06  0.15719E+06  0.15402E+06  0.15021E+06  0.14642E+06  0.14395E+06
  0.14086E+06  0.13780E+06  0.13545E+06  0.13315E+06  0.13158E+06  0.13077E+06
  0.12943E+06  0.12957E+06  0.12993E+06  0.13057E+06  0.13156E+06  0.13336E+06
  0.13594E+06  0.13932E+06  0.14393E+06  0.14991E+06  0.15773E+06  0.16800E+06
  0.18158E+06  0.19967E+06  0.22401E+06  0.25711E+06  0.30268E+06  0.36623E+06
  0.00000E+00  0.48181E+05  0.96328E+05  0.14450E+06  0.19266E+06  0.24077E+06
  0.28893E+06  0.28893E+06  0.28892E+06  0.28889E+06  0.28876E+06  0.28303E+06
  0.27899E+06  0.27391E+06  0.26883E+06  0.26378E+06  0.25771E+06  0.25168E+06
  0.24773E+06  0.24279E+06  0.23791E+06  0.23412E+06  0.23041E+06  0.22785E+06
  0.22646E+06  0.22421E+06  0.22427E+06  0.22463E+06  0.22538E+06  0.22661E+06
  0.22902E+06  0.23253E+06  0.23713E+06  0.24341E+06  0.25156E+06  0.26215E+06
  0.27599E+06  0.29416E+06  0.31821E+06  0.35026E+06  0.39341E+06  0.45213E+06
  0.53299E+06  0.00000E+00  0.00000E+00  0.00000E+00  0.00000E+00  0.00000E+00
  0.00000E+00  0.00000E+00  0.00000E+00  0.00000E+00  0.00000E+00  0.00000E+00
  0.00000E+00  0.00000E+00  0.00000E+00  0.00000E+00  0.00000E+00  0.00000E+00
  0.00000E+00  0.00000E+00  0.00000E+00  0.00000E+00  0.00000E+00  0.00000E+00
  0.00000E+00  0.00000E+00  0.00000E+00  0.00000E+00  0.00000E+00  0.00000E+00
  0.00000E+00  0.00000E+00  0.00000E+00  0.00000E+00  0.00000E+00  0.00000E+00
  0.00000E+00  0.00000E+00  0.00000E+00  0.00000E+00  0.00000E+00  0.00000E+00
  0.00000E+00  0.00000E+00  0.00000E+00  0.00000E+00  0.00000E+00  0.00000E+00
  0.00000E+00  0.00000E+00  0.00000E+00  0.00000E+00  0.00000E+00  0.00000E+00
  0.00000E+00  0.00000E+00  0.00000E+00  0.67889E-04  0.19536E-03  0.55787E-03
  0.14484E-02  0.35724E-02  0.79160E-02  0.16833E-01  0.37460E-01  0.73110E-01
  0.16542E+00  0.32491E+00  0.59957E+00  0.10764E+01  0.19077E+01  0.33813E+01
  0.59194E+01  0.10492E+02  0.18370E+02  0.32164E+02  0.56324E+02  0.98638E+02
  0.17272E+03  0.30248E+03  0.52969E+03  0.92762E+03  0.16245E+04  0.28447E+04
  0.49822E+04  0.87252E+04  0.15280E+05  0.00000E+00  0.00000E+00  0.00000E+00
  0.00000E+00  0.00000E+00  0.00000E+00  0.00000E+00  0.00000E+00  0.00000E+00
  0.00000E+00  0.00000E+00  0.00000E+00  0.00000E+00  0.13779E-03  0.39525E-03
  0.11262E-02  0.29179E-02  0.71842E-02  0.15895E-01  0.33776E-01  0.75072E-01
  0.14643E+00  0.33136E+00  0.65060E+00  0.12003E+01  0.21543E+01  0.38175E+01
  0.67656E+01  0.11843E+02  0.20989E+02  0.36749E+02  0.64341E+02  0.11267E+03
  0.19730E+03  0.34548E+03  0.60502E+03  0.10595E+04  0.18554E+04  0.32492E+04
  0.56897E+04  0.99651E+04  0.17452E+05  0.30562E+05  0.00000E+00  0.00000E+00
  0.00000E+00  0.00000E+00  0.00000E+00  0.00000E+00  0.00000E+00  0.00000E+00
  0.00000E+00  0.00000E+00  0.00000E+00  0.00000E+00  0.00000E+00  0.21028E-03
  0.60141E-03  0.17089E-02  0.44162E-02  0.10851E-01  0.23968E-01  0.50852E-01
  0.11298E+00  0.22020E+00  0.49767E+00  0.97673E+00  0.18013E+01  0.32322E+01
  0.57266E+01  0.10147E+02  0.17760E+02  0.31474E+02  0.55103E+02  0.96470E+02
  0.16892E+03  0.29581E+03  0.51796E+03  0.90705E+03  0.15884E+04  0.27816E+04
  0.48711E+04  0.85299E+04  0.14939E+05  0.26162E+05  0.45817E+05  0.00000E+00
  0.00000E+00  0.00000E+00  0.00000E+00  0.00000E+00  0.00000E+00  0.00000E+00
  0.00000E+00  0.00000E+00  0.00000E+00  0.00000E+00  0.00000E+00  0.00000E+00
  0.28602E-03  0.81541E-03  0.23088E-02  0.59492E-02  0.14582E-01  0.32144E-01
  0.68108E-01  0.15112E+00  0.29428E+00  0.66467E+00  0.13038E+01  0.24035E+01
  0.43113E+01  0.76366E+01  0.13529E+02  0.23676E+02  0.41953E+02  0.73443E+02
  0.12857E+03  0.22512E+03  0.39420E+03  0.69023E+03  0.12087E+04  0.21166E+04
  0.37065E+04  0.64908E+04  0.11366E+05  0.19907E+05  0.34861E+05  0.61051E+05
  0.00000E+00  0.00000E+00  0.00000E+00  0.00000E+00  0.00000E+00  0.00000E+00
  0.00000E+00  0.00000E+00  0.00000E+00  0.00000E+00  0.00000E+00  0.00000E+00
  0.00000E+00  0.36527E-03  0.10386E-02  0.29324E-02  0.75312E-02  0.18407E-01
  0.40476E-01  0.85586E-01  0.18963E+00  0.36886E+00  0.83246E+00  0.16319E+01
  0.30067E+01  0.53912E+01  0.95464E+01  0.16909E+02  0.29585E+02  0.52416E+02
  0.91749E+02  0.16060E+03  0.28119E+03  0.49237E+03  0.86208E+03  0.15096E+04
  0.26434E+04  0.46291E+04  0.81062E+04  0.14195E+05  0.24861E+05  0.43537E+05
  0.76244E+05  0.00000E+00  0.00000E+00  0.00000E+00  0.00000E+00  0.00000E+00
  0.00000E+00  0.00000E+00  0.00000E+00  0.00000E+00  0.00000E+00  0.00000E+00
  0.00000E+00  0.00000E+00  0.44780E-03  0.12715E-02  0.35817E-02  0.91674E-02
  0.22334E-01  0.48971E-01  0.10333E+00  0.22856E+00  0.44401E+00  0.10014E+01
  0.19615E+01  0.36117E+01  0.64726E+01  0.11457E+02  0.20286E+02  0.35486E+02
  0.62861E+02  0.11002E+03  0.19256E+03  0.33712E+03  0.59027E+03  0.10334E+04
  0.18096E+04  0.31687E+04  0.55488E+04  0.97167E+04  0.17015E+05  0.29799E+05
  0.52185E+05  0.91388E+05  0.00000E+00  0.00000E+00  0.00000E+00  0.00000E+00
  0.00000E+00  0.00000E+00  0.00000E+00  0.00000E+00  0.00000E+00  0.00000E+00
  0.00000E+00  0.00000E+00  0.00000E+00  0.53096E-03  0.15125E-02  0.42590E-02
  0.10868E-01  0.26388E-01  0.57669E-01  0.12132E+00  0.26798E+00  0.51980E+00
  0.11707E+01  0.22912E+01  0.42155E+01  0.75499E+01  0.13357E+02  0.23642E+02
  0.41344E+02  0.73223E+02  0.12813E+03  0.22424E+03  0.39253E+03  0.68724E+03
  0.12031E+04  0.21067E+04  0.36888E+04  0.64594E+04  0.11311E+05  0.19806E+05
  0.34688E+05  0.60746E+05  0.10638E+06  0.00000E+00  0.00000E+00  0.00000E+00
  0.00000E+00  0.00000E+00  0.00000E+00  0.00000E+00  0.00000E+00  0.00000E+00
  0.00000E+00  0.00000E+00  0.00000E+00  0.00000E+00  0.60925E-03  0.17550E-02
  0.49583E-02  0.12626E-01  0.30562E-01  0.66562E-01  0.13960E+00  0.30773E+00
  0.59588E+00  0.13405E+01  0.26207E+01  0.48171E+01  0.86207E+01  0.15242E+02
  0.26966E+02  0.47139E+02  0.83466E+02  0.14602E+03  0.25551E+03  0.44721E+03
  0.78291E+03  0.13705E+04  0.23997E+04  0.42016E+04  0.73571E+04  0.12883E+05
  0.22558E+05  0.39507E+05  0.69184E+05  0.12116E+06  0.00000E+00  0.00000E+00
  0.00000E+00  0.00000E+00  0.00000E+00  0.00000E+00  0.00000E+00  0.00000E+00
  0.00000E+00  0.00000E+00  0.00000E+00  0.00000E+00  0.00000E+00  0.66747E-03
  0.19798E-02  0.56612E-02  0.14427E-01  0.34840E-01  0.75582E-01  0.15802E+00
  0.34764E+00  0.67191E+00  0.15099E+01  0.29484E+01  0.54134E+01  0.96784E+01
  0.17099E+02  0.30234E+02  0.52826E+02  0.93508E+02  0.16355E+03  0.28611E+03
  0.50070E+03  0.87643E+03  0.15341E+04  0.26859E+04  0.47025E+04  0.82339E+04
  0.14418E+05  0.25245E+05  0.44212E+05  0.77423E+05  0.13558E+06  0.00000E+00
  0.00000E+00  0.00000E+00  0.00000E+00  0.00000E+00  0.00000E+00  0.00000E+00
  0.00000E+00  0.00000E+00  0.00000E+00  0.00000E+00  0.00000E+00  0.00000E+00
  0.66841E-03  0.21366E-02  0.62988E-02  0.16170E-01  0.39070E-01  0.84513E-01
  0.17615E+00  0.38694E+00  0.74653E+00  0.16757E+01  0.32686E+01  0.59933E+01
  0.10703E+02  0.18891E+02  0.33380E+02  0.58288E+02  0.10314E+03  0.18033E+03
  0.31539E+03  0.55182E+03  0.96578E+03  0.16903E+04  0.29591E+04  0.51805E+04
  0.90705E+04  0.15882E+05  0.27808E+05  0.48699E+05  0.85280E+05  0.14934E+06
  0.00000E+00  0.00000E+00  0.00000E+00  0.00000E+00  0.00000E+00  0.00000E+00
  0.00000E+00  0.00000E+00  0.00000E+00  0.00000E+00  0.00000E+00  0.00000E+00
  0.00000E+00  0.53562E-03  0.21247E-02  0.67482E-02  0.17696E-01  0.43028E-01
  0.92940E-01  0.19331E+00  0.42449E+00  0.81771E+00  0.18344E+01  0.35742E+01
  0.65438E+01  0.11670E+02  0.20574E+02  0.36323E+02  0.63376E+02  0.11210E+03
  0.19590E+03  0.34251E+03  0.59912E+03  0.10484E+04  0.18346E+04  0.32113E+04
  0.56215E+04  0.98421E+04  0.17232E+05  0.30171E+05  0.52836E+05  0.92522E+05
  0.16202E+06  0.00000E+00  0.00000E+00  0.00000E+00  0.00000E+00  0.00000E+00
  0.00000E+00  0.00000E+00  0.00000E+00  0.00000E+00  0.00000E+00  0.00000E+00
  0.00000E+00  0.00000E+00  0.67553E-04  0.16697E-02  0.66391E-02  0.18480E-01
  0.45912E-01  0.99611E-01  0.20734E+00  0.45654E+00  0.87967E+00  0.19746E+01
  0.38458E+01  0.70304E+01  0.12517E+02  0.22037E+02  0.38868E+02  0.67749E+02
  0.11978E+03  0.20921E+03  0.36561E+03  0.63932E+03  0.11184E+04  0.19568E+04
  0.34248E+04  0.59946E+04  0.10494E+05  0.18373E+05  0.32168E+05  0.56330E+05
  0.98638E+05  0.17273E+06  0.00000E+00  0.00000E+00  0.00000E+00  0.00000E+00
  0.00000E+00  0.00000E+00  0.00000E+00  0.00000E+00  0.00000E+00  0.00000E+00
  0.00000E+00  0.00000E+00  0.00000E+00  0.10902E-02  0.32683E-03  0.54303E-02
  0.17827E-01  0.46802E-01  0.10311E+00  0.21608E+00  0.47971E+00  0.92673E+00
  0.20867E+01  0.40663E+01  0.74221E+01  0.13190E+02  0.23181E+02  0.40835E+02
  0.71087E+02  0.12562E+03  0.21924E+03  0.38293E+03  0.66932E+03  0.11705E+04
  0.20475E+04  0.35828E+04  0.62703E+04  0.10976E+05  0.19214E+05  0.33638E+05
  0.58903E+05  0.10314E+06  0.18061E+06  0.00000E+00  0.00000E+00  0.00000E+00
  0.00000E+00  0.00000E+00  0.00000E+00  0.00000E+00  0.00000E+00  0.00000E+00
  0.00000E+00  0.00000E+00  0.00000E+00  0.00000E+00  0.34585E-02  0.25090E-02
  0.24516E-02  0.14995E-01  0.44835E-01  0.10244E+00  0.21821E+00  0.49240E+00
  0.95703E+00  0.21673E+01  0.42303E+01  0.77093E+01  0.13670E+02  0.23973E+02
  0.42169E+02  0.73287E+02  0.12943E+03  0.22568E+03  0.39388E+03  0.68809E+03
  0.12028E+04  0.21034E+04  0.36797E+04  0.64388E+04  0.11269E+05  0.19726E+05
  0.34531E+05  0.60463E+05  0.10587E+06  0.18537E+06  0.00000E+00  0.00000E+00
  0.00000E+00  0.00000E+00  0.00000E+00  0.00000E+00  0.00000E+00  0.00000E+00
  0.00000E+00  0.00000E+00  0.00000E+00  0.00000E+00  0.00000E+00  0.00000E+00
  0.89607E-02  0.47298E-02  0.69492E-02  0.35553E-01  0.89742E-01  0.19848E+00
  0.45957E+00  0.92366E+00  0.20420E+01  0.40032E+01  0.72847E+01  0.12881E+02
  0.22524E+02  0.39541E+02  0.68559E+02  0.12099E+03  0.21068E+03  0.36733E+03
  0.64120E+03  0.11202E+04  0.19580E+04  0.34242E+04  0.59901E+04  0.10482E+05
  0.18345E+05  0.32111E+05  0.56220E+05  0.98431E+05  0.17235E+06  0.00000E+00
  0.49438E-03  0.10016E-02  0.15323E-02  0.20972E-02  0.27116E-02  0.33442E-02
  0.40779E-02  0.48266E-02  0.59134E-02  0.00000E+00  0.00000E+00  0.00000E+00
  0.00000E+00  0.00000E+00  0.16348E-01  0.57695E-02  0.21331E-01  0.71471E-01
  0.17257E+00  0.42217E+00  0.87577E+00  0.19242E+01  0.37906E+01  0.68818E+01
  0.12121E+02  0.21114E+02  0.36967E+02  0.63900E+02  0.11265E+03  0.19581E+03
  0.34094E+03  0.59452E+03  0.10378E+04  0.18130E+04  0.31692E+04  0.55421E+04
  0.96955E+04  0.16966E+05  0.29691E+05  0.51979E+05  0.90998E+05  0.15932E+06
  0.00000E+00  0.17655E-02  0.35647E-02  0.54287E-02  0.73840E-02  0.94717E-02
  0.11598E-01  0.13995E-01  0.16424E-01  0.19757E-01  0.23021E-01  0.25401E-01
  0.65040E-02  0.00000E+00  0.00000E+00  0.00000E+00  0.25925E-01  0.00000E+00
  0.46497E-01  0.14014E+00  0.38068E+00  0.82253E+00  0.18194E+01  0.36027E+01
  0.65154E+01  0.11411E+02  0.19771E+02  0.34482E+02  0.59358E+02  0.10446E+03
  0.18114E+03  0.31481E+03  0.54819E+03  0.95595E+03  0.16685E+04  0.29150E+04
  0.50952E+04  0.89105E+04  0.15588E+05  0.27275E+05  0.47741E+05  0.83569E+05
  0.14630E+06  0.00000E+00  0.44440E-02  0.89560E-02  0.13586E-01  0.18389E-01
  0.23445E-01  0.28584E-01  0.34232E-01  0.39961E-01  0.47392E-01  0.53717E-01
  0.59279E-01  0.65842E-01  0.74110E-01  0.73359E-01  0.00000E+00  0.00000E+00
  0.53034E-01  0.18851E-01  0.54956E-01  0.26866E+00  0.66334E+00  0.15675E+01
  0.31842E+01  0.57696E+01  0.10063E+02  0.17340E+02  0.30131E+02  0.51594E+02
  0.90708E+02  0.15680E+03  0.27186E+03  0.47255E+03  0.82291E+03  0.14348E+04
  0.25047E+04  0.43754E+04  0.76483E+04  0.13375E+05  0.23397E+05  0.40945E+05
  0.71663E+05  0.12544E+06  0.00000E+00  0.10154E-01  0.20421E-01  0.30892E-01
  0.41669E-01  0.52860E-01  0.64133E-01  0.76270E-01  0.88447E-01  0.10356E+00
  0.11373E+00  0.12227E+00  0.13265E+00  0.14645E+00  0.15635E+00  0.15894E+00
  0.15596E+00  0.00000E+00  0.10758E+00  0.50578E-01  0.14687E+00  0.50859E+00
  0.13531E+01  0.28477E+01  0.51676E+01  0.89557E+01  0.15310E+02  0.26455E+02
  0.44970E+02  0.78903E+02  0.13580E+03  0.23468E+03  0.40688E+03  0.70718E+03
  0.12312E+04  0.21469E+04  0.37472E+04  0.65460E+04  0.11442E+05  0.20008E+05
  0.35004E+05  0.61252E+05  0.10720E+06  0.00000E+00  0.21998E-01  0.44178E-01
  0.66712E-01  0.89703E-01  0.11338E+00  0.13709E+00  0.16222E+00  0.18721E+00
  0.21708E+00  0.23298E+00  0.24596E+00  0.26167E+00  0.28269E+00  0.29753E+00
  0.30288E+00  0.30221E+00  0.28744E+00  0.00000E+00  0.23370E+00  0.59656E-01
  0.25660E+00  0.10299E+01  0.23752E+01  0.43720E+01  0.75523E+01  0.12810E+02
  0.22020E+02  0.37089E+02  0.65006E+02  0.11127E+03  0.19146E+03  0.33088E+03
  0.57366E+03  0.99689E+03  0.17357E+04  0.30263E+04  0.52823E+04  0.92272E+04
  0.16128E+05  0.28206E+05  0.49342E+05  0.86340E+05  0.00000E+00  0.45751E-01
  0.91788E-01  0.13838E+00  0.18568E+00  0.23404E+00  0.28226E+00  0.33267E+00
  0.38243E+00  0.44015E+00  0.46399E+00  0.48303E+00  0.50621E+00  0.53683E+00
  0.55661E+00  0.56332E+00  0.56390E+00  0.54956E+00  0.54970E+00  0.00000E+00
  0.37724E+00  0.10362E+00  0.60535E+00  0.18058E+01  0.34697E+01  0.60201E+01
  0.10146E+02  0.17376E+02  0.28932E+02  0.50758E+02  0.86265E+02  0.14763E+03
  0.25406E+03  0.43906E+03  0.76110E+03  0.13227E+04  0.23029E+04  0.40153E+04
  0.70082E+04  0.12241E+05  0.21399E+05  0.37422E+05  0.65464E+05  0.00000E+00
  0.95093E-01  0.19071E+00  0.28704E+00  0.38460E+00  0.48370E+00  0.58220E+00
  0.68391E+00  0.78377E+00  0.89665E+00  0.93031E+00  0.95473E+00  0.98767E+00
  0.10305E+01  0.10553E+01  0.10584E+01  0.10520E+01  0.10305E+01  0.10423E+01
  0.10688E+01  0.00000E+00  0.65976E+00  0.00000E+00  0.10680E+01  0.23863E+01
  0.42740E+01  0.72163E+01  0.12399E+02  0.20335E+02  0.35956E+02  0.60533E+02
  0.10284E+03  0.17596E+03  0.30277E+03  0.52308E+03  0.90674E+03  0.15756E+04
  0.27431E+04  0.47823E+04  0.83464E+04  0.14581E+05  0.25485E+05  0.44567E+05
  0.00000E+00  0.20320E+00  0.40708E+00  0.61218E+00  0.81907E+00  0.10287E+01
  0.12359E+01  0.14483E+01  0.16555E+01  0.18850E+01  0.19167E+01  0.19386E+01
  0.19755E+01  0.20329E+01  0.20546E+01  0.20372E+01  0.20078E+01  0.19590E+01
  0.19692E+01  0.19994E+01  0.18296E+01  0.16203E+01  0.95789E+00  0.00000E+00
  0.95048E+00  0.21174E+01  0.37829E+01  0.67983E+01  0.10931E+02  0.20138E+02
  0.33473E+02  0.56297E+02  0.95578E+02  0.16346E+03  0.28109E+03  0.48551E+03
  0.84135E+03  0.14617E+04  0.25444E+04  0.44352E+04  0.77411E+04  0.13521E+05
  0.23632E+05  0.00000E+00  0.40016E+00  0.80131E+00  0.12042E+01  0.16097E+01
  0.20193E+01  0.24235E+01  0.28351E+01  0.32352E+01  0.36714E+01  0.37165E+01
  0.37412E+01  0.37880E+01  0.38645E+01  0.38747E+01  0.38149E+01  0.37344E+01
  0.36258E+01  0.36186E+01  0.36564E+01  0.34353E+01  0.32329E+01  0.25424E+01
  0.16891E+01  0.11666E+01  0.83631E+00  0.62051E+00  0.00000E+00  0.00000E+00
  0.23976E+01  0.39248E+01  0.65210E+01  0.10965E+02  0.18613E+02  0.31823E+02
  0.54721E+02  0.94502E+02  0.16376E+03  0.28448E+03  0.49514E+03  0.86321E+03
  0.15064E+04  0.26312E+04  0.00000E+00  0.78102E+00  0.15634E+01  0.23483E+01
  0.31369E+01  0.39313E+01  0.47139E+01  0.55068E+01  0.62747E+01  0.71015E+01
  0.71633E+01  0.71823E+01  0.72330E+01  0.73259E+01  0.72907E+01  0.71233E+01
  0.69121E+01  0.66492E+01  0.65522E+01  0.65282E+01  0.61237E+01  0.58080E+01
  0.49018E+01  0.39757E+01  0.37633E+01  0.41478E+01  0.51908E+01  0.65878E+01
  0.10060E+02  0.13152E+02  0.21105E+02  0.34507E+02  0.57284E+02  0.96259E+02
  0.16328E+03  0.27906E+03  0.47968E+03  0.82821E+03  0.14348E+04  0.24921E+04
  0.43376E+04  0.75607E+04  0.13194E+05  0.00000E+00  0.15136E+01  0.30291E+01
  0.45480E+01  0.60721E+01  0.76046E+01  0.91126E+01  0.10635E+02  0.12105E+02
  0.13673E+02  0.13756E+02  0.13753E+02  0.13795E+02  0.13897E+02  0.13756E+02
  0.13367E+02  0.12888E+02  0.12311E+02  0.12007E+02  0.11816E+02  0.11034E+02
  0.10455E+02  0.91139E+01  0.79732E+01  0.81101E+01  0.93803E+01  0.11971E+02
  0.15769E+02  0.23299E+02  0.32555E+02  0.50991E+02  0.81714E+02  0.13347E+03
  0.22138E+03  0.37171E+03  0.63024E+03  0.10766E+04  0.18501E+04  0.31934E+04
  0.55310E+04  0.96067E+04  0.16718E+05  0.29138E+05  0.00000E+00  0.28863E+01
  0.57752E+01  0.86687E+01  0.11569E+02  0.14482E+02  0.17346E+02  0.20229E+02
  0.23012E+02  0.25955E+02  0.26062E+02  0.26004E+02  0.26010E+02  0.26101E+02
  0.25739E+02  0.24920E+02  0.23925E+02  0.22746E+02  0.22013E+02  0.21454E+02
  0.19945E+02  0.18824E+02  0.16663E+02  0.15055E+02  0.15579E+02  0.17978E+02
  0.22540E+02  0.29302E+02  0.41748E+02  0.58175E+02  0.88572E+02  0.13857E+03
  0.22189E+03  0.36219E+03  0.60035E+03  0.10076E+04  0.17077E+04  0.29166E+04
  0.50106E+04  0.86470E+04  0.14977E+05  0.26009E+05  0.45258E+05  0.00000E+00
  0.57697E+01  0.11543E+02  0.17323E+02  0.23112E+02  0.28920E+02  0.34632E+02
  0.40370E+02  0.45910E+02  0.51728E+02  0.51866E+02  0.51684E+02  0.51597E+02
  0.51634E+02  0.50816E+02  0.49141E+02  0.47120E+02  0.44752E+02  0.43152E+02
  0.41836E+02  0.38926E+02  0.36770E+02  0.33128E+02  0.30728E+02  0.32001E+02
  0.36450E+02  0.44493E+02  0.56386E+02  0.77104E+02  0.10536E+03  0.15499E+03
  0.23533E+03  0.36738E+03  0.58716E+03  0.95678E+03  0.15841E+04  0.26559E+04
  0.44978E+04  0.76768E+04  0.13182E+05  0.22743E+05  0.39379E+05  0.68369E+05
  0.00000E+00  0.11060E+02  0.22126E+02  0.33199E+02  0.44285E+02  0.55399E+02
  0.66331E+02  0.77296E+02  0.87889E+02  0.98954E+02  0.99117E+02  0.98683E+02
  0.98384E+02  0.98265E+02  0.96577E+02  0.93322E+02  0.89412E+02  0.84851E+02
  0.81580E+02  0.78744E+02  0.73199E+02  0.68987E+02  0.62528E+02  0.58397E+02
  0.60301E+02  0.67205E+02  0.79527E+02  0.97578E+02  0.12811E+03  0.16976E+03
  0.24071E+03  0.35358E+03  0.53623E+03  0.83624E+03  0.13352E+04  0.21743E+04
  0.35974E+04  0.60289E+04  0.10206E+05  0.17414E+05  0.29898E+05  0.51573E+05
  0.89284E+05  0.00000E+00  0.22139E+02  0.44284E+02  0.66439E+02  0.88612E+02
  0.11083E+03  0.13269E+03  0.15460E+03  0.17580E+03  0.19783E+03  0.19800E+03
  0.19705E+03  0.19629E+03  0.19580E+03  0.19237E+03  0.18601E+03  0.17839E+03
  0.16954E+03  0.16293E+03  0.15703E+03  0.14634E+03  0.13808E+03  0.12624E+03
  0.11878E+03  0.12164E+03  0.13271E+03  0.15228E+03  0.18066E+03  0.22740E+03
  0.29075E+03  0.39556E+03  0.55898E+03  0.81864E+03  0.12382E+04  0.19263E+04
  0.30698E+04  0.49906E+04  0.82467E+04  0.13806E+05  0.23352E+05  0.39823E+05
  0.68336E+05  0.11783E+06  0.00000E+00  0.39616E+02  0.79241E+02  0.11888E+03
  0.15854E+03  0.19826E+03  0.23738E+03  0.27656E+03  0.31453E+03  0.35383E+03
  0.35399E+03  0.35224E+03  0.35077E+03  0.34966E+03  0.34363E+03  0.33271E+03
  0.31964E+03  0.30446E+03  0.29289E+03  0.28236E+03  0.26411E+03  0.24983E+03
  0.23013E+03  0.21774E+03  0.22159E+03  0.23792E+03  0.26675E+03  0.30819E+03
  0.37523E+03  0.46530E+03  0.61112E+03  0.83456E+03  0.11837E+04  0.17394E+04
  0.26385E+04  0.41155E+04  0.65723E+04  0.10704E+05  0.17712E+05  0.29685E+05
  0.50261E+05  0.85767E+05  0.14725E+06  0.00000E+00  0.70715E+02  0.14144E+03
  0.21218E+03  0.28294E+03  0.35380E+03  0.42365E+03  0.49354E+03  0.56140E+03
  0.63141E+03  0.63148E+03  0.62833E+03  0.62556E+03  0.62330E+03  0.61278E+03
  0.59403E+03  0.57162E+03  0.54562E+03  0.52540E+03  0.50670E+03  0.47535E+03
  0.45043E+03  0.41702E+03  0.39560E+03  0.39974E+03  0.42285E+03  0.46416E+03
  0.52311E+03  0.61743E+03  0.74247E+03  0.94142E+03  0.12409E+04  0.17008E+04
  0.24208E+04  0.35681E+04  0.54277E+04  0.84857E+04  0.13579E+05  0.22151E+05
  0.36701E+05  0.61582E+05  0.10435E+06  0.17817E+06  0.00000E+00  0.12769E+03
  0.25539E+03  0.38311E+03  0.51085E+03  0.63874E+03  0.76488E+03  0.89106E+03
  0.10137E+04  0.11399E+04  0.11398E+04  0.11341E+04  0.11289E+04  0.11245E+04
  0.11059E+04  0.10734E+04  0.10344E+04  0.98927E+03  0.95351E+03  0.91997E+03
  0.86519E+03  0.82090E+03  0.76272E+03  0.72429E+03  0.72681E+03  0.75850E+03
  0.81686E+03  0.89975E+03  0.10318E+04  0.12039E+04  0.14741E+04  0.18736E+04
  0.24760E+04  0.34022E+04  0.48532E+04  0.71690E+04  0.10926E+05  0.17109E+05
  0.27415E+05  0.44769E+05  0.74253E+05  0.12467E+06  0.21136E+06  0.00000E+00
  0.22628E+03  0.45258E+03  0.67886E+03  0.90519E+03  0.11317E+04  0.13552E+04
  0.15787E+04  0.17962E+04  0.20195E+04  0.20188E+04  0.20085E+04  0.19990E+04
  0.19904E+04  0.19576E+04  0.19008E+04  0.18327E+04  0.17537E+04  0.16901E+04
  0.16296E+04  0.15328E+04  0.14529E+04  0.13496E+04  0.12783E+04  0.12729E+04
  0.13120E+04  0.13894E+04  0.14993E+04  0.16759E+04  0.19009E+04  0.22522E+04
  0.27629E+04  0.35190E+04  0.46601E+04  0.64156E+04  0.91699E+04  0.13568E+05
  0.20710E+05  0.32474E+05  0.52089E+05  0.85149E+05  0.14132E+06  0.23740E+06
  0.00000E+00  0.41563E+03  0.83126E+03  0.12469E+04  0.16625E+04  0.20785E+04
  0.24892E+04  0.28998E+04  0.32999E+04  0.37100E+04  0.37082E+04  0.36898E+04
  0.36725E+04  0.36566E+04  0.35989E+04  0.34996E+04  0.33808E+04  0.32429E+04
  0.31306E+04  0.30228E+04  0.28529E+04  0.27111E+04  0.25295E+04  0.24016E+04
  0.23821E+04  0.24335E+04  0.25431E+04  0.26988E+04  0.29508E+04  0.32657E+04
  0.37549E+04  0.44545E+04  0.54723E+04  0.69803E+04  0.92572E+04  0.12764E+05
  0.18269E+05  0.27067E+05  0.41359E+05  0.64910E+05  0.10421E+06  0.17045E+06
  0.28304E+06  0.00000E+00  0.77114E+03  0.15423E+04  0.23133E+04  0.30844E+04
  0.38561E+04  0.46185E+04  0.53806E+04  0.61243E+04  0.68850E+04  0.68811E+04
  0.68483E+04  0.68170E+04  0.67876E+04  0.66855E+04  0.65109E+04  0.63020E+04
  0.60594E+04  0.58600E+04  0.56672E+04  0.53667E+04  0.51134E+04  0.47914E+04
  0.45602E+04  0.45101E+04  0.45746E+04  0.47289E+04  0.49491E+04  0.53109E+04
  0.57537E+04  0.64410E+04  0.74100E+04  0.87969E+04  0.10815E+05  0.13806E+05
  0.18325E+05  0.25286E+05  0.36218E+05  0.53695E+05  0.82093E+05  0.12892E+06
  0.20706E+06  0.33878E+06  0.00000E+00  0.14494E+04  0.28988E+04  0.43480E+04
  0.57972E+04  0.72474E+04  0.86811E+04  0.10114E+05  0.11515E+05  0.12945E+05
  0.12937E+05  0.12878E+05  0.12821E+05  0.12766E+05  0.12584E+05  0.12274E+05
  0.11903E+05  0.11471E+05  0.11114E+05  0.10767E+05  0.10230E+05  0.97729E+04
  0.91953E+04  0.87732E+04  0.86591E+04  0.87338E+04  0.89495E+04  0.92603E+04
  0.97837E+04  0.10409E+05  0.11386E+05  0.12745E+05  0.14661E+05  0.17404E+05
  0.21395E+05  0.27309E+05  0.36243E+05  0.50007E+05  0.71619E+05  0.10617E+06
  0.16232E+06  0.25489E+06  0.40934E+06  0.00000E+00  0.27727E+04  0.55452E+04
  0.83174E+04  0.11089E+05  0.13863E+05  0.16607E+05  0.19350E+05  0.22034E+05
  0.24770E+05  0.24754E+05  0.24647E+05  0.24542E+05  0.24441E+05  0.24111E+05
  0.23551E+05  0.22881E+05  0.22102E+05  0.21453E+05  0.20818E+05  0.19843E+05
  0.19008E+05  0.17956E+05  0.17174E+05  0.16928E+05  0.16999E+05  0.17298E+05
  0.17735E+05  0.18500E+05  0.19388E+05  0.20793E+05  0.22726E+05  0.25418E+05
  0.29212E+05  0.34636E+05  0.42526E+05  0.54210E+05  0.71850E+05  0.99006E+05
  0.14162E+06  0.20972E+06  0.32032E+06  0.50254E+06  0.00000E+00  0.54390E+04
  0.10878E+05  0.16316E+05  0.21753E+05  0.27194E+05  0.32580E+05  0.37963E+05
  0.43239E+05  0.48608E+05  0.48576E+05  0.48375E+05  0.48179E+05  0.47988E+05
  0.47376E+05  0.46342E+05  0.45104E+05  0.43664E+05  0.42456E+05  0.41270E+05
  0.39460E+05  0.37898E+05  0.35936E+05  0.34458E+05  0.33935E+05  0.33966E+05
  0.34373E+05  0.34984E+05  0.36115E+05  0.37385E+05  0.39437E+05  0.42236E+05
  0.46089E+05  0.51447E+05  0.58989E+05  0.69764E+05  0.85409E+05  0.10855E+06
  0.14342E+06  0.19703E+06  0.28105E+06  0.41510E+06  0.63255E+06  0.00000E+00
  0.11093E+05  0.22186E+05  0.33277E+05  0.44366E+05  0.55463E+05  0.66454E+05
  0.77438E+05  0.88217E+05  0.99173E+05  0.99107E+05  0.98720E+05  0.98339E+05
  0.97966E+05  0.96788E+05  0.94805E+05  0.92430E+05  0.89665E+05  0.87336E+05
  0.85040E+05  0.81550E+05  0.78521E+05  0.74721E+05  0.71824E+05  0.70706E+05
  0.70591E+05  0.71128E+05  0.71973E+05  0.73680E+05  0.75506E+05  0.78570E+05
  0.82719E+05  0.88375E+05  0.96147E+05  0.10693E+06  0.12209E+06  0.14370E+06
  0.17499E+06  0.22113E+06  0.29049E+06  0.39681E+06  0.56294E+06  0.82733E+06
  0.00000E+00  0.18874E+05  0.37746E+05  0.56616E+05  0.75484E+05  0.94364E+05
  0.11307E+06  0.13177E+06  0.15015E+06  0.16880E+06  0.16869E+06  0.16807E+06
  0.16746E+06  0.16686E+06  0.16498E+06  0.16182E+06  0.15803E+06  0.15362E+06
  0.14990E+06  0.14622E+06  0.14065E+06  0.13579E+06  0.12971E+06  0.12504E+06
  0.12317E+06  0.12285E+06  0.12352E+06  0.12461E+06  0.12697E+06  0.12941E+06
  0.13363E+06  0.13931E+06  0.14701E+06  0.15752E+06  0.17198E+06  0.19211E+06
  0.22044E+06  0.26094E+06  0.31977E+06  0.40680E+06  0.53811E+06  0.74003E+06
  0.10566E+07  0.00000E+00  0.32111E+05  0.64220E+05  0.96325E+05  0.12843E+06
  0.16055E+06  0.19240E+06  0.22423E+06  0.25554E+06  0.28730E+06  0.28712E+06
  0.28613E+06  0.28515E+06  0.28419E+06  0.28119E+06  0.27615E+06  0.27012E+06
  0.26309E+06  0.25715E+06  0.25127E+06  0.24237E+06  0.23460E+06  0.22487E+06
  0.21737E+06  0.21425E+06  0.21355E+06  0.21435E+06  0.21573E+06  0.21899E+06
  0.22223E+06  0.22802E+06  0.23580E+06  0.24631E+06  0.26056E+06  0.28003E+06
  0.30688E+06  0.34429E+06  0.39712E+06  0.47282E+06  0.58314E+06  0.74693E+06
  0.99479E+06  0.13773E+07  0.00000E+00  0.00000E+00  0.00000E+00  0.00000E+00
  0.00000E+00  0.00000E+00  0.00000E+00  0.00000E+00  0.00000E+00  0.00000E+00
  0.00000E+00  0.00000E+00  0.00000E+00  0.00000E+00  0.00000E+00  0.00000E+00
  0.00000E+00  0.00000E+00  0.00000E+00  0.00000E+00  0.00000E+00  0.00000E+00
  0.00000E+00  0.00000E+00  0.00000E+00  0.00000E+00  0.00000E+00  0.00000E+00
  0.00000E+00  0.00000E+00  0.00000E+00  0.00000E+00  0.00000E+00  0.00000E+00
  0.00000E+00  0.00000E+00  0.00000E+00  0.00000E+00  0.00000E+00  0.00000E+00
  0.00000E+00  0.00000E+00  0.00000E+00  0.00000E+00  0.00000E+00  0.00000E+00
  0.00000E+00  0.00000E+00  0.00000E+00  0.00000E+00  0.00000E+00  0.00000E+00
  0.00000E+00  0.00000E+00  0.00000E+00  0.00000E+00  0.92299E-04  0.21850E-03
  0.47834E-03  0.11011E-02  0.24476E-02  0.55307E-02  0.11956E-01  0.45475E-01
  0.11725E+00  0.26767E+00  0.58791E+00  0.12546E+01  0.25691E+01  0.53469E+01
  0.10735E+02  0.21911E+02  0.43958E+02  0.88183E+02  0.17686E+03  0.35461E+03
  0.70009E+03  0.13821E+04  0.27288E+04  0.53872E+04  0.10636E+05  0.20999E+05
  0.41458E+05  0.81853E+05  0.16160E+06  0.31908E+06  0.00000E+00  0.00000E+00
  0.00000E+00  0.00000E+00  0.00000E+00  0.00000E+00  0.00000E+00  0.00000E+00
  0.00000E+00  0.00000E+00  0.00000E+00  0.00000E+00  0.00000E+00  0.18754E-03
  0.44216E-03  0.96501E-03  0.22179E-02  0.49197E-02  0.11104E-01  0.23984E-01
  0.91050E-01  0.23479E+00  0.53581E+00  0.11766E+01  0.25103E+01  0.51399E+01
  0.10696E+02  0.21474E+02  0.43828E+02  0.87923E+02  0.17638E+03  0.35373E+03
  0.70925E+03  0.14002E+04  0.27643E+04  0.54577E+04  0.10775E+05  0.21272E+05
  0.41998E+05  0.82916E+05  0.16371E+06  0.32320E+06  0.63815E+06  0.00000E+00
  0.00000E+00  0.00000E+00  0.00000E+00  0.00000E+00  0.00000E+00  0.00000E+00
  0.00000E+00  0.00000E+00  0.00000E+00  0.00000E+00  0.00000E+00  0.00000E+00
  0.28678E-03  0.67320E-03  0.14635E-02  0.33526E-02  0.74252E-02  0.16729E-01
  0.36080E-01  0.13686E+00  0.35246E+00  0.80401E+00  0.17650E+01  0.37650E+01
  0.77076E+01  0.16038E+02  0.32196E+02  0.65707E+02  0.13181E+03  0.26441E+03
  0.53027E+03  0.10632E+04  0.20990E+04  0.41438E+04  0.81812E+04  0.16151E+05
  0.31887E+05  0.62955E+05  0.12429E+06  0.24540E+06  0.48449E+06  0.95660E+06
  0.00000E+00  0.00000E+00  0.00000E+00  0.00000E+00  0.00000E+00  0.00000E+00
  0.00000E+00  0.00000E+00  0.00000E+00  0.00000E+00  0.00000E+00  0.00000E+00
  0.00000E+00  0.39098E-03  0.91298E-03  0.19766E-02  0.45124E-02  0.99671E-02
  0.22420E-01  0.48279E-01  0.18278E+00  0.47041E+00  0.10725E+01  0.23536E+01
  0.50193E+01  0.10273E+02  0.21374E+02  0.42904E+02  0.87555E+02  0.17563E+03
  0.35230E+03  0.70652E+03  0.14166E+04  0.27966E+04  0.55209E+04  0.10900E+05
  0.21518E+05  0.42483E+05  0.83876E+05  0.16559E+06  0.32694E+06  0.64548E+06
  0.12745E+07  0.00000E+00  0.00000E+00  0.00000E+00  0.00000E+00  0.00000E+00
  0.00000E+00  0.00000E+00  0.00000E+00  0.00000E+00  0.00000E+00  0.00000E+00
  0.00000E+00  0.00000E+00  0.50158E-03  0.11638E-02  0.25071E-02  0.57017E-02
  0.12560E-01  0.28178E-01  0.60589E-01  0.22886E+00  0.58854E+00  0.13411E+01
  0.29418E+01  0.62718E+01  0.12834E+02  0.26697E+02  0.53582E+02  0.10934E+03
  0.21931E+03  0.43991E+03  0.88220E+03  0.17688E+04  0.34919E+04  0.68935E+04
  0.13610E+05  0.26868E+05  0.53044E+05  0.10472E+06  0.20676E+06  0.40821E+06
  0.80592E+06  0.15913E+07  0.00000E+00  0.00000E+00  0.00000E+00  0.00000E+00
  0.00000E+00  0.00000E+00  0.00000E+00  0.00000E+00  0.00000E+00  0.00000E+00
  0.00000E+00  0.00000E+00  0.00000E+00  0.61929E-03  0.14272E-02  0.30564E-02
  0.69260E-02  0.15199E-01  0.34024E-01  0.73029E-01  0.27503E+00  0.70683E+00
  0.16097E+01  0.35293E+01  0.75216E+01  0.15387E+02  0.32003E+02  0.64221E+02
  0.13104E+03  0.26282E+03  0.52715E+03  0.10571E+04  0.21196E+04  0.41841E+04
  0.82600E+04  0.16307E+05  0.32193E+05  0.63557E+05  0.12548E+06  0.24774E+06
  0.48911E+06  0.96565E+06  0.19066E+07  0.00000E+00  0.00000E+00  0.00000E+00
  0.00000E+00  0.00000E+00  0.00000E+00  0.00000E+00  0.00000E+00  0.00000E+00
  0.00000E+00  0.00000E+00  0.00000E+00  0.00000E+00  0.74302E-03  0.17019E-02
  0.36234E-02  0.81764E-02  0.17882E-01  0.39926E-01  0.85505E-01  0.32114E+00
  0.82437E+00  0.18762E+01  0.41114E+01  0.87590E+01  0.17912E+02  0.37248E+02
  0.74733E+02  0.15248E+03  0.30580E+03  0.61334E+03  0.12299E+04  0.24660E+04
  0.48680E+04  0.96098E+04  0.18972E+05  0.37453E+05  0.73940E+05  0.14598E+06
  0.28820E+06  0.56901E+06  0.11234E+07  0.22181E+07  0.00000E+00  0.00000E+00
  0.00000E+00  0.00000E+00  0.00000E+00  0.00000E+00  0.00000E+00  0.00000E+00
  0.00000E+00  0.00000E+00  0.00000E+00  0.00000E+00  0.00000E+00  0.86990E-03
  0.19832E-02  0.41990E-02  0.94416E-02  0.20574E-01  0.45833E-01  0.97939E-01
  0.36664E+00  0.94040E+00  0.21390E+01  0.46850E+01  0.99770E+01  0.20394E+02
  0.42405E+02  0.85060E+02  0.17354E+03  0.34801E+03  0.69797E+03  0.13997E+04
  0.28063E+04  0.55395E+04  0.10935E+05  0.21588E+05  0.42617E+05  0.84134E+05
  0.16611E+06  0.32793E+06  0.64745E+06  0.12782E+07  0.25238E+07  0.00000E+00
  0.00000E+00  0.00000E+00  0.00000E+00  0.00000E+00  0.00000E+00  0.00000E+00
  0.00000E+00  0.00000E+00  0.00000E+00  0.00000E+00  0.00000E+00  0.00000E+00
  0.98853E-03  0.22550E-02  0.47569E-02  0.10679E-01  0.23207E-01  0.51612E-01
  0.11008E+00  0.41078E+00  0.10532E+01  0.23945E+01  0.52425E+01  0.11160E+02
  0.22803E+02  0.47408E+02  0.95072E+02  0.19396E+03  0.38893E+03  0.78003E+03
  0.15642E+04  0.31364E+04  0.61908E+04  0.12220E+05  0.24124E+05  0.47623E+05
  0.94017E+05  0.18561E+06  0.36645E+06  0.72349E+06  0.14284E+07  0.28202E+07
  0.00000E+00  0.00000E+00  0.00000E+00  0.00000E+00  0.00000E+00  0.00000E+00
  0.00000E+00  0.00000E+00  0.00000E+00  0.00000E+00  0.00000E+00  0.00000E+00
  0.00000E+00  0.10674E-02  0.24686E-02  0.52215E-02  0.11772E-01  0.25573E-01
  0.56914E-01  0.12132E+00  0.45170E+00  0.11583E+01  0.26339E+01  0.57661E+01
  0.12273E+02  0.25065E+02  0.52111E+02  0.10448E+03  0.21316E+03  0.42741E+03
  0.85721E+03  0.17191E+04  0.34473E+04  0.68039E+04  0.13430E+05  0.26512E+05
  0.52335E+05  0.10332E+06  0.20397E+06  0.40269E+06  0.79503E+06  0.15696E+07
  0.30991E+07  0.00000E+00  0.00000E+00  0.00000E+00  0.00000E+00  0.00000E+00
  0.00000E+00  0.00000E+00  0.00000E+00  0.00000E+00  0.00000E+00  0.00000E+00
  0.00000E+00  0.00000E+00  0.10402E-02  0.25301E-02  0.54550E-02  0.12504E-01
  0.27333E-01  0.61165E-01  0.13064E+00  0.48649E+00  0.12497E+01  0.28451E+01
  0.62313E+01  0.13265E+02  0.27081E+02  0.56318E+02  0.11288E+03  0.23035E+03
  0.46189E+03  0.92643E+03  0.18582E+04  0.37268E+04  0.73550E+04  0.14517E+05
  0.28656E+05  0.56566E+05  0.11167E+06  0.22046E+06  0.43523E+06  0.85927E+06
  0.16964E+07  0.33494E+07  0.00000E+00  0.00000E+00  0.00000E+00  0.00000E+00
  0.00000E+00  0.00000E+00  0.00000E+00  0.00000E+00  0.00000E+00  0.00000E+00
  0.00000E+00  0.00000E+00  0.00000E+00  0.72176E-03  0.21741E-02  0.50689E-02
  0.12291E-01  0.27539E-01  0.62820E-01  0.13546E+00  0.50809E+00  0.13123E+01
  0.29989E+01  0.65812E+01  0.14025E+02  0.28630E+02  0.59589E+02  0.11941E+03
  0.24383E+03  0.48898E+03  0.98100E+03  0.19682E+04  0.39489E+04  0.77925E+04
  0.15379E+05  0.30357E+05  0.59921E+05  0.11829E+06  0.23352E+06  0.46101E+06
  0.91016E+06  0.17969E+07  0.35478E+07  0.00000E+00  0.00000E+00  0.00000E+00
  0.00000E+00  0.00000E+00  0.00000E+00  0.00000E+00  0.00000E+00  0.00000E+00
  0.00000E+00  0.00000E+00  0.00000E+00  0.00000E+00  0.21189E-03  0.97232E-03
  0.34861E-02  0.10331E-01  0.25012E-01  0.60073E-01  0.13293E+00  0.50907E+00
  0.13314E+01  0.30672E+01  0.67611E+01  0.14446E+02  0.29499E+02  0.61505E+02
  0.12325E+03  0.25194E+03  0.50542E+03  0.10145E+04  0.20365E+04  0.40883E+04
  0.80666E+04  0.15919E+05  0.31419E+05  0.62015E+05  0.12242E+06  0.24167E+06
  0.47709E+06  0.94189E+06  0.18595E+07  0.36714E+07  0.00000E+00  0.00000E+00
  0.00000E+00  0.00000E+00  0.00000E+00  0.00000E+00  0.00000E+00  0.00000E+00
  0.00000E+00  0.00000E+00  0.00000E+00  0.00000E+00  0.00000E+00  0.22416E-02
  0.16582E-02  0.00000E+00  0.57565E-02  0.18631E-01  0.51476E-01  0.12109E+00
  0.48589E+00  0.13004E+01  0.30391E+01  0.67515E+01  0.14490E+02  0.29617E+02
  0.61929E+02  0.12411E+03  0.25416E+03  0.51018E+03  0.10248E+04  0.20590E+04
  0.41372E+04  0.81616E+04  0.16104E+05  0.31783E+05  0.62728E+05  0.12382E+06
  0.24443E+06  0.48253E+06  0.95261E+06  0.18806E+07  0.37131E+07  0.00000E+00
  0.00000E+00  0.00000E+00  0.00000E+00  0.00000E+00  0.00000E+00  0.00000E+00
  0.00000E+00  0.00000E+00  0.00000E+00  0.00000E+00  0.00000E+00  0.00000E+00
  0.00000E+00  0.78049E-02  0.79516E-02  0.47439E-02  0.36926E-02  0.29517E-01
  0.86669E-01  0.40331E+00  0.10966E+01  0.26437E+01  0.59694E+01  0.12931E+02
  0.26495E+02  0.55708E+02  0.11171E+03  0.22952E+03  0.46127E+03  0.92785E+03
  0.18670E+04  0.37574E+04  0.74104E+04  0.14619E+05  0.28849E+05  0.56933E+05
  0.11237E+06  0.22182E+06  0.43788E+06  0.86446E+06  0.17066E+07  0.33694E+07
  0.00000E+00  0.51654E-03  0.10485E-02  0.16006E-02  0.21834E-02  0.28048E-02
  0.34212E-02  0.41677E-02  0.49272E-02  0.60030E-02  0.61347E-02  0.00000E+00
  0.00000E+00  0.00000E+00  0.00000E+00  0.20547E-01  0.20634E-01  0.17676E-01
  0.00000E+00  0.43125E-01  0.30158E+00  0.88564E+00  0.22426E+01  0.51843E+01
  0.11373E+02  0.23379E+02  0.49502E+02  0.99331E+02  0.20491E+03  0.41243E+03
  0.83100E+03  0.16752E+04  0.33778E+04  0.66597E+04  0.13135E+05  0.25916E+05
  0.51138E+05  0.10093E+06  0.19922E+06  0.39324E+06  0.77630E+06  0.15325E+07
  0.30257E+07  0.00000E+00  0.16234E-02  0.32837E-02  0.49916E-02  0.67697E-02
  0.86430E-02  0.10494E-01  0.12650E-01  0.14833E-01  0.17759E-01  0.21242E-01
  0.23805E-01  0.24824E-01  0.00000E+00  0.00000E+00  0.00000E+00  0.45215E-01
  0.48944E-01  0.40437E-01  0.12381E-01  0.18068E+00  0.66336E+00  0.18331E+01
  0.43956E+01  0.98183E+01  0.20272E+02  0.43322E+02  0.86996E+02  0.18039E+03
  0.36370E+03  0.73434E+03  0.14837E+04  0.29987E+04  0.59095E+04  0.11652E+05
  0.22984E+05  0.45345E+05  0.89484E+05  0.17661E+06  0.34861E+06  0.68816E+06
  0.13585E+07  0.26820E+07  0.00000E+00  0.41463E-02  0.83637E-02  0.12674E-01
  0.17124E-01  0.21749E-01  0.26338E-01  0.31523E-01  0.36773E-01  0.43452E-01
  0.50260E-01  0.55760E-01  0.62207E-01  0.68040E-01  0.73387E-01  0.00000E+00
  0.00000E+00  0.11600E+00  0.12739E+00  0.13028E+00  0.67000E-01  0.23813E+00
  0.10758E+01  0.29843E+01  0.71141E+01  0.14993E+02  0.32989E+02  0.66629E+02
  0.14025E+03  0.28446E+03  0.57786E+03  0.11747E+04  0.23884E+04  0.47041E+04
  0.92713E+04  0.18282E+05  0.36063E+05  0.71154E+05  0.14042E+06  0.27715E+06
  0.54707E+06  0.10799E+07  0.21320E+07  0.00000E+00  0.96278E-02  0.19381E-01
  0.29291E-01  0.39434E-01  0.49885E-01  0.60224E-01  0.71578E-01  0.82959E-01
  0.96859E-01  0.10808E+00  0.11673E+00  0.12706E+00  0.13700E+00  0.15103E+00
  0.17085E+00  0.19229E+00  0.00000E+00  0.24793E+00  0.28281E+00  0.34542E+00
  0.19748E+00  0.34797E+00  0.16826E+01  0.46796E+01  0.10295E+02  0.23871E+02
  0.48714E+02  0.10504E+03  0.21503E+03  0.44085E+03  0.90419E+03  0.18544E+04
  0.36493E+04  0.71882E+04  0.14169E+05  0.27940E+05  0.55116E+05  0.10875E+06
  0.21462E+06  0.42362E+06  0.83617E+06  0.16507E+07  0.00000E+00  0.21122E-01
  0.42453E-01  0.64025E-01  0.86004E-01  0.10848E+00  0.13065E+00  0.15449E+00
  0.17822E+00  0.20618E+00  0.22407E+00  0.23742E+00  0.25306E+00  0.26844E+00
  0.29016E+00  0.32100E+00  0.35613E+00  0.40723E+00  0.00000E+00  0.53289E+00
  0.76486E+00  0.81886E+00  0.63671E+00  0.00000E+00  0.16422E+01  0.45813E+01
  0.12987E+02  0.27602E+02  0.63921E+02  0.13447E+03  0.28258E+03  0.59276E+03
  0.12408E+04  0.24393E+04  0.48011E+04  0.94585E+04  0.18644E+05  0.36769E+05
  0.72538E+05  0.14313E+06  0.28248E+06  0.55755E+06  0.11006E+07  0.00000E+00
  0.44389E-01  0.89049E-01  0.13417E+00  0.17990E+00  0.22641E+00  0.27213E+00
  0.32061E+00  0.36846E+00  0.42319E+00  0.45011E+00  0.46885E+00  0.49258E+00
  0.51364E+00  0.54492E+00  0.59059E+00  0.64324E+00  0.71977E+00  0.81223E+00
  0.00000E+00  0.13537E+01  0.16446E+01  0.18596E+01  0.19701E+01  0.17536E+01
  0.16027E+01  0.14948E+01  0.56632E+01  0.21703E+02  0.52410E+02  0.12226E+03
  0.27850E+03  0.62343E+03  0.12239E+04  0.24065E+04  0.47376E+04  0.93339E+04
  0.18401E+05  0.36292E+05  0.71598E+05  0.14129E+06  0.27884E+06  0.55041E+06
  0.00000E+00  0.93346E-01  0.18718E+00  0.28176E+00  0.37719E+00  0.47382E+00
  0.56872E+00  0.66801E+00  0.76528E+00  0.87399E+00  0.91159E+00  0.93468E+00
  0.96591E+00  0.99347E+00  0.10379E+01  0.11012E+01  0.11757E+01  0.12860E+01
  0.14171E+01  0.16080E+01  0.22680E+01  0.28278E+01  0.34895E+01  0.44213E+01
  0.57387E+01  0.85488E+01  0.10973E+02  0.17589E+02  0.22255E+02  0.32020E+02
  0.41287E+02  0.40158E+02  0.00000E+00  0.00000E+00  0.00000E+00  0.00000E+00
  0.00000E+00  0.00000E+00  0.00000E+00  0.00000E+00  0.00000E+00  0.00000E+00
  0.00000E+00  0.00000E+00  0.20338E+00  0.40753E+00  0.61271E+00  0.81938E+00
  0.10281E+01  0.12326E+01  0.14441E+01  0.16503E+01  0.18762E+01  0.18996E+01
  0.19130E+01  0.19442E+01  0.19719E+01  0.20246E+01  0.21113E+01  0.22076E+01
  0.23600E+01  0.25416E+01  0.28140E+01  0.38232E+01  0.46668E+01  0.58507E+01
  0.77212E+01  0.10748E+02  0.16801E+02  0.25100E+02  0.43056E+02  0.69136E+02
  0.12041E+03  0.21023E+03  0.36618E+03  0.63349E+03  0.12379E+04  0.24262E+04
  0.47653E+04  0.93727E+04  0.18455E+05  0.36368E+05  0.71706E+05  0.14144E+06
  0.27905E+06  0.55070E+06  0.00000E+00  0.40042E+00  0.80197E+00  0.12050E+01
  0.16102E+01  0.20184E+01  0.24181E+01  0.28283E+01  0.32270E+01  0.36570E+01
  0.36878E+01  0.36979E+01  0.37349E+01  0.37611E+01  0.38239E+01  0.39362E+01
  0.40555E+01  0.42562E+01  0.44939E+01  0.48642E+01  0.62786E+01  0.75041E+01
  0.93151E+01  0.12293E+02  0.17283E+02  0.26983E+02  0.41680E+02  0.71779E+02
  0.12033E+03  0.21465E+03  0.38714E+03  0.70312E+03  0.12820E+04  0.24969E+04
  0.48818E+04  0.95716E+04  0.18803E+05  0.36992E+05  0.72850E+05  0.14357E+06
  0.28310E+06  0.55841E+06  0.11018E+07  0.00000E+00  0.78139E+00  0.15644E+01
  0.23494E+01  0.31375E+01  0.39300E+01  0.47050E+01  0.54957E+01  0.62613E+01
  0.70775E+01  0.71136E+01  0.71068E+01  0.71402E+01  0.71448E+01  0.72017E+01
  0.73288E+01  0.74486E+01  0.76824E+01  0.79505E+01  0.84019E+01  0.10234E+02
  0.11820E+02  0.14225E+02  0.18260E+02  0.25092E+02  0.38167E+02  0.58440E+02
  0.98930E+02  0.16593E+03  0.29490E+03  0.53265E+03  0.97312E+03  0.17918E+04
  0.34737E+04  0.67690E+04  0.13240E+05  0.25965E+05  0.51019E+05  0.10039E+06
  0.19772E+06  0.38969E+06  0.76842E+06  0.15159E+07  0.00000E+00  0.15141E+01
  0.30305E+01  0.45496E+01  0.60729E+01  0.76026E+01  0.90977E+01  0.10616E+02
  0.12083E+02  0.13633E+02  0.13670E+02  0.13620E+02  0.13632E+02  0.13578E+02
  0.13599E+02  0.13719E+02  0.13799E+02  0.14038E+02  0.14295E+02  0.14806E+02
  0.17126E+02  0.19123E+02  0.22237E+02  0.27578E+02  0.36677E+02  0.53868E+02
  0.80659E+02  0.13305E+03  0.22046E+03  0.38695E+03  0.69395E+03  0.12644E+04
  0.23305E+04  0.44906E+04  0.87121E+04  0.16987E+05  0.33236E+05  0.65199E+05
  0.12814E+06  0.25216E+06  0.49670E+06  0.97902E+06  0.19308E+07  0.00000E+00
  0.28870E+01  0.57771E+01  0.86708E+01  0.11570E+02  0.14479E+02  0.17321E+02
  0.20199E+02  0.22976E+02  0.25887E+02  0.25912E+02  0.25773E+02  0.25725E+02
  0.25541E+02  0.25463E+02  0.25526E+02  0.25477E+02  0.25653E+02  0.25800E+02
  0.26301E+02  0.29133E+02  0.31552E+02  0.35483E+02  0.42434E+02  0.54363E+02
  0.76685E+02  0.11130E+03  0.17770E+03  0.28828E+03  0.49634E+03  0.87820E+03
  0.15865E+04  0.29108E+04  0.55650E+04  0.10735E+05  0.20844E+05  0.40662E+05
  0.79596E+05  0.15619E+06  0.30703E+06  0.60431E+06  0.11905E+07  0.23468E+07
  0.00000E+00  0.57707E+01  0.11546E+02  0.17326E+02  0.23114E+02  0.28915E+02
  0.34589E+02  0.40318E+02  0.45848E+02  0.51608E+02  0.51597E+02  0.51267E+02
  0.51081E+02  0.50620E+02  0.50315E+02  0.50219E+02  0.49865E+02  0.49845E+02
  0.49691E+02  0.50062E+02  0.53554E+02  0.56546E+02  0.61736E+02  0.71307E+02
  0.87891E+02  0.11859E+03  0.16585E+03  0.25446E+03  0.40114E+03  0.67281E+03
  0.11674E+04  0.20803E+04  0.37837E+04  0.71565E+04  0.13696E+05  0.26441E+05
  0.51367E+05  0.10025E+06  0.19630E+06  0.38527E+06  0.75747E+06  0.14910E+07
  0.29376E+07  0.00000E+00  0.11062E+02  0.22129E+02  0.33203E+02  0.44287E+02
  0.55390E+02  0.66258E+02  0.77208E+02  0.87785E+02  0.98748E+02  0.98646E+02
  0.97947E+02  0.97474E+02  0.96468E+02  0.95688E+02  0.95206E+02  0.94188E+02
  0.93647E+02  0.92751E+02  0.92607E+02  0.96385E+02  0.99614E+02  0.10592E+03
  0.11841E+03  0.14049E+03  0.18132E+03  0.24326E+03  0.35730E+03  0.54351E+03
  0.88260E+03  0.14924E+04  0.26078E+04  0.46763E+04  0.87276E+04  0.16539E+05
  0.31697E+05  0.61253E+05  0.11909E+06  0.23254E+06  0.45550E+06  0.89428E+06
  0.17585E+07  0.34622E+07  0.00000E+00  0.22140E+02  0.44289E+02  0.66444E+02
  0.88614E+02  0.11081E+03  0.13256E+03  0.15445E+03  0.17562E+03  0.19746E+03
  0.19715E+03  0.19571E+03  0.19463E+03  0.19252E+03  0.19075E+03  0.18941E+03
  0.18698E+03  0.18527E+03  0.18274E+03  0.18133E+03  0.18485E+03  0.18790E+03
  0.19551E+03  0.21238E+03  0.24311E+03  0.30011E+03  0.38529E+03  0.53916E+03
  0.78613E+03  0.12269E+04  0.20070E+04  0.34157E+04  0.60038E+04  0.11006E+05
  0.20578E+05  0.39047E+05  0.74905E+05  0.14485E+06  0.28177E+06  0.55041E+06
  0.10785E+07  0.21177E+07  0.41651E+07  0.00000E+00  0.39619E+02  0.79247E+02
  0.11888E+03  0.15854E+03  0.19824E+03  0.23718E+03  0.27631E+03  0.31424E+03
  0.35324E+03  0.35259E+03  0.35004E+03  0.34804E+03  0.34426E+03  0.34096E+03
  0.33828E+03  0.33366E+03  0.33005E+03  0.32491E+03  0.32137E+03  0.32360E+03
  0.32566E+03  0.33417E+03  0.35591E+03  0.39695E+03  0.47366E+03  0.58686E+03
  0.78840E+03  0.11068E+04  0.16649E+04  0.26373E+04  0.43704E+04  0.75215E+04
  0.13538E+05  0.24957E+05  0.46860E+05  0.89192E+05  0.17150E+06  0.33222E+06
  0.64702E+06  0.12650E+07  0.24802E+07  0.48727E+07  0.00000E+00  0.70718E+02
  0.14145E+03  0.21218E+03  0.28294E+03  0.35377E+03  0.42331E+03  0.49314E+03
  0.56093E+03  0.63044E+03  0.62918E+03  0.62470E+03  0.62105E+03  0.61437E+03
  0.60835E+03  0.60319E+03  0.59464E+03  0.58751E+03  0.57757E+03  0.56989E+03
  0.56825E+03  0.56715E+03  0.57513E+03  0.60207E+03  0.65595E+03  0.75859E+03
  0.90805E+03  0.11715E+04  0.15803E+04  0.22839E+04  0.34881E+04  0.56012E+04
  0.93931E+04  0.16535E+05  0.29960E+05  0.55517E+05  0.10464E+06  0.19974E+06
  0.38488E+06  0.74670E+06  0.14559E+07  0.28487E+07  0.55887E+07  0.00000E+00
  0.12770E+03  0.25540E+03  0.38311E+03  0.51085E+03  0.63869E+03  0.76432E+03
  0.89040E+03  0.10130E+04  0.11383E+04  0.11359E+04  0.11280E+04  0.11214E+04
  0.11095E+04  0.10985E+04  0.10887E+04  0.10729E+04  0.10592E+04  0.10402E+04
  0.10245E+04  0.10135E+04  0.10046E+04  0.10085E+04  0.10400E+04  0.11095E+04
  0.12470E+04  0.14443E+04  0.17906E+04  0.23176E+04  0.32085E+04  0.47034E+04
  0.72790E+04  0.11828E+05  0.20263E+05  0.35928E+05  0.65470E+05  0.12184E+06
  0.23039E+06  0.44087E+06  0.85100E+06  0.16532E+07  0.32261E+07  0.63172E+07
  0.00000E+00  0.22629E+03  0.45259E+03  0.67887E+03  0.90518E+03  0.11316E+04
  0.13543E+04  0.15777E+04  0.17949E+04  0.20168E+04  0.20123E+04  0.19982E+04
  0.19862E+04  0.19649E+04  0.19450E+04  0.19266E+04  0.18977E+04  0.18714E+04
  0.18356E+04  0.18042E+04  0.17717E+04  0.17447E+04  0.17350E+04  0.17649E+04
  0.18477E+04  0.20243E+04  0.22740E+04  0.27159E+04  0.33741E+04  0.44700E+04
  0.62714E+04  0.93126E+04  0.14584E+05  0.24197E+05  0.41795E+05  0.74598E+05
  0.13663E+06  0.25526E+06  0.48411E+06  0.92835E+06  0.17948E+07  0.34905E+07
  0.68179E+07  0.00000E+00  0.41563E+03  0.83127E+03  0.12469E+04  0.16625E+04
  0.20783E+04  0.24876E+04  0.28980E+04  0.32978E+04  0.37054E+04  0.36971E+04
  0.36723E+04  0.36506E+04  0.36130E+04  0.35772E+04  0.35437E+04  0.34914E+04
  0.34429E+04  0.33773E+04  0.33180E+04  0.32462E+04  0.31862E+04  0.31509E+04
  0.31754E+04  0.32779E+04  0.35174E+04  0.38518E+04  0.44499E+04  0.53242E+04
  0.67594E+04  0.90707E+04  0.12892E+05  0.19384E+05  0.30991E+05  0.51882E+05
  0.90283E+05  0.16209E+06  0.29825E+06  0.55918E+06  0.10632E+07  0.20428E+07
  0.39549E+07  0.76997E+07  0.00000E+00  0.77114E+03  0.15423E+04  0.23133E+04
  0.30844E+04  0.38558E+04  0.46158E+04  0.53774E+04  0.61207E+04  0.68772E+04
  0.68620E+04  0.68180E+04  0.67792E+04  0.67123E+04  0.66480E+04  0.65870E+04
  0.64925E+04  0.64036E+04  0.62837E+04  0.61728E+04  0.60246E+04  0.59003E+04
  0.58117E+04  0.58148E+04  0.59351E+04  0.62598E+04  0.67080E+04  0.75267E+04
  0.87019E+04  0.10610E+05  0.13623E+05  0.18499E+05  0.26608E+05  0.40802E+05
  0.65854E+05  0.11114E+06  0.19467E+06  0.35135E+06  0.64912E+06  0.12207E+07
  0.23264E+07  0.44771E+07  0.86789E+07  0.00000E+00  0.14494E+04  0.28988E+04
  0.43480E+04  0.57971E+04  0.72469E+04  0.86765E+04  0.10109E+05  0.11508E+05
  0.12931E+05  0.12903E+05  0.12824E+05  0.12754E+05  0.12635E+05  0.12518E+05
  0.12407E+05  0.12235E+05  0.12072E+05  0.11852E+05  0.11646E+05  0.11350E+05
  0.11101E+05  0.10904E+05  0.10851E+05  0.10977E+05  0.11416E+05  0.12015E+05
  0.13148E+05  0.14746E+05  0.17323E+05  0.21320E+05  0.27657E+05  0.37964E+05
  0.55607E+05  0.86069E+05  0.14007E+06  0.23805E+06  0.41937E+06  0.76034E+06
  0.14096E+07  0.26578E+07  0.50747E+07  0.97810E+07  0.00000E+00  0.27726E+04
  0.55452E+04  0.83173E+04  0.11089E+05  0.13863E+05  0.16599E+05  0.19340E+05
  0.22023E+05  0.24746E+05  0.24695E+05  0.24552E+05  0.24424E+05  0.24206E+05
  0.23994E+05  0.23788E+05  0.23473E+05  0.23170E+05  0.22763E+05  0.22376E+05
  0.21794E+05  0.21302E+05  0.20887E+05  0.20702E+05  0.20799E+05  0.21388E+05
  0.22180E+05  0.23766E+05  0.25964E+05  0.29504E+05  0.34909E+05  0.43313E+05
  0.56688E+05  0.79066E+05  0.11679E+06  0.18218E+06  0.29853E+06  0.51031E+06
  0.90326E+06  0.16437E+07  0.30558E+07  0.57738E+07  0.11043E+08  0.00000E+00
  0.54390E+04  0.10878E+05  0.16316E+05  0.21753E+05  0.27193E+05  0.32566E+05
  0.37946E+05  0.43219E+05  0.48564E+05  0.48467E+05  0.48202E+05  0.47963E+05
  0.47558E+05  0.47161E+05  0.46774E+05  0.46184E+05  0.45612E+05  0.44845E+05
  0.44106E+05  0.42955E+05  0.41981E+05  0.41119E+05  0.40640E+05  0.40614E+05
  0.41391E+05  0.42417E+05  0.44664E+05  0.47722E+05  0.52678E+05  0.60145E+05
  0.71557E+05  0.89344E+05  0.11845E+06  0.16628E+06  0.24716E+06  0.38778E+06
  0.63866E+06  0.10964E+07  0.19473E+07  0.35531E+07  0.66190E+07  0.12526E+08
  0.00000E+00  0.11093E+05  0.22185E+05  0.33276E+05  0.44366E+05  0.55461E+05
  0.66426E+05  0.77406E+05  0.88180E+05  0.99090E+05  0.98902E+05  0.98392E+05
  0.97929E+05  0.97149E+05  0.96380E+05  0.95625E+05  0.94482E+05  0.93363E+05
  0.91867E+05  0.90413E+05  0.88081E+05  0.86101E+05  0.84293E+05  0.83145E+05
  0.82763E+05  0.83748E+05  0.85015E+05  0.88247E+05  0.92554E+05  0.99654E+05
  0.11024E+06  0.12619E+06  0.15058E+06  0.18968E+06  0.25225E+06  0.35521E+06
  0.52957E+06  0.83321E+06  0.13756E+07  0.23664E+07  0.42098E+07  0.76909E+07
  0.14342E+08  0.00000E+00  0.18873E+05  0.37746E+05  0.56615E+05  0.75483E+05
  0.94360E+05  0.11303E+06  0.13172E+06  0.15009E+06  0.16867E+06  0.16836E+06
  0.16755E+06  0.16681E+06  0.16556E+06  0.16433E+06  0.16312E+06  0.16128E+06
  0.15948E+06  0.15708E+06  0.15473E+06  0.15091E+06  0.14767E+06  0.14467E+06
  0.14265E+06  0.14178E+06  0.14295E+06  0.14442E+06  0.14873E+06  0.15440E+06
  0.16388E+06  0.17794E+06  0.19895E+06  0.23070E+06  0.28097E+06  0.35996E+06
  0.48747E+06  0.69923E+06  0.10611E+07  0.16968E+07  0.28408E+07  0.49437E+07
  0.88763E+07  0.16334E+08  0.00000E+00  0.32110E+05  0.64219E+05  0.96323E+05
  0.12842E+06  0.16054E+06  0.19233E+06  0.22415E+06  0.25545E+06  0.28709E+06
  0.28660E+06  0.28530E+06  0.28412E+06  0.28213E+06  0.28016E+06  0.27822E+06
  0.27528E+06  0.27239E+06  0.26853E+06  0.26475E+06  0.25853E+06  0.25324E+06
  0.24829E+06  0.24483E+06  0.24308E+06  0.24440E+06  0.24599E+06  0.25172E+06
  0.25913E+06  0.27180E+06  0.29053E+06  0.31833E+06  0.35996E+06  0.42515E+06
  0.52591E+06  0.68558E+06  0.94563E+06  0.13815E+07  0.21333E+07  0.34643E+07
  0.58774E+07  0.10339E+08  0.18725E+08
