  0.00000E+00  0.00000E+00  0.00000E+00  0.00000E+00  0.00000E+00  0.00000E+00
  0.00000E+00  0.00000E+00  0.00000E+00  0.00000E+00  0.00000E+00  0.00000E+00
  0.00000E+00  0.00000E+00  0.00000E+00  0.00000E+00  0.00000E+00  0.00000E+00
  0.00000E+00  0.00000E+00  0.00000E+00  0.00000E+00  0.00000E+00  0.00000E+00
  0.00000E+00  0.00000E+00  0.00000E+00  0.00000E+00  0.00000E+00  0.00000E+00
  0.00000E+00  0.00000E+00  0.00000E+00  0.00000E+00  0.00000E+00  0.00000E+00
  0.00000E+00  0.00000E+00  0.00000E+00  0.00000E+00  0.00000E+00  0.00000E+00
  0.00000E+00  0.00000E+00  0.00000E+00  0.00000E+00  0.00000E+00  0.00000E+00
  0.00000E+00  0.00000E+00  0.00000E+00  0.00000E+00  0.00000E+00  0.43786E-06
  0.10790E-04  0.41401E-04  0.97112E-04  0.20647E-03  0.41279E-03  0.81700E-03
  0.15659E-02  0.28121E-02  0.46448E-02  0.90307E-02  0.15529E-01  0.26311E-01
  0.44082E-01  0.72606E-01  0.12135E+00  0.19670E+00  0.31889E+00  0.51705E+00
  0.83830E+00  0.13498E+01  0.21660E+01  0.34759E+01  0.55591E+01  0.88913E+01
  0.14222E+02  0.22751E+02  0.36394E+02  0.58219E+02  0.93138E+02  0.14901E+03
  0.23840E+03  0.38139E+03  0.00000E+00  0.00000E+00  0.00000E+00  0.00000E+00
  0.00000E+00  0.00000E+00  0.00000E+00  0.00000E+00  0.00000E+00  0.00000E+00
  0.89003E-06  0.22745E-04  0.85813E-04  0.19999E-03  0.42313E-03  0.84203E-03
  0.16607E-02  0.31716E-02  0.56823E-02  0.93664E-02  0.18186E-01  0.31229E-01
  0.52854E-01  0.88476E-01  0.14562E+00  0.24325E+00  0.39412E+00  0.63869E+00
  0.10353E+01  0.16782E+01  0.27015E+01  0.43345E+01  0.69551E+01  0.11123E+02
  0.17788E+02  0.28452E+02  0.45511E+02  0.72800E+02  0.11646E+03  0.18630E+03
  0.29804E+03  0.47685E+03  0.76283E+03  0.00000E+00  0.00000E+00  0.00000E+00
  0.00000E+00  0.00000E+00  0.00000E+00  0.00000E+00  0.00000E+00  0.00000E+00
  0.00000E+00  0.13315E-05  0.36312E-04  0.13450E-03  0.31101E-03  0.65337E-03
  0.12936E-02  0.25392E-02  0.48339E-02  0.86336E-02  0.14192E-01  0.27495E-01
  0.47132E-01  0.79664E-01  0.13321E+00  0.21905E+00  0.36565E+00  0.59211E+00
  0.95912E+00  0.15541E+01  0.25185E+01  0.40533E+01  0.65023E+01  0.10432E+02
  0.16681E+02  0.26675E+02  0.42663E+02  0.68239E+02  0.10915E+03  0.17460E+03
  0.27930E+03  0.44682E+03  0.71488E+03  0.11436E+04  0.00000E+00  0.00000E+00
  0.00000E+00  0.00000E+00  0.00000E+00  0.00000E+00  0.00000E+00  0.00000E+00
  0.00000E+00  0.00000E+00  0.16948E-05  0.52157E-04  0.18900E-03  0.43333E-03
  0.90299E-03  0.17764E-02  0.34677E-02  0.65704E-02  0.11690E-01  0.19163E-01
  0.37026E-01  0.63336E-01  0.10687E+00  0.17846E+00  0.29314E+00  0.48890E+00
  0.79112E+00  0.12808E+01  0.20744E+01  0.33603E+01  0.54067E+01  0.86713E+01
  0.13909E+02  0.22238E+02  0.35558E+02  0.56864E+02  0.90946E+02  0.14546E+03
  0.23268E+03  0.37219E+03  0.59541E+03  0.95258E+03  0.15238E+04  0.00000E+00
  0.00000E+00  0.00000E+00  0.00000E+00  0.00000E+00  0.00000E+00  0.00000E+00
  0.00000E+00  0.00000E+00  0.00000E+00  0.17836E-05  0.71102E-04  0.25151E-03
  0.57114E-03  0.11792E-02  0.23019E-02  0.44643E-02  0.84134E-02  0.14899E-01
  0.24327E-01  0.46856E-01  0.79938E-01  0.13461E+00  0.22439E+00  0.36807E+00
  0.61318E+00  0.99134E+00  0.16038E+01  0.25960E+01  0.42035E+01  0.67609E+01
  0.10840E+02  0.17384E+02  0.27788E+02  0.44426E+02  0.71039E+02  0.11361E+03
  0.18169E+03  0.29061E+03  0.46484E+03  0.74359E+03  0.11896E+04  0.19030E+04
  0.00000E+00  0.00000E+00  0.00000E+00  0.00000E+00  0.00000E+00  0.00000E+00
  0.00000E+00  0.00000E+00  0.00000E+00  0.00000E+00  0.11684E-05  0.94155E-04
  0.32472E-03  0.72961E-03  0.14915E-02  0.28850E-02  0.55537E-02  0.10393E-01
  0.18301E-01  0.29748E-01  0.57092E-01  0.97081E-01  0.16306E+00  0.27124E+00
  0.44414E+00  0.73892E+00  0.11933E+01  0.19287E+01  0.31198E+01  0.50488E+01
  0.81168E+01  0.13009E+02  0.20857E+02  0.33332E+02  0.53279E+02  0.85181E+02
  0.13621E+03  0.21782E+03  0.34836E+03  0.55719E+03  0.89127E+03  0.14258E+04
  0.22808E+04  0.00000E+00  0.00000E+00  0.00000E+00  0.00000E+00  0.00000E+00
  0.00000E+00  0.00000E+00  0.00000E+00  0.00000E+00  0.00000E+00  0.17231E-05
  0.12230E-03  0.41172E-03  0.91589E-03  0.18512E-02  0.35438E-02  0.67630E-02
  0.12560E-01  0.21966E-01  0.35503E-01  0.67820E-01  0.11486E+00  0.19232E+00
  0.31906E+00  0.52133E+00  0.86587E+00  0.13963E+01  0.22544E+01  0.36434E+01
  0.58919E+01  0.94668E+01  0.15166E+02  0.24306E+02  0.38832E+02  0.62055E+02
  0.99194E+02  0.15859E+03  0.25358E+03  0.40552E+03  0.64857E+03  0.10374E+04
  0.16595E+04  0.26544E+04  0.00000E+00  0.00000E+00  0.00000E+00  0.00000E+00
  0.00000E+00  0.00000E+00  0.00000E+00  0.00000E+00  0.00000E+00  0.00000E+00
  0.10177E-04  0.15608E-03  0.51564E-03  0.11374E-02  0.22724E-02  0.43023E-02
  0.81295E-02  0.14965E-01  0.25957E-01  0.41681E-01  0.79183E-01  0.13346E+00
  0.22261E+00  0.36811E+00  0.59988E+00  0.99428E+00  0.16006E+01  0.25806E+01
  0.41659E+01  0.67311E+01  0.10807E+02  0.17304E+02  0.27719E+02  0.44268E+02
  0.70722E+02  0.11302E+03  0.18066E+03  0.28883E+03  0.46183E+03  0.73856E+03
  0.11812E+04  0.18895E+04  0.30222E+04  0.00000E+00  0.00000E+00  0.00000E+00
  0.00000E+00  0.00000E+00  0.00000E+00  0.00000E+00  0.00000E+00  0.00000E+00
  0.00000E+00  0.29964E-04  0.19418E-03  0.63769E-03  0.14018E-02  0.27709E-02
  0.51865E-02  0.96968E-02  0.17671E-01  0.30369E-01  0.48387E-01  0.91340E-01
  0.15305E+00  0.25413E+00  0.41857E+00  0.67987E+00  0.11240E+01  0.18055E+01
  0.29059E+01  0.46846E+01  0.75609E+01  0.12129E+02  0.19405E+02  0.31068E+02
  0.49592E+02  0.79197E+02  0.12653E+03  0.20220E+03  0.32321E+03  0.51672E+03
  0.82623E+03  0.13213E+04  0.21134E+04  0.33801E+04  0.00000E+00  0.00000E+00
  0.00000E+00  0.00000E+00  0.00000E+00  0.00000E+00  0.00000E+00  0.00000E+00
  0.00000E+00  0.00000E+00  0.75332E-04  0.22796E-03  0.76964E-03  0.17056E-02
  0.33500E-02  0.62060E-02  0.11487E-01  0.20715E-01  0.35227E-01  0.55653E-01
  0.10428E+00  0.17356E+00  0.28666E+00  0.46994E+00  0.76030E+00  0.12533E+01
  0.20077E+01  0.32245E+01  0.51895E+01  0.83647E+01  0.13404E+02  0.21425E+02
  0.34277E+02  0.54683E+02  0.87285E+02  0.13939E+03  0.22270E+03  0.35589E+03
  0.56886E+03  0.90945E+03  0.14542E+04  0.23258E+04  0.37195E+04  0.00000E+00
  0.00000E+00  0.00000E+00  0.00000E+00  0.00000E+00  0.00000E+00  0.00000E+00
  0.00000E+00  0.00000E+00  0.00000E+00  0.17875E-03  0.23396E-03  0.88798E-03
  0.20354E-02  0.40056E-02  0.73708E-02  0.13529E-01  0.24149E-01  0.40607E-01
  0.63548E-01  0.11810E+00  0.19502E+00  0.32010E+00  0.52183E+00  0.84020E+00
  0.13800E+01  0.22035E+01  0.35295E+01  0.56686E+01  0.91220E+01  0.14597E+02
  0.23306E+02  0.37252E+02  0.59383E+02  0.94730E+02  0.15121E+03  0.24148E+03
  0.38578E+03  0.61649E+03  0.98542E+03  0.15755E+04  0.25193E+04  0.40286E+04
  0.00000E+00  0.00000E+00  0.00000E+00  0.00000E+00  0.00000E+00  0.00000E+00
  0.00000E+00  0.00000E+00  0.00000E+00  0.00000E+00  0.42303E-03  0.13392E-03
  0.89787E-03  0.22952E-02  0.46354E-02  0.85636E-02  0.15688E-01  0.27810E-01
  0.46239E-01  0.71704E-01  0.13217E+00  0.21642E+00  0.35281E+00  0.57151E+00
  0.91504E+00  0.14969E+01  0.23805E+01  0.38009E+01  0.60891E+01  0.97795E+01
  0.15622E+02  0.24908E+02  0.39768E+02  0.63332E+02  0.10095E+03  0.16104E+03
  0.25705E+03  0.41049E+03  0.65577E+03  0.10479E+04  0.16751E+04  0.26782E+04
  0.42822E+04  0.00000E+00  0.00000E+00  0.00000E+00  0.00000E+00  0.00000E+00
  0.00000E+00  0.00000E+00  0.00000E+00  0.00000E+00  0.00000E+00  0.98319E-03
  0.26202E-03  0.60397E-03  0.22985E-02  0.50564E-02  0.95998E-02  0.17790E-01
  0.31513E-01  0.51902E-01  0.79858E-01  0.14607E+00  0.23704E+00  0.38360E+00
  0.61692E+00  0.98116E+00  0.15977E+01  0.25282E+01  0.40209E+01  0.64217E+01
  0.10289E+02  0.16401E+02  0.26102E+02  0.41615E+02  0.66189E+02  0.10540E+03
  0.16800E+03  0.26798E+03  0.42773E+03  0.68303E+03  0.10911E+04  0.17437E+04
  0.27873E+04  0.44559E+04  0.00000E+00  0.00000E+00  0.00000E+00  0.00000E+00
  0.00000E+00  0.00000E+00  0.00000E+00  0.00000E+00  0.00000E+00  0.00000E+00
  0.21660E-02  0.12541E-02  0.38908E-03  0.17094E-02  0.49423E-02  0.10158E-01
  0.19533E-01  0.34994E-01  0.57287E-01  0.87728E-01  0.15946E+00  0.25647E+00
  0.41195E+00  0.65723E+00  0.10373E+01  0.16803E+01  0.26431E+01  0.41836E+01
  0.66566E+01  0.10634E+02  0.16907E+02  0.26846E+02  0.42724E+02  0.67843E+02
  0.10789E+03  0.17179E+03  0.27381E+03  0.43675E+03  0.69706E+03  0.11131E+04
  0.17782E+04  0.28417E+04  0.45419E+04  0.00000E+00  0.00000E+00  0.00000E+00
  0.00000E+00  0.00000E+00  0.00000E+00  0.00000E+00  0.00000E+00  0.00000E+00
  0.00000E+00  0.00000E+00  0.00000E+00  0.33649E-02  0.70793E-03  0.31177E-02
  0.89195E-02  0.19276E-01  0.35858E-01  0.58264E-01  0.91649E-01  0.15903E+00
  0.25378E+00  0.40476E+00  0.63998E+00  0.10005E+01  0.16114E+01  0.25148E+01
  0.39555E+01  0.62625E+01  0.99668E+01  0.15788E+02  0.24991E+02  0.39673E+02
  0.62854E+02  0.99774E+02  0.15863E+03  0.25254E+03  0.40244E+03  0.64182E+03
  0.10243E+04  0.16355E+04  0.26127E+04  0.41745E+04  0.00000E+00  0.42606E-03
  0.86714E-03  0.13294E-02  0.18208E-02  0.23528E-02  0.29456E-02  0.00000E+00
  0.00000E+00  0.00000E+00  0.00000E+00  0.00000E+00  0.89124E-02  0.59268E-02
  0.12551E-02  0.54850E-02  0.17201E-01  0.35305E-01  0.58101E-01  0.94054E-01
  0.15957E+00  0.25300E+00  0.40077E+00  0.62737E+00  0.97003E+00  0.15512E+01
  0.23977E+01  0.37418E+01  0.58870E+01  0.93233E+01  0.14701E+02  0.23174E+02
  0.36671E+02  0.57927E+02  0.91733E+02  0.14557E+03  0.23139E+03  0.36828E+03
  0.58677E+03  0.93568E+03  0.14931E+04  0.23840E+04  0.38077E+04  0.00000E+00
  0.20597E-02  0.41736E-02  0.63650E-02  0.86639E-02  0.11108E-01  0.13771E-01
  0.15220E-01  0.16289E-01  0.14649E-01  0.00000E+00  0.00000E+00  0.00000E+00
  0.15698E-01  0.10494E-01  0.22152E-02  0.11935E-01  0.32610E-01  0.56467E-01
  0.95837E-01  0.16181E+00  0.25560E+00  0.40241E+00  0.62288E+00  0.95028E+00
  0.15064E+01  0.22998E+01  0.35526E+01  0.55431E+01  0.87206E+01  0.13665E+02
  0.21423E+02  0.33752E+02  0.53103E+02  0.83824E+02  0.13267E+03  0.21045E+03
  0.33439E+03  0.53205E+03  0.84752E+03  0.13513E+04  0.21561E+04  0.34417E+04
  0.00000E+00  0.53195E-02  0.10746E-01  0.16328E-01  0.22114E-01  0.28185E-01
  0.34684E-01  0.37913E-01  0.41002E-01  0.43964E-01  0.47033E-01  0.42074E-01
  0.00000E+00  0.00000E+00  0.34606E-01  0.27321E-01  0.11440E-01  0.12205E-01
  0.35115E-01  0.74706E-01  0.13784E+00  0.22539E+00  0.36172E+00  0.56090E+00
  0.84950E+00  0.13460E+01  0.20311E+01  0.31077E+01  0.48120E+01  0.75259E+01
  0.11714E+02  0.18250E+02  0.28610E+02  0.44787E+02  0.70408E+02  0.11107E+03
  0.17571E+03  0.27860E+03  0.44253E+03  0.70394E+03  0.11211E+04  0.17873E+04
  0.28510E+04  0.00000E+00  0.12259E-01  0.24710E-01  0.37412E-01  0.50476E-01
  0.64019E-01  0.78299E-01  0.83740E-01  0.88555E-01  0.93481E-01  0.98694E-01
  0.90569E-01  0.94359E-01  0.88237E-01  0.00000E+00  0.69863E-01  0.53198E-01
  0.26461E-01  0.00000E+00  0.42563E-01  0.10706E+00  0.19224E+00  0.32348E+00
  0.50777E+00  0.76554E+00  0.12167E+01  0.18111E+01  0.27388E+01  0.42002E+01
  0.65190E+01  0.10057E+02  0.15535E+02  0.24188E+02  0.37607E+02  0.58790E+02
  0.92322E+02  0.14551E+03  0.23003E+03  0.36449E+03  0.57869E+03  0.92020E+03
  0.14652E+04  0.23349E+04  0.00000E+00  0.26686E-01  0.53670E-01  0.81079E-01
  0.10904E+00  0.13782E+00  0.16777E+00  0.17650E+00  0.18419E+00  0.19198E+00
  0.19989E+00  0.18550E+00  0.19111E+00  0.18138E+00  0.17191E+00  0.16439E+00
  0.00000E+00  0.11028E+00  0.90974E-01  0.42621E-01  0.29114E-01  0.10860E+00
  0.22992E+00  0.39047E+00  0.60304E+00  0.99119E+00  0.14642E+01  0.21996E+01
  0.33554E+01  0.51870E+01  0.79360E+01  0.12146E+02  0.18773E+02  0.28941E+02
  0.44928E+02  0.70150E+02  0.11005E+03  0.17331E+03  0.27378E+03  0.43360E+03
  0.68813E+03  0.10939E+04  0.17410E+04  0.00000E+00  0.55629E-01  0.11176E+00
  0.16852E+00  0.22620E+00  0.28508E+00  0.34582E+00  0.35920E+00  0.37059E+00
  0.38220E+00  0.39405E+00  0.36874E+00  0.37522E+00  0.35851E+00  0.34292E+00
  0.32851E+00  0.30552E+00  0.00000E+00  0.25416E+00  0.20981E+00  0.14614E+00
  0.63019E-01  0.60840E-01  0.19280E+00  0.35085E+00  0.66757E+00  0.10011E+01
  0.15215E+01  0.23430E+01  0.36521E+01  0.55636E+01  0.84425E+01  0.12963E+02
  0.19777E+02  0.30434E+02  0.47178E+02  0.73575E+02  0.11531E+03  0.18144E+03
  0.28644E+03  0.45342E+03  0.71931E+03  0.11429E+04  0.00000E+00  0.11671E+00
  0.23414E+00  0.35259E+00  0.47243E+00  0.59415E+00  0.71880E+00  0.73500E+00
  0.75198E+00  0.76698E+00  0.78428E+00  0.73639E+00  0.74018E+00  0.70867E+00
  0.68010E+00  0.65428E+00  0.61254E+00  0.00000E+00  0.00000E+00  0.51598E+00
  0.46706E+00  0.41655E+00  0.32146E+00  0.21290E+00  0.96711E-01  0.16882E+00
  0.33529E+00  0.60598E+00  0.10498E+01  0.17818E+01  0.27815E+01  0.42317E+01
  0.65233E+01  0.98198E+01  0.14942E+02  0.22945E+02  0.35504E+02  0.55286E+02
  0.86537E+02  0.13603E+03  0.21459E+03  0.33947E+03  0.53819E+03  0.00000E+00
  0.24961E+00  0.50018E+00  0.75250E+00  0.10069E+01  0.12642E+01  0.15261E+01
  0.15379E+01  0.15527E+01  0.15709E+01  0.15920E+01  0.14978E+01  0.14861E+01
  0.14230E+01  0.13656E+01  0.13144E+01  0.12398E+01  0.11650E+01  0.11577E+01
  0.11167E+01  0.10665E+01  0.10508E+01  0.10130E+01  0.10160E+01  0.10931E+01
  0.98618E+00  0.11427E+01  0.13030E+01  0.14245E+01  0.14115E+01  0.16001E+01
  0.20444E+01  0.25372E+01  0.39744E+01  0.62754E+01  0.99722E+01  0.15929E+02
  0.25548E+02  0.41112E+02  0.66328E+02  0.10723E+03  0.17366E+03  0.28155E+03
  0.00000E+00  0.49123E+00  0.98376E+00  0.14789E+01  0.19771E+01  0.24792E+01
  0.29885E+01  0.30058E+01  0.30274E+01  0.30539E+01  0.30839E+01  0.29119E+01
  0.28717E+01  0.27509E+01  0.26402E+01  0.25408E+01  0.24055E+01  0.22756E+01
  0.22607E+01  0.22032E+01  0.21499E+01  0.21737E+01  0.22040E+01  0.23467E+01
  0.26663E+01  0.28722E+01  0.35910E+01  0.45871E+01  0.59683E+01  0.78784E+01
  0.11088E+02  0.16274E+02  0.24217E+02  0.37495E+02  0.58641E+02  0.92471E+02
  0.14679E+03  0.23428E+03  0.37551E+03  0.60394E+03  0.97394E+03  0.15742E+04
  0.25483E+04  0.00000E+00  0.95827E+00  0.19182E+01  0.28820E+01  0.38500E+01
  0.48232E+01  0.58070E+01  0.58319E+01  0.58629E+01  0.59003E+01  0.59416E+01
  0.56184E+01  0.55074E+01  0.52677E+01  0.50438E+01  0.48376E+01  0.45698E+01
  0.43143E+01  0.42528E+01  0.41258E+01  0.40166E+01  0.40435E+01  0.41038E+01
  0.43633E+01  0.49168E+01  0.53928E+01  0.66566E+01  0.84362E+01  0.10960E+02
  0.14560E+02  0.20381E+02  0.29580E+02  0.43692E+02  0.66619E+02  0.10288E+03
  0.16056E+03  0.25275E+03  0.40068E+03  0.63877E+03  0.10229E+04  0.16440E+04
  0.26500E+04  0.42808E+04  0.00000E+00  0.18564E+01  0.37147E+01  0.55786E+01
  0.74484E+01  0.93249E+01  0.11217E+02  0.11253E+02  0.11296E+02  0.11349E+02
  0.11404E+02  0.10802E+02  0.10545E+02  0.10080E+02  0.96390E+01  0.92256E+01
  0.87033E+01  0.82038E+01  0.80339E+01  0.77559E+01  0.75160E+01  0.75071E+01
  0.75696E+01  0.79614E+01  0.88160E+01  0.96198E+01  0.11591E+02  0.14363E+02
  0.18297E+02  0.23930E+02  0.32829E+02  0.46654E+02  0.67715E+02  0.10131E+03
  0.15399E+03  0.23718E+03  0.36937E+03  0.58044E+03  0.91884E+03  0.14631E+04
  0.23409E+04  0.37599E+04  0.60564E+04  0.00000E+00  0.35390E+01  0.70799E+01
  0.10629E+02  0.14186E+02  0.17751E+02  0.21339E+02  0.21389E+02  0.21451E+02
  0.21523E+02  0.21595E+02  0.20494E+02  0.19954E+02  0.19076E+02  0.18234E+02
  0.17435E+02  0.16442E+02  0.15488E+02  0.15093E+02  0.14513E+02  0.14001E+02
  0.13874E+02  0.13872E+02  0.14399E+02  0.15637E+02  0.16835E+02  0.19739E+02
  0.23798E+02  0.29523E+02  0.37676E+02  0.50323E+02  0.69654E+02  0.98783E+02
  0.14451E+03  0.21547E+03  0.32657E+03  0.50178E+03  0.77988E+03  0.12235E+04
  0.19343E+04  0.30769E+04  0.49191E+04  0.78945E+04  0.00000E+00  0.70729E+01
  0.14147E+02  0.21234E+02  0.28331E+02  0.35438E+02  0.42580E+02  0.42653E+02
  0.42742E+02  0.42845E+02  0.42939E+02  0.40878E+02  0.39773E+02  0.38094E+02
  0.36472E+02  0.34919E+02  0.33013E+02  0.31176E+02  0.30327E+02  0.29151E+02
  0.28104E+02  0.27726E+02  0.27580E+02  0.28326E+02  0.30228E+02  0.32117E+02
  0.36642E+02  0.42920E+02  0.51701E+02  0.64098E+02  0.82948E+02  0.11124E+03
  0.15328E+03  0.21811E+03  0.31741E+03  0.47113E+03  0.71128E+03  0.10894E+04
  0.16887E+04  0.26435E+04  0.41717E+04  0.66270E+04  0.10581E+05  0.00000E+00
  0.13556E+02  0.27111E+02  0.40686E+02  0.54273E+02  0.67870E+02  0.81520E+02
  0.81623E+02  0.81747E+02  0.81887E+02  0.82000E+02  0.78258E+02  0.76112E+02
  0.73007E+02  0.69989E+02  0.67074E+02  0.63524E+02  0.60088E+02  0.58355E+02
  0.56037E+02  0.53932E+02  0.52951E+02  0.52343E+02  0.53183E+02  0.55834E+02
  0.58421E+02  0.64984E+02  0.74025E+02  0.86555E+02  0.10406E+03  0.13029E+03
  0.16899E+03  0.22563E+03  0.31147E+03  0.44111E+03  0.63925E+03  0.94537E+03
  0.14228E+04  0.21735E+04  0.33618E+04  0.52532E+04  0.82789E+04  0.13135E+05
  0.00000E+00  0.27131E+02  0.54255E+02  0.81410E+02  0.10858E+03  0.13575E+03
  0.16301E+03  0.16316E+03  0.16334E+03  0.16353E+03  0.16366E+03  0.15670E+03
  0.15251E+03  0.14665E+03  0.14093E+03  0.13537E+03  0.12863E+03  0.12209E+03
  0.11859E+03  0.11402E+03  0.10981E+03  0.10757E+03  0.10595E+03  0.10678E+03
  0.11060E+03  0.11424E+03  0.12419E+03  0.13781E+03  0.15654E+03  0.18244E+03
  0.22065E+03  0.27605E+03  0.35576E+03  0.47433E+03  0.65039E+03  0.91538E+03
  0.13192E+04  0.19415E+04  0.29100E+04  0.44297E+04  0.68314E+04  0.10651E+05
  0.16750E+05  0.00000E+00  0.48547E+02  0.97074E+02  0.14565E+03  0.19424E+03
  0.24283E+03  0.29154E+03  0.29174E+03  0.29198E+03  0.29223E+03  0.29236E+03
  0.28074E+03  0.27354E+03  0.26368E+03  0.25402E+03  0.24460E+03  0.23323E+03
  0.22215E+03  0.21601E+03  0.20809E+03  0.20074E+03  0.19652E+03  0.19327E+03
  0.19386E+03  0.19901E+03  0.20378E+03  0.21799E+03  0.23737E+03  0.26386E+03
  0.30020E+03  0.35323E+03  0.42908E+03  0.53663E+03  0.69411E+03  0.92451E+03
  0.12665E+04  0.17809E+04  0.25645E+04  0.37718E+04  0.56498E+04  0.85959E+04
  0.13252E+05  0.20651E+05  0.00000E+00  0.86652E+02  0.17326E+03  0.25994E+03
  0.34664E+03  0.43331E+03  0.52016E+03  0.52044E+03  0.52076E+03  0.52108E+03
  0.52116E+03  0.50174E+03  0.48939E+03  0.47277E+03  0.45644E+03  0.44046E+03
  0.42121E+03  0.40240E+03  0.39165E+03  0.37790E+03  0.36501E+03  0.35713E+03
  0.35070E+03  0.35027E+03  0.35683E+03  0.36250E+03  0.38237E+03  0.40946E+03
  0.44632E+03  0.49658E+03  0.56935E+03  0.67217E+03  0.81593E+03  0.10233E+04
  0.13219E+04  0.17586E+04  0.24064E+04  0.33804E+04  0.48634E+04  0.71469E+04
  0.10698E+05  0.16268E+05  0.25065E+05  0.00000E+00  0.15646E+03  0.31283E+03
  0.46932E+03  0.62582E+03  0.78223E+03  0.93894E+03  0.93931E+03  0.93974E+03
  0.94012E+03  0.94008E+03  0.90708E+03  0.88564E+03  0.85721E+03  0.82920E+03
  0.80169E+03  0.76859E+03  0.73616E+03  0.71709E+03  0.69285E+03  0.66991E+03
  0.65508E+03  0.64239E+03  0.63924E+03  0.64695E+03  0.65261E+03  0.68007E+03
  0.71757E+03  0.76852E+03  0.83768E+03  0.93745E+03  0.10769E+04  0.12693E+04
  0.15428E+04  0.19306E+04  0.24886E+04  0.33036E+04  0.45112E+04  0.63252E+04
  0.90847E+04  0.13330E+05  0.19930E+05  0.30271E+05  0.00000E+00  0.27726E+03
  0.55434E+03  0.83160E+03  0.11089E+04  0.13859E+04  0.16634E+04  0.16639E+04
  0.16644E+04  0.16649E+04  0.16645E+04  0.16081E+04  0.15707E+04  0.15217E+04
  0.14734E+04  0.14257E+04  0.13684E+04  0.13120E+04  0.12779E+04  0.12348E+04
  0.11936E+04  0.11654E+04  0.11403E+04  0.11303E+04  0.11371E+04  0.11391E+04
  0.11747E+04  0.12238E+04  0.12906E+04  0.13812E+04  0.15125E+04  0.16948E+04
  0.19432E+04  0.22919E+04  0.27787E+04  0.34681E+04  0.44587E+04  0.59038E+04
  0.80424E+04  0.11251E+05  0.16127E+05  0.23623E+05  0.35261E+05  0.00000E+00
  0.50924E+03  0.10181E+04  0.15273E+04  0.20365E+04  0.25452E+04  0.30547E+04
  0.30553E+04  0.30560E+04  0.30565E+04  0.30555E+04  0.29584E+04  0.28932E+04
  0.28086E+04  0.27248E+04  0.26420E+04  0.25426E+04  0.24446E+04  0.23843E+04
  0.23083E+04  0.22350E+04  0.21835E+04  0.21365E+04  0.21141E+04  0.21187E+04
  0.21140E+04  0.21628E+04  0.22307E+04  0.23237E+04  0.24499E+04  0.26335E+04
  0.28871E+04  0.32288E+04  0.37030E+04  0.43555E+04  0.52650E+04  0.65511E+04
  0.83966E+04  0.11084E+05  0.15056E+05  0.21006E+05  0.30040E+05  0.43906E+05
  0.00000E+00  0.94480E+03  0.18890E+04  0.28337E+04  0.37782E+04  0.47219E+04
  0.56668E+04  0.56677E+04  0.56685E+04  0.56688E+04  0.56666E+04  0.54980E+04
  0.53834E+04  0.52359E+04  0.50895E+04  0.49446E+04  0.47707E+04  0.45988E+04
  0.44916E+04  0.43567E+04  0.42259E+04  0.41317E+04  0.40441E+04  0.39972E+04
  0.39944E+04  0.39735E+04  0.40395E+04  0.41328E+04  0.42618E+04  0.44376E+04
  0.46961E+04  0.50520E+04  0.55272E+04  0.61803E+04  0.70669E+04  0.82848E+04
  0.99798E+04  0.12372E+05  0.15799E+05  0.20780E+05  0.28127E+05  0.39120E+05
  0.55774E+05  0.00000E+00  0.17758E+04  0.35503E+04  0.53258E+04  0.71009E+04
  0.88745E+04  0.10650E+05  0.10651E+05  0.10652E+05  0.10652E+05  0.10647E+05
  0.10351E+05  0.10148E+05  0.98871E+04  0.96284E+04  0.93719E+04  0.90641E+04
  0.87594E+04  0.85669E+04  0.83252E+04  0.80896E+04  0.79165E+04  0.77532E+04
  0.76583E+04  0.76366E+04  0.75801E+04  0.76674E+04  0.77942E+04  0.79723E+04
  0.82170E+04  0.85832E+04  0.90876E+04  0.97558E+04  0.10668E+05  0.11891E+05
  0.13549E+05  0.15821E+05  0.18978E+05  0.23424E+05  0.29777E+05  0.38992E+05
  0.52558E+05  0.72804E+05  0.00000E+00  0.33970E+04  0.67915E+04  0.10188E+05
  0.13583E+05  0.16976E+05  0.20372E+05  0.20373E+05  0.20374E+05  0.20373E+05
  0.20363E+05  0.19833E+05  0.19466E+05  0.18999E+05  0.18534E+05  0.18073E+05
  0.17519E+05  0.16970E+05  0.16619E+05  0.16180E+05  0.15749E+05  0.15428E+05
  0.15121E+05  0.14931E+05  0.14866E+05  0.14734E+05  0.14845E+05  0.15014E+05
  0.15258E+05  0.15598E+05  0.16120E+05  0.16843E+05  0.17794E+05  0.19087E+05
  0.20803E+05  0.23100E+05  0.26207E+05  0.30456E+05  0.36345E+05  0.44615E+05
  0.56401E+05  0.73453E+05  0.98476E+05  0.00000E+00  0.66636E+04  0.13322E+05
  0.19985E+05  0.26645E+05  0.33299E+05  0.39960E+05  0.39962E+05  0.39962E+05
  0.39959E+05  0.39940E+05  0.38967E+05  0.38290E+05  0.37431E+05  0.36575E+05
  0.35725E+05  0.34704E+05  0.33691E+05  0.33038E+05  0.32220E+05  0.31417E+05
  0.30807E+05  0.30221E+05  0.29841E+05  0.29679E+05  0.29385E+05  0.29518E+05
  0.29736E+05  0.30064E+05  0.30533E+05  0.31284E+05  0.32333E+05  0.33708E+05
  0.35573E+05  0.38027E+05  0.41278E+05  0.45621E+05  0.51480E+05  0.59472E+05
  0.70509E+05  0.85959E+05  0.10791E+06  0.13953E+06  0.00000E+00  0.13591E+05
  0.27171E+05  0.40759E+05  0.54343E+05  0.67914E+05  0.81498E+05  0.81499E+05
  0.81499E+05  0.81490E+05  0.81451E+05  0.79597E+05  0.78299E+05  0.76657E+05
  0.75021E+05  0.73393E+05  0.71439E+05  0.69496E+05  0.68235E+05  0.66657E+05
  0.65100E+05  0.63906E+05  0.62746E+05  0.61968E+05  0.61588E+05  0.60940E+05
  0.61074E+05  0.61336E+05  0.61762E+05  0.62400E+05  0.63493E+05  0.65042E+05
  0.67069E+05  0.69825E+05  0.73424E+05  0.78149E+05  0.84393E+05  0.92711E+05
  0.10390E+06  0.11910E+06  0.14000E+06  0.16915E+06  0.21034E+06  0.00000E+00
  0.23123E+05  0.46229E+05  0.69346E+05  0.92457E+05  0.11555E+06  0.13866E+06
  0.13866E+06  0.13866E+06  0.13864E+06  0.13858E+06  0.13563E+06  0.13356E+06
  0.13095E+06  0.12835E+06  0.12575E+06  0.12264E+06  0.11955E+06  0.11753E+06
  0.11501E+06  0.11251E+06  0.11059E+06  0.10872E+06  0.10744E+06  0.10677E+06
  0.10568E+06  0.10579E+06  0.10609E+06  0.10661E+06  0.10742E+06  0.10889E+06
  0.11100E+06  0.11376E+06  0.11752E+06  0.12240E+06  0.12879E+06  0.13717E+06
  0.14826E+06  0.16303E+06  0.18291E+06  0.20993E+06  0.24714E+06  0.29902E+06
  0.00000E+00  0.39340E+05  0.78652E+05  0.11798E+06  0.15730E+06  0.19659E+06
  0.23591E+06  0.23591E+06  0.23590E+06  0.23588E+06  0.23577E+06  0.23109E+06
  0.22780E+06  0.22364E+06  0.21950E+06  0.21537E+06  0.21042E+06  0.20549E+06
  0.20227E+06  0.19824E+06  0.19425E+06  0.19116E+06  0.18813E+06  0.18604E+06
  0.18491E+06  0.18306E+06  0.18312E+06  0.18341E+06  0.18402E+06  0.18503E+06
  0.18699E+06  0.18986E+06  0.19361E+06  0.19875E+06  0.20540E+06  0.21405E+06
  0.22534E+06  0.24018E+06  0.25981E+06  0.28599E+06  0.32122E+06  0.36916E+06
  0.43518E+06  0.00000E+00  0.00000E+00  0.00000E+00  0.00000E+00  0.00000E+00
  0.00000E+00  0.00000E+00  0.00000E+00  0.00000E+00  0.00000E+00  0.00000E+00
  0.00000E+00  0.00000E+00  0.00000E+00  0.00000E+00  0.00000E+00  0.00000E+00
  0.00000E+00  0.00000E+00  0.00000E+00  0.00000E+00  0.00000E+00  0.00000E+00
  0.00000E+00  0.00000E+00  0.00000E+00  0.00000E+00  0.00000E+00  0.00000E+00
  0.00000E+00  0.00000E+00  0.00000E+00  0.00000E+00  0.00000E+00  0.00000E+00
  0.00000E+00  0.00000E+00  0.00000E+00  0.00000E+00  0.00000E+00  0.00000E+00
  0.00000E+00  0.00000E+00  0.00000E+00  0.00000E+00  0.00000E+00  0.00000E+00
  0.00000E+00  0.00000E+00  0.00000E+00  0.00000E+00  0.00000E+00  0.00000E+00
  0.00000E+00  0.00000E+00  0.00000E+00  0.55800E-04  0.15814E-03  0.44768E-03
  0.11603E-02  0.28682E-02  0.63703E-02  0.13605E-01  0.30586E-01  0.57882E-01
  0.13507E+00  0.26529E+00  0.48955E+00  0.87884E+00  0.15576E+01  0.27608E+01
  0.48332E+01  0.85663E+01  0.14999E+02  0.26262E+02  0.45988E+02  0.80537E+02
  0.14103E+03  0.24697E+03  0.43249E+03  0.75740E+03  0.13264E+04  0.23227E+04
  0.40679E+04  0.71241E+04  0.12476E+05  0.00000E+00  0.00000E+00  0.00000E+00
  0.00000E+00  0.00000E+00  0.00000E+00  0.00000E+00  0.00000E+00  0.00000E+00
  0.00000E+00  0.00000E+00  0.00000E+00  0.00000E+00  0.11331E-03  0.31994E-03
  0.90395E-03  0.23370E-02  0.57673E-02  0.12797E-01  0.27287E-01  0.61296E-01
  0.11598E+00  0.27056E+00  0.53122E+00  0.98001E+00  0.17589E+01  0.31170E+01
  0.55241E+01  0.96697E+01  0.17137E+02  0.30005E+02  0.52534E+02  0.91991E+02
  0.16110E+03  0.28208E+03  0.49399E+03  0.86506E+03  0.15149E+04  0.26529E+04
  0.46457E+04  0.81365E+04  0.14249E+05  0.24954E+05  0.00000E+00  0.00000E+00
  0.00000E+00  0.00000E+00  0.00000E+00  0.00000E+00  0.00000E+00  0.00000E+00
  0.00000E+00  0.00000E+00  0.00000E+00  0.00000E+00  0.00000E+00  0.17282E-03
  0.48681E-03  0.13708E-02  0.35360E-02  0.87086E-02  0.19287E-01  0.41103E-01
  0.92244E-01  0.17428E+00  0.40635E+00  0.79749E+00  0.14708E+01  0.26391E+01
  0.46757E+01  0.82852E+01  0.14501E+02  0.25698E+02  0.44991E+02  0.78768E+02
  0.13792E+03  0.24153E+03  0.42291E+03  0.74060E+03  0.12969E+04  0.22711E+04
  0.39772E+04  0.69646E+04  0.12198E+05  0.21362E+05  0.37410E+05  0.00000E+00
  0.00000E+00  0.00000E+00  0.00000E+00  0.00000E+00  0.00000E+00  0.00000E+00
  0.00000E+00  0.00000E+00  0.00000E+00  0.00000E+00  0.00000E+00  0.00000E+00
  0.23511E-03  0.66004E-03  0.18531E-02  0.47648E-02  0.11711E-01  0.25869E-01
  0.55044E-01  0.12339E+00  0.23300E+00  0.54270E+00  0.10645E+01  0.19624E+01
  0.35202E+01  0.62352E+01  0.11046E+02  0.19331E+02  0.34254E+02  0.59966E+02
  0.10498E+03  0.18381E+03  0.32187E+03  0.56357E+03  0.98690E+03  0.17282E+04
  0.30264E+04  0.52997E+04  0.92804E+04  0.16254E+05  0.28464E+05  0.49848E+05
  0.00000E+00  0.00000E+00  0.00000E+00  0.00000E+00  0.00000E+00  0.00000E+00
  0.00000E+00  0.00000E+00  0.00000E+00  0.00000E+00  0.00000E+00  0.00000E+00
  0.00000E+00  0.30028E-03  0.84042E-03  0.23528E-02  0.60308E-02  0.14779E-01
  0.32578E-01  0.69164E-01  0.15483E+00  0.29203E+00  0.67970E+00  0.13324E+01
  0.24550E+01  0.44019E+01  0.77946E+01  0.13806E+02  0.24156E+02  0.42797E+02
  0.74913E+02  0.13113E+03  0.22959E+03  0.40202E+03  0.70388E+03  0.12326E+04
  0.21583E+04  0.37796E+04  0.66187E+04  0.11590E+05  0.20299E+05  0.35548E+05
  0.62253E+05  0.00000E+00  0.00000E+00  0.00000E+00  0.00000E+00  0.00000E+00
  0.00000E+00  0.00000E+00  0.00000E+00  0.00000E+00  0.00000E+00  0.00000E+00
  0.00000E+00  0.00000E+00  0.36815E-03  0.10293E-02  0.28747E-02  0.73423E-02
  0.17934E-01  0.39417E-01  0.83498E-01  0.18662E+00  0.35151E+00  0.81761E+00
  0.16015E+01  0.29489E+01  0.52849E+01  0.93544E+01  0.16564E+02  0.28974E+02
  0.51326E+02  0.89829E+02  0.15723E+03  0.27525E+03  0.48195E+03  0.84380E+03
  0.14775E+04  0.25872E+04  0.45306E+04  0.79336E+04  0.13892E+05  0.24331E+05
  0.42609E+05  0.74618E+05  0.00000E+00  0.00000E+00  0.00000E+00  0.00000E+00
  0.00000E+00  0.00000E+00  0.00000E+00  0.00000E+00  0.00000E+00  0.00000E+00
  0.00000E+00  0.00000E+00  0.00000E+00  0.43642E-03  0.12243E-02  0.34176E-02
  0.87030E-02  0.21186E-01  0.46410E-01  0.98075E-01  0.21881E+00  0.41150E+00
  0.95590E+00  0.18708E+01  0.34419E+01  0.61644E+01  0.10906E+02  0.19304E+02
  0.33757E+02  0.59786E+02  0.10462E+03  0.18309E+03  0.32050E+03  0.56113E+03
  0.98237E+03  0.17201E+04  0.30119E+04  0.52741E+04  0.92354E+04  0.16172E+05
  0.28322E+05  0.49599E+05  0.86859E+05  0.00000E+00  0.00000E+00  0.00000E+00
  0.00000E+00  0.00000E+00  0.00000E+00  0.00000E+00  0.00000E+00  0.00000E+00
  0.00000E+00  0.00000E+00  0.00000E+00  0.00000E+00  0.50069E-03  0.14203E-02
  0.39796E-02  0.10115E-01  0.24539E-01  0.53569E-01  0.11284E+00  0.25126E+00
  0.47171E+00  0.10945E+01  0.21398E+01  0.39332E+01  0.70388E+01  0.12445E+02
  0.22018E+02  0.38489E+02  0.68150E+02  0.11923E+03  0.20862E+03  0.36515E+03
  0.63924E+03  0.11190E+04  0.19593E+04  0.34306E+04  0.60071E+04  0.10519E+05
  0.18419E+05  0.32257E+05  0.56488E+05  0.98924E+05  0.00000E+00  0.00000E+00
  0.00000E+00  0.00000E+00  0.00000E+00  0.00000E+00  0.00000E+00  0.00000E+00
  0.00000E+00  0.00000E+00  0.00000E+00  0.00000E+00  0.00000E+00  0.54858E-03
  0.16026E-02  0.45429E-02  0.11556E-01  0.27971E-01  0.60831E-01  0.12773E+00
  0.28385E+00  0.53188E+00  0.12328E+01  0.24074E+01  0.44200E+01  0.79024E+01
  0.13961E+02  0.24686E+02  0.43132E+02  0.76349E+02  0.13353E+03  0.23361E+03
  0.40882E+03  0.71560E+03  0.12526E+04  0.21930E+04  0.38396E+04  0.67230E+04
  0.11772E+05  0.20612E+05  0.36099E+05  0.63215E+05  0.11070E+06  0.00000E+00
  0.00000E+00  0.00000E+00  0.00000E+00  0.00000E+00  0.00000E+00  0.00000E+00
  0.00000E+00  0.00000E+00  0.00000E+00  0.00000E+00  0.00000E+00  0.00000E+00
  0.54938E-03  0.17295E-02  0.50547E-02  0.12953E-01  0.31369E-01  0.68010E-01
  0.14238E+00  0.31593E+00  0.59103E+00  0.13682E+01  0.26688E+01  0.48935E+01
  0.87389E+01  0.15425E+02  0.27255E+02  0.47592E+02  0.84213E+02  0.14724E+03
  0.25751E+03  0.45056E+03  0.78855E+03  0.13801E+04  0.24161E+04  0.42299E+04
  0.74060E+04  0.12967E+05  0.22705E+05  0.39763E+05  0.69631E+05  0.12194E+06
  0.00000E+00  0.00000E+00  0.00000E+00  0.00000E+00  0.00000E+00  0.00000E+00
  0.00000E+00  0.00000E+00  0.00000E+00  0.00000E+00  0.00000E+00  0.00000E+00
  0.00000E+00  0.44020E-03  0.17199E-02  0.54154E-02  0.14174E-01  0.34544E-01
  0.74806E-01  0.15623E+00  0.34659E+00  0.64737E+00  0.14977E+01  0.29183E+01
  0.53430E+01  0.95284E+01  0.16798E+02  0.29657E+02  0.51746E+02  0.91527E+02
  0.15995E+03  0.27966E+03  0.48918E+03  0.85598E+03  0.14979E+04  0.26220E+04
  0.45900E+04  0.80360E+04  0.14070E+05  0.24635E+05  0.43141E+05  0.75544E+05
  0.13229E+06  0.00000E+00  0.00000E+00  0.00000E+00  0.00000E+00  0.00000E+00
  0.00000E+00  0.00000E+00  0.00000E+00  0.00000E+00  0.00000E+00  0.00000E+00
  0.00000E+00  0.00000E+00  0.55521E-04  0.13516E-02  0.53279E-02  0.14801E-01
  0.36867E-01  0.80166E-01  0.16759E+00  0.37277E+00  0.69641E+00  0.16123E+01
  0.31401E+01  0.57403E+01  0.10220E+02  0.17993E+02  0.31735E+02  0.55317E+02
  0.97798E+02  0.17082E+03  0.29852E+03  0.52201E+03  0.91319E+03  0.15977E+04
  0.27963E+04  0.48946E+04  0.85687E+04  0.15002E+05  0.26265E+05  0.45994E+05
  0.80538E+05  0.14103E+06  0.00000E+00  0.00000E+00  0.00000E+00  0.00000E+00
  0.00000E+00  0.00000E+00  0.00000E+00  0.00000E+00  0.00000E+00  0.00000E+00
  0.00000E+00  0.00000E+00  0.00000E+00  0.89609E-03  0.26456E-03  0.43579E-02
  0.14279E-01  0.37578E-01  0.82988E-01  0.17464E+00  0.39168E+00  0.73365E+00
  0.17038E+01  0.33201E+01  0.60601E+01  0.10770E+02  0.18927E+02  0.33342E+02
  0.58042E+02  0.10256E+03  0.17901E+03  0.31266E+03  0.54650E+03  0.95572E+03
  0.16718E+04  0.29253E+04  0.51197E+04  0.89618E+04  0.15688E+05  0.27466E+05
  0.48094E+05  0.84214E+05  0.14746E+06  0.00000E+00  0.00000E+00  0.00000E+00
  0.00000E+00  0.00000E+00  0.00000E+00  0.00000E+00  0.00000E+00  0.00000E+00
  0.00000E+00  0.00000E+00  0.00000E+00  0.00000E+00  0.28428E-02  0.20309E-02
  0.19675E-02  0.12010E-01  0.36001E-01  0.82441E-01  0.17636E+00  0.40204E+00
  0.75762E+00  0.17696E+01  0.34540E+01  0.62946E+01  0.11162E+02  0.19574E+02
  0.34430E+02  0.59838E+02  0.10568E+03  0.18426E+03  0.32160E+03  0.56182E+03
  0.98212E+03  0.17174E+04  0.30045E+04  0.52572E+04  0.92013E+04  0.16106E+05
  0.28195E+05  0.49368E+05  0.86440E+05  0.15136E+06  0.00000E+00  0.00000E+00
  0.00000E+00  0.00000E+00  0.00000E+00  0.00000E+00  0.00000E+00  0.00000E+00
  0.00000E+00  0.00000E+00  0.00000E+00  0.00000E+00  0.00000E+00  0.00000E+00
  0.73004E-02  0.38297E-02  0.56155E-02  0.28795E-01  0.72689E-01  0.16109E+00
  0.37597E+00  0.74063E+00  0.16673E+01  0.32686E+01  0.59479E+01  0.10517E+02
  0.18391E+02  0.32285E+02  0.55978E+02  0.98788E+02  0.17202E+03  0.29992E+03
  0.52354E+03  0.91464E+03  0.15987E+04  0.27958E+04  0.48909E+04  0.85585E+04
  0.14979E+05  0.26218E+05  0.45903E+05  0.80369E+05  0.14072E+06  0.00000E+00
  0.26426E-03  0.53530E-03  0.81868E-03  0.11210E-02  0.14490E-02  0.17876E-02
  0.21793E-02  0.25800E-02  0.31604E-02  0.00000E+00  0.00000E+00  0.00000E+00
  0.00000E+00  0.00000E+00  0.13294E-01  0.46913E-02  0.17346E-01  0.58119E-01
  0.14036E+00  0.34470E+00  0.70657E+00  0.15711E+01  0.30950E+01  0.56189E+01
  0.98968E+01  0.17240E+02  0.30184E+02  0.52174E+02  0.91977E+02  0.15987E+03
  0.27837E+03  0.48542E+03  0.84740E+03  0.14803E+04  0.25876E+04  0.45251E+04
  0.79164E+04  0.13852E+05  0.24243E+05  0.42440E+05  0.74299E+05  0.13008E+06
  0.00000E+00  0.13591E-02  0.27444E-02  0.41786E-02  0.56831E-02  0.72913E-02
  0.89289E-02  0.10774E-01  0.12643E-01  0.15207E-01  0.17715E-01  0.18752E-01
  0.00000E+00  0.00000E+00  0.00000E+00  0.00000E+00  0.21082E-01  0.00000E+00
  0.37817E-01  0.11419E+00  0.31145E+00  0.66632E+00  0.14856E+01  0.29416E+01
  0.53198E+01  0.93175E+01  0.16143E+02  0.28155E+02  0.48465E+02  0.85294E+02
  0.14790E+03  0.25704E+03  0.44760E+03  0.78053E+03  0.13624E+04  0.23800E+04
  0.41602E+04  0.72754E+04  0.12727E+05  0.22270E+05  0.38980E+05  0.68233E+05
  0.11945E+06  0.00000E+00  0.35293E-02  0.71119E-02  0.10788E-01  0.14607E-01
  0.18621E-01  0.22698E-01  0.27187E-01  0.31737E-01  0.37638E-01  0.43053E-01
  0.47618E-01  0.53008E-01  0.59426E-01  0.18001E-01  0.00000E+00  0.00000E+00
  0.43216E-01  0.15332E-01  0.44781E-01  0.21936E+00  0.53953E+00  0.12799E+01
  0.25999E+01  0.47108E+01  0.82166E+01  0.14158E+02  0.24602E+02  0.42127E+02
  0.74062E+02  0.12802E+03  0.22197E+03  0.38583E+03  0.67191E+03  0.11715E+04
  0.20451E+04  0.35725E+04  0.62448E+04  0.10921E+05  0.19104E+05  0.33432E+05
  0.58513E+05  0.10242E+06  0.00000E+00  0.81394E-02  0.16366E-01  0.24762E-01
  0.33395E-01  0.42359E-01  0.51398E-01  0.61129E-01  0.70892E-01  0.82997E-01
  0.91741E-01  0.99037E-01  0.10789E+00  0.11910E+00  0.12716E+00  0.12952E+00
  0.12710E+00  0.00000E+00  0.87657E-01  0.41218E-01  0.11992E+00  0.41363E+00
  0.11048E+01  0.23251E+01  0.42193E+01  0.73123E+01  0.12500E+02  0.21601E+02
  0.36718E+02  0.64424E+02  0.11088E+03  0.19161E+03  0.33221E+03  0.57741E+03
  0.10053E+04  0.17529E+04  0.30596E+04  0.53448E+04  0.93422E+04  0.16336E+05
  0.28581E+05  0.50012E+05  0.87531E+05  0.00000E+00  0.17717E-01  0.35564E-01
  0.53695E-01  0.72212E-01  0.91262E-01  0.11036E+00  0.13056E+00  0.15069E+00
  0.17475E+00  0.18872E+00  0.20004E+00  0.21322E+00  0.23035E+00  0.24293E+00
  0.24730E+00  0.24626E+00  0.23469E+00  0.00000E+00  0.19045E+00  0.48709E-01
  0.20829E+00  0.84095E+00  0.19393E+01  0.35697E+01  0.61664E+01  0.10459E+02
  0.17979E+02  0.30283E+02  0.53077E+02  0.90848E+02  0.15633E+03  0.27016E+03
  0.46839E+03  0.81396E+03  0.14172E+04  0.24710E+04  0.43130E+04  0.75340E+04
  0.13168E+05  0.23030E+05  0.40288E+05  0.70496E+05  0.00000E+00  0.37001E-01
  0.74196E-01  0.11184E+00  0.15010E+00  0.18921E+00  0.22816E+00  0.26890E+00
  0.30913E+00  0.35577E+00  0.37662E+00  0.39286E+00  0.41248E+00  0.43744E+00
  0.45447E+00  0.45995E+00  0.45954E+00  0.44871E+00  0.44972E+00  0.00000E+00
  0.30801E+00  0.83949E-01  0.49427E+00  0.14744E+01  0.28330E+01  0.49154E+01
  0.82843E+01  0.14188E+02  0.23623E+02  0.41444E+02  0.70435E+02  0.12054E+03
  0.20744E+03  0.35849E+03  0.62144E+03  0.10800E+04  0.18803E+04  0.32784E+04
  0.57222E+04  0.99951E+04  0.17472E+05  0.30555E+05  0.53451E+05  0.00000E+00
  0.77643E-01  0.15572E+00  0.23436E+00  0.31402E+00  0.39494E+00  0.47536E+00
  0.55841E+00  0.63994E+00  0.73212E+00  0.75960E+00  0.77953E+00  0.80643E+00
  0.84140E+00  0.86167E+00  0.86416E+00  0.85894E+00  0.84142E+00  0.84933E+00
  0.85888E+00  0.00000E+00  0.53662E+00  0.00000E+00  0.87201E+00  0.19484E+01
  0.34897E+01  0.58921E+01  0.10124E+02  0.16604E+02  0.29358E+02  0.49425E+02
  0.83965E+02  0.14367E+03  0.24721E+03  0.42710E+03  0.74035E+03  0.12865E+04
  0.22397E+04  0.39048E+04  0.68148E+04  0.11905E+05  0.20809E+05  0.36389E+05
  0.00000E+00  0.16591E+00  0.33238E+00  0.49984E+00  0.66876E+00  0.83990E+00
  0.10091E+01  0.11825E+01  0.13517E+01  0.15391E+01  0.15650E+01  0.15828E+01
  0.16130E+01  0.16598E+01  0.16776E+01  0.16633E+01  0.16394E+01  0.15995E+01
  0.16079E+01  0.16325E+01  0.14939E+01  0.13230E+01  0.78211E+00  0.00000E+00
  0.77606E+00  0.17289E+01  0.30887E+01  0.55508E+01  0.89248E+01  0.16442E+02
  0.27331E+02  0.45966E+02  0.78039E+02  0.13346E+03  0.22951E+03  0.39642E+03
  0.68696E+03  0.11935E+04  0.20775E+04  0.36214E+04  0.63206E+04  0.11040E+05
  0.19296E+05  0.00000E+00  0.32673E+00  0.65426E+00  0.98324E+00  0.13143E+01
  0.16487E+01  0.19788E+01  0.23149E+01  0.26415E+01  0.29977E+01  0.30345E+01
  0.30547E+01  0.30929E+01  0.31553E+01  0.31637E+01  0.31148E+01  0.30491E+01
  0.29604E+01  0.29546E+01  0.29854E+01  0.28049E+01  0.26397E+01  0.20759E+01
  0.13791E+01  0.95256E+00  0.68284E+00  0.50664E+00  0.00000E+00  0.00000E+00
  0.19577E+01  0.32046E+01  0.53244E+01  0.89531E+01  0.15198E+02  0.25983E+02
  0.44680E+02  0.77161E+02  0.13371E+03  0.23228E+03  0.40428E+03  0.70481E+03
  0.12300E+04  0.21484E+04  0.00000E+00  0.63770E+00  0.12765E+01  0.19174E+01
  0.25613E+01  0.32099E+01  0.38489E+01  0.44963E+01  0.51232E+01  0.57984E+01
  0.58488E+01  0.58643E+01  0.59057E+01  0.59816E+01  0.59528E+01  0.58162E+01
  0.56437E+01  0.54291E+01  0.53499E+01  0.53302E+01  0.50000E+01  0.47422E+01
  0.40023E+01  0.32462E+01  0.30727E+01  0.33867E+01  0.42383E+01  0.53789E+01
  0.82144E+01  0.10738E+02  0.17233E+02  0.28174E+02  0.46772E+02  0.78595E+02
  0.13332E+03  0.22785E+03  0.39165E+03  0.67623E+03  0.11715E+04  0.20348E+04
  0.35417E+04  0.61733E+04  0.10773E+05  0.00000E+00  0.12358E+01  0.24733E+01
  0.37134E+01  0.49579E+01  0.62092E+01  0.74404E+01  0.86831E+01  0.98839E+01
  0.11164E+02  0.11232E+02  0.11229E+02  0.11264E+02  0.11347E+02  0.11232E+02
  0.10914E+02  0.10523E+02  0.10052E+02  0.98033E+01  0.96476E+01  0.90093E+01
  0.85363E+01  0.74415E+01  0.65101E+01  0.66219E+01  0.76590E+01  0.97746E+01
  0.12875E+02  0.19023E+02  0.26581E+02  0.41634E+02  0.66719E+02  0.10897E+03
  0.18076E+03  0.30350E+03  0.51459E+03  0.87906E+03  0.15106E+04  0.26074E+04
  0.45161E+04  0.78439E+04  0.13650E+05  0.23791E+05  0.00000E+00  0.23566E+01
  0.47155E+01  0.70780E+01  0.94463E+01  0.11825E+02  0.14163E+02  0.16517E+02
  0.18789E+02  0.21193E+02  0.21280E+02  0.21232E+02  0.21237E+02  0.21311E+02
  0.21016E+02  0.20347E+02  0.19535E+02  0.18572E+02  0.17974E+02  0.17517E+02
  0.16285E+02  0.15369E+02  0.13606E+02  0.12292E+02  0.12720E+02  0.14679E+02
  0.18403E+02  0.23925E+02  0.34087E+02  0.47500E+02  0.72319E+02  0.11315E+03
  0.18118E+03  0.29572E+03  0.49018E+03  0.82272E+03  0.13944E+04  0.23814E+04
  0.40911E+04  0.70603E+04  0.12229E+05  0.21236E+05  0.36953E+05  0.00000E+00
  0.47110E+01  0.94250E+01  0.14144E+02  0.18871E+02  0.23613E+02  0.28277E+02
  0.32962E+02  0.37485E+02  0.42236E+02  0.42348E+02  0.42200E+02  0.42128E+02
  0.42159E+02  0.41491E+02  0.40123E+02  0.38473E+02  0.36540E+02  0.35234E+02
  0.34159E+02  0.31783E+02  0.30022E+02  0.27049E+02  0.25089E+02  0.26129E+02
  0.29761E+02  0.36329E+02  0.46039E+02  0.62955E+02  0.86028E+02  0.12655E+03
  0.19215E+03  0.29996E+03  0.47942E+03  0.78121E+03  0.12934E+04  0.21685E+04
  0.36725E+04  0.62681E+04  0.10763E+05  0.18570E+05  0.32153E+05  0.55823E+05
  0.00000E+00  0.90307E+01  0.18066E+02  0.27107E+02  0.36159E+02  0.45233E+02
  0.54159E+02  0.63112E+02  0.71761E+02  0.80796E+02  0.80928E+02  0.80574E+02
  0.80330E+02  0.80233E+02  0.78854E+02  0.76197E+02  0.73005E+02  0.69281E+02
  0.66610E+02  0.64294E+02  0.59767E+02  0.56328E+02  0.51054E+02  0.47681E+02
  0.49236E+02  0.54872E+02  0.64934E+02  0.79672E+02  0.10460E+03  0.13861E+03
  0.19654E+03  0.28869E+03  0.43783E+03  0.68279E+03  0.10902E+04  0.17753E+04
  0.29373E+04  0.49226E+04  0.83332E+04  0.14218E+05  0.24412E+05  0.42109E+05
  0.72900E+05  0.00000E+00  0.18076E+02  0.36158E+02  0.54247E+02  0.72352E+02
  0.90490E+02  0.10834E+03  0.12623E+03  0.14354E+03  0.16152E+03  0.16167E+03
  0.16089E+03  0.16027E+03  0.15987E+03  0.15707E+03  0.15188E+03  0.14566E+03
  0.13843E+03  0.13304E+03  0.12821E+03  0.11949E+03  0.11274E+03  0.10307E+03
  0.96983E+02  0.99321E+02  0.10836E+03  0.12434E+03  0.14751E+03  0.18567E+03
  0.23740E+03  0.32297E+03  0.45641E+03  0.66841E+03  0.10110E+04  0.15728E+04
  0.25065E+04  0.40748E+04  0.67334E+04  0.11273E+05  0.19067E+05  0.32516E+05
  0.55796E+05  0.96208E+05  0.00000E+00  0.32347E+02  0.64700E+02  0.97062E+02
  0.12944E+03  0.16188E+03  0.19382E+03  0.22581E+03  0.25681E+03  0.28890E+03
  0.28903E+03  0.28760E+03  0.28640E+03  0.28550E+03  0.28058E+03  0.27166E+03
  0.26098E+03  0.24859E+03  0.23914E+03  0.23055E+03  0.21564E+03  0.20399E+03
  0.18790E+03  0.17779E+03  0.18092E+03  0.19426E+03  0.21780E+03  0.25164E+03
  0.30637E+03  0.37992E+03  0.49898E+03  0.68141E+03  0.96651E+03  0.14202E+04
  0.21543E+04  0.33603E+04  0.53663E+04  0.87397E+04  0.14462E+05  0.24238E+05
  0.41038E+05  0.70029E+05  0.12023E+06  0.00000E+00  0.57739E+02  0.11549E+03
  0.17324E+03  0.23102E+03  0.28888E+03  0.34591E+03  0.40298E+03  0.45838E+03
  0.51554E+03  0.51560E+03  0.51303E+03  0.51077E+03  0.50893E+03  0.50033E+03
  0.48503E+03  0.46672E+03  0.44550E+03  0.42898E+03  0.41372E+03  0.38812E+03
  0.36778E+03  0.34050E+03  0.32300E+03  0.32639E+03  0.34526E+03  0.37898E+03
  0.42712E+03  0.50413E+03  0.60622E+03  0.76867E+03  0.10132E+04  0.13887E+04
  0.19766E+04  0.29133E+04  0.44317E+04  0.69286E+04  0.11087E+05  0.18086E+05
  0.29967E+05  0.50282E+05  0.85198E+05  0.14548E+06  0.00000E+00  0.10426E+03
  0.20853E+03  0.31280E+03  0.41711E+03  0.52153E+03  0.62452E+03  0.72755E+03
  0.82771E+03  0.93077E+03  0.93064E+03  0.92598E+03  0.92177E+03  0.91815E+03
  0.90300E+03  0.87641E+03  0.84461E+03  0.80774E+03  0.77853E+03  0.75115E+03
  0.70642E+03  0.67026E+03  0.62276E+03  0.59138E+03  0.59344E+03  0.61931E+03
  0.66697E+03  0.73464E+03  0.84243E+03  0.98295E+03  0.12036E+04  0.15298E+04
  0.20216E+04  0.27779E+04  0.39626E+04  0.58535E+04  0.89207E+04  0.13970E+05
  0.22384E+05  0.36554E+05  0.60627E+05  0.10179E+06  0.17257E+06  0.00000E+00
  0.18476E+03  0.36953E+03  0.55429E+03  0.73909E+03  0.92406E+03  0.11065E+04
  0.12890E+04  0.14666E+04  0.16489E+04  0.16484E+04  0.16400E+04  0.16322E+04
  0.16252E+04  0.15984E+04  0.15520E+04  0.14964E+04  0.14319E+04  0.13800E+04
  0.13306E+04  0.12515E+04  0.11863E+04  0.11019E+04  0.10438E+04  0.10393E+04
  0.10712E+04  0.11345E+04  0.12242E+04  0.13684E+04  0.15520E+04  0.18389E+04
  0.22559E+04  0.28732E+04  0.38049E+04  0.52383E+04  0.74872E+04  0.11079E+05
  0.16910E+05  0.26515E+05  0.42531E+05  0.69524E+05  0.11539E+06  0.19384E+06
  0.00000E+00  0.33936E+03  0.67872E+03  0.10181E+04  0.13574E+04  0.16971E+04
  0.20324E+04  0.23677E+04  0.26944E+04  0.30292E+04  0.30277E+04  0.30127E+04
  0.29986E+04  0.29856E+04  0.29385E+04  0.28574E+04  0.27604E+04  0.26478E+04
  0.25561E+04  0.24681E+04  0.23293E+04  0.22136E+04  0.20653E+04  0.19609E+04
  0.19450E+04  0.19870E+04  0.20765E+04  0.22036E+04  0.24093E+04  0.26665E+04
  0.30658E+04  0.36371E+04  0.44681E+04  0.56994E+04  0.75585E+04  0.10422E+05
  0.14916E+05  0.22100E+05  0.33769E+05  0.52999E+05  0.85090E+05  0.13918E+06
  0.23110E+06  0.00000E+00  0.62964E+03  0.12593E+04  0.18888E+04  0.25184E+04
  0.31485E+04  0.37710E+04  0.43932E+04  0.50005E+04  0.56216E+04  0.56184E+04
  0.55916E+04  0.55661E+04  0.55421E+04  0.54587E+04  0.53161E+04  0.51456E+04
  0.49475E+04  0.47846E+04  0.46273E+04  0.43819E+04  0.41751E+04  0.39121E+04
  0.37234E+04  0.36825E+04  0.37352E+04  0.38612E+04  0.40409E+04  0.43363E+04
  0.46979E+04  0.52591E+04  0.60503E+04  0.71827E+04  0.88307E+04  0.11272E+05
  0.14962E+05  0.20646E+05  0.29572E+05  0.43842E+05  0.67029E+05  0.10526E+06
  0.16906E+06  0.27662E+06  0.00000E+00  0.11834E+04  0.23669E+04  0.35501E+04
  0.47334E+04  0.59175E+04  0.70881E+04  0.82581E+04  0.94017E+04  0.10569E+05
  0.10563E+05  0.10514E+05  0.10468E+05  0.10424E+05  0.10275E+05  0.10022E+05
  0.97185E+04  0.93663E+04  0.90745E+04  0.87908E+04  0.83524E+04  0.79795E+04
  0.75080E+04  0.71633E+04  0.70702E+04  0.71311E+04  0.73073E+04  0.75610E+04
  0.79883E+04  0.84992E+04  0.92964E+04  0.10406E+05  0.11971E+05  0.14211E+05
  0.17469E+05  0.22298E+05  0.29592E+05  0.40831E+05  0.58477E+05  0.86685E+05
  0.13254E+06  0.20811E+06  0.33423E+06  0.00000E+00  0.22639E+04  0.45277E+04
  0.67911E+04  0.90545E+04  0.11319E+05  0.13560E+05  0.15799E+05  0.17991E+05
  0.20225E+05  0.20212E+05  0.20124E+05  0.20038E+05  0.19956E+05  0.19686E+05
  0.19229E+05  0.18682E+05  0.18046E+05  0.17516E+05  0.16998E+05  0.16202E+05
  0.15520E+05  0.14661E+05  0.14023E+05  0.13821E+05  0.13880E+05  0.14124E+05
  0.14481E+05  0.15105E+05  0.15830E+05  0.16977E+05  0.18556E+05  0.20754E+05
  0.23851E+05  0.28280E+05  0.34723E+05  0.44262E+05  0.58665E+05  0.80838E+05
  0.11563E+06  0.17124E+06  0.26154E+06  0.41033E+06  0.00000E+00  0.44409E+04
  0.88817E+04  0.13322E+05  0.17761E+05  0.22204E+05  0.26602E+05  0.30997E+05
  0.35304E+05  0.39688E+05  0.39662E+05  0.39498E+05  0.39338E+05  0.39182E+05
  0.38682E+05  0.37838E+05  0.36827E+05  0.35651E+05  0.34665E+05  0.33697E+05
  0.32219E+05  0.30944E+05  0.29341E+05  0.28135E+05  0.27708E+05  0.27733E+05
  0.28065E+05  0.28564E+05  0.29488E+05  0.30524E+05  0.32200E+05  0.34486E+05
  0.37632E+05  0.42007E+05  0.48164E+05  0.56962E+05  0.69736E+05  0.88628E+05
  0.11710E+06  0.16087E+06  0.22948E+06  0.33893E+06  0.51647E+06  0.00000E+00
  0.90575E+04  0.18115E+05  0.27170E+05  0.36225E+05  0.45286E+05  0.54260E+05
  0.63228E+05  0.72029E+05  0.80975E+05  0.80921E+05  0.80604E+05  0.80293E+05
  0.79989E+05  0.79027E+05  0.77408E+05  0.75468E+05  0.73211E+05  0.71309E+05
  0.69435E+05  0.66586E+05  0.64112E+05  0.61010E+05  0.58644E+05  0.57731E+05
  0.57637E+05  0.58076E+05  0.58766E+05  0.60159E+05  0.61650E+05  0.64152E+05
  0.67540E+05  0.72158E+05  0.78504E+05  0.87311E+05  0.99689E+05  0.11733E+06
  0.14288E+06  0.18056E+06  0.23718E+06  0.32400E+06  0.45964E+06  0.67551E+06
  0.00000E+00  0.15410E+05  0.30820E+05  0.46227E+05  0.61632E+05  0.77048E+05
  0.92324E+05  0.10759E+06  0.12259E+06  0.13782E+06  0.13773E+06  0.13723E+06
  0.13673E+06  0.13624E+06  0.13470E+06  0.13212E+06  0.12903E+06  0.12543E+06
  0.12239E+06  0.11939E+06  0.11484E+06  0.11087E+06  0.10591E+06  0.10210E+06
  0.10057E+06  0.10031E+06  0.10085E+06  0.10174E+06  0.10367E+06  0.10566E+06
  0.10911E+06  0.11374E+06  0.12003E+06  0.12861E+06  0.14042E+06  0.15685E+06
  0.17999E+06  0.21305E+06  0.26109E+06  0.33215E+06  0.43936E+06  0.60423E+06
  0.86270E+06  0.00000E+00  0.26218E+05  0.52435E+05  0.78649E+05  0.10486E+06
  0.13109E+06  0.15709E+06  0.18308E+06  0.20865E+06  0.23458E+06  0.23443E+06
  0.23362E+06  0.23282E+06  0.23204E+06  0.22959E+06  0.22548E+06  0.22055E+06
  0.21482E+06  0.20996E+06  0.20516E+06  0.19789E+06  0.19155E+06  0.18360E+06
  0.17748E+06  0.17494E+06  0.17437E+06  0.17501E+06  0.17614E+06  0.17880E+06
  0.18145E+06  0.18618E+06  0.19253E+06  0.20111E+06  0.21274E+06  0.22864E+06
  0.25056E+06  0.28112E+06  0.32425E+06  0.38606E+06  0.47613E+06  0.60987E+06
  0.81224E+06  0.11246E+07  0.00000E+00  0.00000E+00  0.00000E+00  0.00000E+00
  0.00000E+00  0.00000E+00  0.00000E+00  0.00000E+00  0.00000E+00  0.00000E+00
  0.00000E+00  0.00000E+00  0.00000E+00  0.00000E+00  0.00000E+00  0.00000E+00
  0.00000E+00  0.00000E+00  0.00000E+00  0.00000E+00  0.00000E+00  0.00000E+00
  0.00000E+00  0.00000E+00  0.00000E+00  0.00000E+00  0.00000E+00  0.00000E+00
  0.00000E+00  0.00000E+00  0.00000E+00  0.00000E+00  0.00000E+00  0.00000E+00
  0.00000E+00  0.00000E+00  0.00000E+00  0.00000E+00  0.00000E+00  0.00000E+00
  0.00000E+00  0.00000E+00  0.00000E+00  0.00000E+00  0.00000E+00  0.00000E+00
  0.00000E+00  0.00000E+00  0.00000E+00  0.00000E+00  0.00000E+00  0.00000E+00
  0.00000E+00  0.00000E+00  0.00000E+00  0.00000E+00  0.75695E-04  0.17685E-03
  0.38389E-03  0.88188E-03  0.19693E-02  0.44509E-02  0.96825E-02  0.36523E-01
  0.95738E-01  0.21855E+00  0.48003E+00  0.10244E+01  0.20977E+01  0.43657E+01
  0.87655E+01  0.17891E+02  0.35892E+02  0.72001E+02  0.14440E+03  0.28954E+03
  0.57162E+03  0.11285E+04  0.22280E+04  0.43986E+04  0.86841E+04  0.17145E+05
  0.33850E+05  0.66832E+05  0.13195E+06  0.26052E+06  0.00000E+00  0.00000E+00
  0.00000E+00  0.00000E+00  0.00000E+00  0.00000E+00  0.00000E+00  0.00000E+00
  0.00000E+00  0.00000E+00  0.00000E+00  0.00000E+00  0.00000E+00  0.15383E-03
  0.35787E-03  0.77445E-03  0.17763E-02  0.39591E-02  0.89333E-02  0.19420E-01
  0.73137E-01  0.19171E+00  0.43748E+00  0.96066E+00  0.20497E+01  0.41967E+01
  0.87334E+01  0.17534E+02  0.35785E+02  0.71789E+02  0.14401E+03  0.28882E+03
  0.57910E+03  0.11433E+04  0.22571E+04  0.44562E+04  0.87974E+04  0.17368E+05
  0.34291E+05  0.67701E+05  0.13367E+06  0.26390E+06  0.52105E+06  0.00000E+00
  0.00000E+00  0.00000E+00  0.00000E+00  0.00000E+00  0.00000E+00  0.00000E+00
  0.00000E+00  0.00000E+00  0.00000E+00  0.00000E+00  0.00000E+00  0.00000E+00
  0.23516E-03  0.54487E-03  0.11745E-02  0.26843E-02  0.59721E-02  0.13462E-01
  0.29223E-01  0.10991E+00  0.28778E+00  0.65647E+00  0.14411E+01  0.30741E+01
  0.62932E+01  0.13095E+02  0.26288E+02  0.53649E+02  0.10762E+03  0.21589E+03
  0.43296E+03  0.86811E+03  0.17138E+04  0.33834E+04  0.66799E+04  0.13187E+05
  0.26036E+05  0.51403E+05  0.10148E+06  0.20037E+06  0.39558E+06  0.78106E+06
  0.00000E+00  0.00000E+00  0.00000E+00  0.00000E+00  0.00000E+00  0.00000E+00
  0.00000E+00  0.00000E+00  0.00000E+00  0.00000E+00  0.00000E+00  0.00000E+00
  0.00000E+00  0.32070E-03  0.73893E-03  0.15863E-02  0.36139E-02  0.80209E-02
  0.18044E-01  0.39108E-01  0.14682E+00  0.38409E+00  0.87573E+00  0.19217E+01
  0.40983E+01  0.83882E+01  0.17452E+02  0.35031E+02  0.71488E+02  0.14340E+03
  0.28765E+03  0.57687E+03  0.11566E+04  0.22834E+04  0.45078E+04  0.88998E+04
  0.17570E+05  0.34687E+05  0.68484E+05  0.13521E+06  0.26695E+06  0.52703E+06
  0.10406E+07  0.00000E+00  0.00000E+00  0.00000E+00  0.00000E+00  0.00000E+00
  0.00000E+00  0.00000E+00  0.00000E+00  0.00000E+00  0.00000E+00  0.00000E+00
  0.00000E+00  0.00000E+00  0.41135E-03  0.94191E-03  0.20113E-02  0.45671E-02
  0.10104E-01  0.22680E-01  0.49084E-01  0.18381E+00  0.48054E+00  0.10950E+01
  0.24020E+01  0.51209E+01  0.10479E+02  0.21798E+02  0.43750E+02  0.89275E+02
  0.17907E+03  0.35918E+03  0.72031E+03  0.14442E+04  0.28511E+04  0.56285E+04
  0.11112E+05  0.21937E+05  0.43310E+05  0.85508E+05  0.16882E+06  0.33330E+06
  0.65803E+06  0.12993E+07  0.00000E+00  0.00000E+00  0.00000E+00  0.00000E+00
  0.00000E+00  0.00000E+00  0.00000E+00  0.00000E+00  0.00000E+00  0.00000E+00
  0.00000E+00  0.00000E+00  0.00000E+00  0.50783E-03  0.11551E-02  0.24529E-02
  0.55469E-02  0.12231E-01  0.27387E-01  0.59134E-01  0.22093E+00  0.57713E+00
  0.13143E+01  0.28816E+01  0.61413E+01  0.12563E+02  0.26130E+02  0.52436E+02
  0.10699E+03  0.21459E+03  0.43042E+03  0.86315E+03  0.17306E+04  0.34163E+04
  0.67443E+04  0.13315E+05  0.26286E+05  0.51894E+05  0.10246E+06  0.20228E+06
  0.39936E+06  0.78845E+06  0.15568E+07  0.00000E+00  0.00000E+00  0.00000E+00
  0.00000E+00  0.00000E+00  0.00000E+00  0.00000E+00  0.00000E+00  0.00000E+00
  0.00000E+00  0.00000E+00  0.00000E+00  0.00000E+00  0.60939E-03  0.13774E-02
  0.29079E-02  0.65491E-02  0.14387E-01  0.32131E-01  0.69244E-01  0.25787E+00
  0.67309E+00  0.15319E+01  0.33570E+01  0.71517E+01  0.14625E+02  0.30413E+02
  0.61020E+02  0.12450E+03  0.24968E+03  0.50079E+03  0.10042E+04  0.20135E+04
  0.39747E+04  0.78463E+04  0.15490E+05  0.30580E+05  0.60372E+05  0.11919E+06
  0.23532E+06  0.46460E+06  0.91724E+06  0.18111E+07  0.00000E+00  0.00000E+00
  0.00000E+00  0.00000E+00  0.00000E+00  0.00000E+00  0.00000E+00  0.00000E+00
  0.00000E+00  0.00000E+00  0.00000E+00  0.00000E+00  0.00000E+00  0.71338E-03
  0.16055E-02  0.33691E-02  0.75616E-02  0.16553E-01  0.36888E-01  0.79320E-01
  0.29446E+00  0.76783E+00  0.17465E+01  0.38253E+01  0.81462E+01  0.16652E+02
  0.34623E+02  0.69452E+02  0.14169E+03  0.28415E+03  0.56989E+03  0.11428E+04
  0.22914E+04  0.45230E+04  0.89285E+04  0.17626E+05  0.34796E+05  0.68695E+05
  0.13562E+06  0.26776E+06  0.52864E+06  0.10437E+07  0.20607E+07  0.00000E+00
  0.00000E+00  0.00000E+00  0.00000E+00  0.00000E+00  0.00000E+00  0.00000E+00
  0.00000E+00  0.00000E+00  0.00000E+00  0.00000E+00  0.00000E+00  0.00000E+00
  0.81077E-03  0.18251E-02  0.38169E-02  0.85533E-02  0.18672E-01  0.41540E-01
  0.89155E-01  0.32994E+00  0.85991E+00  0.19551E+01  0.42805E+01  0.91123E+01
  0.18619E+02  0.38708E+02  0.77626E+02  0.15837E+03  0.31756E+03  0.63689E+03
  0.12772E+04  0.25609E+04  0.50547E+04  0.99778E+04  0.19697E+05  0.38884E+05
  0.76764E+05  0.15155E+06  0.29920E+06  0.59072E+06  0.11662E+07  0.23027E+07
  0.00000E+00  0.00000E+00  0.00000E+00  0.00000E+00  0.00000E+00  0.00000E+00
  0.00000E+00  0.00000E+00  0.00000E+00  0.00000E+00  0.00000E+00  0.00000E+00
  0.00000E+00  0.87538E-03  0.19980E-02  0.41904E-02  0.94276E-02  0.20576E-01
  0.45802E-01  0.98253E-01  0.36278E+00  0.94576E+00  0.21506E+01  0.47080E+01
  0.10021E+02  0.20465E+02  0.42549E+02  0.85304E+02  0.17404E+03  0.34898E+03
  0.69991E+03  0.14036E+04  0.28147E+04  0.55554E+04  0.10966E+05  0.21647E+05
  0.42731E+05  0.84357E+05  0.16654E+06  0.32879E+06  0.64914E+06  0.12816E+07
  0.25304E+07  0.00000E+00  0.00000E+00  0.00000E+00  0.00000E+00  0.00000E+00
  0.00000E+00  0.00000E+00  0.00000E+00  0.00000E+00  0.00000E+00  0.00000E+00
  0.00000E+00  0.00000E+00  0.85319E-03  0.20477E-02  0.43778E-02  0.10015E-01
  0.21992E-01  0.49225E-01  0.10581E+00  0.39075E+00  0.10204E+01  0.23230E+01
  0.50878E+01  0.10831E+02  0.22112E+02  0.45983E+02  0.92165E+02  0.18808E+03
  0.37713E+03  0.75643E+03  0.15172E+04  0.30429E+04  0.60053E+04  0.11853E+05
  0.23398E+05  0.46186E+05  0.91177E+05  0.18000E+06  0.35536E+06  0.70159E+06
  0.13851E+07  0.27348E+07  0.00000E+00  0.00000E+00  0.00000E+00  0.00000E+00
  0.00000E+00  0.00000E+00  0.00000E+00  0.00000E+00  0.00000E+00  0.00000E+00
  0.00000E+00  0.00000E+00  0.00000E+00  0.59203E-03  0.17597E-02  0.40673E-02
  0.98449E-02  0.22159E-01  0.50559E-01  0.10972E+00  0.40808E+00  0.10715E+01
  0.24486E+01  0.53735E+01  0.11452E+02  0.23376E+02  0.48654E+02  0.97501E+02
  0.19909E+03  0.39925E+03  0.80098E+03  0.16070E+04  0.32242E+04  0.63625E+04
  0.12557E+05  0.24786E+05  0.48925E+05  0.96581E+05  0.19067E+06  0.37641E+06
  0.74314E+06  0.14671E+07  0.28968E+07  0.00000E+00  0.00000E+00  0.00000E+00
  0.00000E+00  0.00000E+00  0.00000E+00  0.00000E+00  0.00000E+00  0.00000E+00
  0.00000E+00  0.00000E+00  0.00000E+00  0.00000E+00  0.17379E-03  0.78707E-03
  0.27973E-02  0.82743E-02  0.20126E-01  0.48343E-01  0.10766E+00  0.40885E+00
  0.10871E+01  0.25044E+01  0.55204E+01  0.11795E+02  0.24085E+02  0.50218E+02
  0.10063E+03  0.20571E+03  0.41268E+03  0.82831E+03  0.16628E+04  0.33381E+04
  0.65863E+04  0.12998E+05  0.25654E+05  0.50635E+05  0.99953E+05  0.19732E+06
  0.38954E+06  0.76905E+06  0.15183E+07  0.29977E+07  0.00000E+00  0.00000E+00
  0.00000E+00  0.00000E+00  0.00000E+00  0.00000E+00  0.00000E+00  0.00000E+00
  0.00000E+00  0.00000E+00  0.00000E+00  0.00000E+00  0.00000E+00  0.18384E-02
  0.13421E-02  0.00000E+00  0.46103E-02  0.14991E-01  0.41427E-01  0.98068E-01
  0.39026E+00  0.10618E+01  0.24815E+01  0.55126E+01  0.11831E+02  0.24182E+02
  0.50565E+02  0.10134E+03  0.20752E+03  0.41656E+03  0.83675E+03  0.16812E+04
  0.33780E+04  0.66639E+04  0.13149E+05  0.25950E+05  0.51218E+05  0.10110E+06
  0.19957E+06  0.39398E+06  0.77780E+06  0.15355E+07  0.30318E+07  0.00000E+00
  0.00000E+00  0.00000E+00  0.00000E+00  0.00000E+00  0.00000E+00  0.00000E+00
  0.00000E+00  0.00000E+00  0.00000E+00  0.00000E+00  0.00000E+00  0.00000E+00
  0.00000E+00  0.63594E-02  0.64249E-02  0.38256E-02  0.29845E-02  0.23908E-01
  0.70344E-01  0.32602E+00  0.89541E+00  0.21586E+01  0.48740E+01  0.10558E+02
  0.21633E+02  0.45485E+02  0.91211E+02  0.18740E+03  0.37663E+03  0.75759E+03
  0.15244E+04  0.30679E+04  0.60506E+04  0.11937E+05  0.23555E+05  0.46486E+05
  0.91752E+05  0.18112E+06  0.35753E+06  0.70582E+06  0.13934E+07  0.27511E+07
  0.00000E+00  0.34585E-03  0.70195E-03  0.10716E-02  0.14619E-02  0.18780E-02
  0.22915E-02  0.27905E-02  0.32989E-02  0.40193E-02  0.31233E-02  0.00000E+00
  0.00000E+00  0.00000E+00  0.00000E+00  0.16706E-01  0.16743E-01  0.14346E-01
  0.00000E+00  0.35143E-01  0.24479E+00  0.72312E+00  0.18311E+01  0.42329E+01
  0.92860E+01  0.19088E+02  0.40418E+02  0.81104E+02  0.16731E+03  0.33675E+03
  0.67851E+03  0.13678E+04  0.27580E+04  0.54376E+04  0.10725E+05  0.21160E+05
  0.41754E+05  0.82406E+05  0.16266E+06  0.32108E+06  0.63385E+06  0.12513E+07
  0.24705E+07  0.00000E+00  0.12433E-02  0.25139E-02  0.38222E-02  0.51843E-02
  0.66194E-02  0.80371E-02  0.96886E-02  0.11360E-01  0.13601E-01  0.16433E-01
  0.18278E-01  0.16101E-01  0.00000E+00  0.00000E+00  0.00000E+00  0.36773E-01
  0.39800E-01  0.32952E-01  0.10089E-01  0.14693E+00  0.54163E+00  0.14968E+01
  0.35890E+01  0.80166E+01  0.16552E+02  0.35372E+02  0.71032E+02  0.14729E+03
  0.29696E+03  0.59958E+03  0.12114E+04  0.24484E+04  0.48251E+04  0.95137E+04
  0.18766E+05  0.37024E+05  0.73063E+05  0.14420E+06  0.28464E+06  0.56188E+06
  0.11092E+07  0.21899E+07  0.00000E+00  0.32601E-02  0.65769E-02  0.99678E-02
  0.13462E-01  0.17101E-01  0.20711E-01  0.24786E-01  0.28917E-01  0.34171E-01
  0.40010E-01  0.44690E-01  0.49971E-01  0.54553E-01  0.57020E-01  0.00000E+00
  0.00000E+00  0.94342E-01  0.10381E+00  0.10638E+00  0.54600E-01  0.19443E+00
  0.87843E+00  0.24366E+01  0.58086E+01  0.12242E+02  0.26936E+02  0.54402E+02
  0.11451E+03  0.23226E+03  0.47182E+03  0.95910E+03  0.19501E+04  0.38408E+04
  0.75699E+04  0.14928E+05  0.29445E+05  0.58097E+05  0.11465E+06  0.22629E+06
  0.44668E+06  0.88174E+06  0.17408E+07  0.00000E+00  0.76627E-02  0.15424E-01
  0.23310E-01  0.31391E-01  0.39708E-01  0.47927E-01  0.56971E-01  0.66028E-01
  0.77091E-01  0.86804E-01  0.94361E-01  0.10312E+00  0.11142E+00  0.12282E+00
  0.13923E+00  0.15638E+00  0.00000E+00  0.20204E+00  0.23091E+00  0.28150E+00
  0.16124E+00  0.28412E+00  0.13738E+01  0.38209E+01  0.84060E+01  0.19491E+02
  0.39775E+02  0.85763E+02  0.17557E+03  0.35995E+03  0.73827E+03  0.15141E+04
  0.29796E+04  0.58691E+04  0.11569E+05  0.22813E+05  0.45002E+05  0.88798E+05
  0.17524E+06  0.34588E+06  0.68273E+06  0.13478E+07  0.00000E+00  0.16927E-01
  0.34013E-01  0.51306E-01  0.68924E-01  0.86926E-01  0.10469E+00  0.12381E+00
  0.14283E+00  0.16522E+00  0.18074E+00  0.19230E+00  0.20582E+00  0.21831E+00
  0.23646E+00  0.26209E+00  0.29023E+00  0.33183E+00  0.00000E+00  0.43510E+00
  0.62331E+00  0.66859E+00  0.51987E+00  0.00000E+00  0.13409E+01  0.37406E+01
  0.10604E+02  0.22537E+02  0.52191E+02  0.10980E+03  0.23073E+03  0.48398E+03
  0.10131E+04  0.19917E+04  0.39201E+04  0.77229E+04  0.15223E+05  0.30022E+05
  0.59227E+05  0.11687E+06  0.23065E+06  0.45523E+06  0.89866E+06  0.00000E+00
  0.35781E-01  0.71852E-01  0.10823E+00  0.14509E+00  0.18258E+00  0.21951E+00
  0.25858E+00  0.29716E+00  0.34135E+00  0.36458E+00  0.38128E+00  0.40060E+00
  0.41854E+00  0.44492E+00  0.48222E+00  0.52520E+00  0.58769E+00  0.66451E+00
  0.00000E+00  0.11053E+01  0.13428E+01  0.15184E+01  0.16086E+01  0.14318E+01
  0.13086E+01  0.12205E+01  0.46240E+01  0.17721E+02  0.42793E+02  0.99826E+02
  0.22740E+03  0.50903E+03  0.99928E+03  0.19649E+04  0.38682E+04  0.76211E+04
  0.15024E+05  0.29632E+05  0.58460E+05  0.11536E+06  0.22767E+06  0.44940E+06
  0.00000E+00  0.76071E-01  0.15254E+00  0.22955E+00  0.30732E+00  0.38614E+00
  0.46347E+00  0.54432E+00  0.62359E+00  0.71217E+00  0.74278E+00  0.76316E+00
  0.78866E+00  0.81117E+00  0.84572E+00  0.89914E+00  0.95996E+00  0.10500E+01
  0.11571E+01  0.12000E+01  0.18518E+01  0.23089E+01  0.28492E+01  0.36100E+01
  0.46856E+01  0.69801E+01  0.89597E+01  0.14361E+02  0.18171E+02  0.26144E+02
  0.33711E+02  0.32789E+02  0.00000E+00  0.00000E+00  0.00000E+00  0.00000E+00
  0.00000E+00  0.00000E+00  0.00000E+00  0.00000E+00  0.00000E+00  0.00000E+00
  0.00000E+00  0.00000E+00  0.16606E+00  0.33275E+00  0.50028E+00  0.66902E+00
  0.83945E+00  0.10064E+01  0.11791E+01  0.13475E+01  0.15319E+01  0.15510E+01
  0.15620E+01  0.15874E+01  0.16101E+01  0.16531E+01  0.17239E+01  0.18025E+01
  0.19269E+01  0.20752E+01  0.22976E+01  0.31216E+01  0.38104E+01  0.47770E+01
  0.63043E+01  0.87754E+01  0.13718E+02  0.20494E+02  0.35155E+02  0.56450E+02
  0.98315E+02  0.17165E+03  0.29898E+03  0.51724E+03  0.10108E+04  0.19810E+04
  0.38908E+04  0.76528E+04  0.15069E+05  0.29695E+05  0.58548E+05  0.11548E+06
  0.22784E+06  0.44965E+06  0.00000E+00  0.32694E+00  0.65481E+00  0.98388E+00
  0.13147E+01  0.16480E+01  0.19744E+01  0.23093E+01  0.26348E+01  0.29859E+01
  0.30110E+01  0.30193E+01  0.30496E+01  0.30709E+01  0.31222E+01  0.32139E+01
  0.33113E+01  0.34751E+01  0.36692E+01  0.39716E+01  0.51265E+01  0.61270E+01
  0.76058E+01  0.10037E+02  0.14112E+02  0.22031E+02  0.34031E+02  0.58607E+02
  0.98251E+02  0.17526E+03  0.31610E+03  0.57409E+03  0.10468E+04  0.20387E+04
  0.39860E+04  0.78152E+04  0.15353E+05  0.30204E+05  0.59482E+05  0.11723E+06
  0.23115E+06  0.45594E+06  0.89966E+06  0.00000E+00  0.63801E+00  0.12773E+01
  0.19183E+01  0.25618E+01  0.32088E+01  0.38416E+01  0.44872E+01  0.51123E+01
  0.57788E+01  0.58083E+01  0.58027E+01  0.58300E+01  0.58337E+01  0.58802E+01
  0.59839E+01  0.60818E+01  0.62727E+01  0.64916E+01  0.68601E+01  0.83561E+01
  0.96512E+01  0.11614E+02  0.14909E+02  0.20487E+02  0.31164E+02  0.47716E+02
  0.80776E+02  0.13548E+03  0.24079E+03  0.43491E+03  0.79455E+03  0.14630E+04
  0.28362E+04  0.55269E+04  0.10810E+05  0.21200E+05  0.41657E+05  0.81966E+05
  0.16143E+06  0.31818E+06  0.62741E+06  0.12377E+07  0.00000E+00  0.12363E+01
  0.24744E+01  0.37147E+01  0.49585E+01  0.62075E+01  0.74282E+01  0.86682E+01
  0.98660E+01  0.11131E+02  0.11161E+02  0.11121E+02  0.11130E+02  0.11086E+02
  0.11103E+02  0.11202E+02  0.11266E+02  0.11462E+02  0.11672E+02  0.12089E+02
  0.13983E+02  0.15614E+02  0.18156E+02  0.22518E+02  0.29946E+02  0.43983E+02
  0.65858E+02  0.10863E+03  0.18001E+03  0.31595E+03  0.56661E+03  0.10324E+04
  0.19028E+04  0.36666E+04  0.71134E+04  0.13870E+05  0.27137E+05  0.53235E+05
  0.10462E+06  0.20589E+06  0.40556E+06  0.79937E+06  0.15765E+07  0.00000E+00
  0.23572E+01  0.47170E+01  0.70797E+01  0.94472E+01  0.11822E+02  0.14143E+02
  0.16492E+02  0.18760E+02  0.21137E+02  0.21157E+02  0.21043E+02  0.21004E+02
  0.20854E+02  0.20790E+02  0.20842E+02  0.20802E+02  0.20946E+02  0.21065E+02
  0.21475E+02  0.23787E+02  0.25762E+02  0.28971E+02  0.34647E+02  0.44387E+02
  0.62613E+02  0.90876E+02  0.14509E+03  0.23538E+03  0.40526E+03  0.71705E+03
  0.12954E+04  0.23767E+04  0.45438E+04  0.87651E+04  0.17019E+05  0.33201E+05
  0.64990E+05  0.12753E+06  0.25069E+06  0.49342E+06  0.97200E+06  0.19162E+07
  0.00000E+00  0.47118E+01  0.94271E+01  0.14146E+02  0.18872E+02  0.23609E+02
  0.28242E+02  0.32919E+02  0.37435E+02  0.42138E+02  0.42129E+02  0.41859E+02
  0.41708E+02  0.41331E+02  0.41082E+02  0.41003E+02  0.40715E+02  0.40698E+02
  0.40572E+02  0.40875E+02  0.43727E+02  0.46170E+02  0.50407E+02  0.58222E+02
  0.71763E+02  0.96832E+02  0.13541E+03  0.20776E+03  0.32753E+03  0.54935E+03
  0.95318E+03  0.16986E+04  0.30894E+04  0.58433E+04  0.11183E+05  0.21589E+05
  0.41941E+05  0.81852E+05  0.16028E+06  0.31457E+06  0.61847E+06  0.12174E+07
  0.23985E+07  0.00000E+00  0.90318E+01  0.18068E+02  0.27110E+02  0.36160E+02
  0.45226E+02  0.54099E+02  0.63040E+02  0.71677E+02  0.80627E+02  0.80544E+02
  0.79974E+02  0.79587E+02  0.78766E+02  0.78129E+02  0.77736E+02  0.76904E+02
  0.76463E+02  0.75731E+02  0.75613E+02  0.78698E+02  0.81335E+02  0.86485E+02
  0.96684E+02  0.11471E+03  0.14805E+03  0.19862E+03  0.29174E+03  0.44377E+03
  0.72064E+03  0.12186E+04  0.21293E+04  0.38182E+04  0.71261E+04  0.13504E+05
  0.25881E+05  0.50013E+05  0.97233E+05  0.18987E+06  0.37192E+06  0.73018E+06
  0.14358E+07  0.28269E+07  0.00000E+00  0.18078E+02  0.36161E+02  0.54251E+02
  0.72353E+02  0.90479E+02  0.10824E+03  0.12610E+03  0.14339E+03  0.16122E+03
  0.16097E+03  0.15980E+03  0.15892E+03  0.15719E+03  0.15574E+03  0.15466E+03
  0.15267E+03  0.15127E+03  0.14920E+03  0.14806E+03  0.15093E+03  0.15342E+03
  0.15964E+03  0.17341E+03  0.19850E+03  0.24504E+03  0.31459E+03  0.44022E+03
  0.64187E+03  0.10018E+04  0.16387E+04  0.27889E+04  0.49021E+04  0.89868E+04
  0.16802E+05  0.31882E+05  0.61160E+05  0.11827E+06  0.23007E+06  0.44941E+06
  0.88057E+06  0.17291E+07  0.34008E+07  0.00000E+00  0.32348E+02  0.64705E+02
  0.97067E+02  0.12945E+03  0.16186E+03  0.19365E+03  0.22561E+03  0.25658E+03
  0.28842E+03  0.28789E+03  0.28581E+03  0.28417E+03  0.28109E+03  0.27839E+03
  0.27620E+03  0.27243E+03  0.26948E+03  0.26529E+03  0.26240E+03  0.26422E+03
  0.26590E+03  0.27285E+03  0.29060E+03  0.32411E+03  0.38674E+03  0.47917E+03
  0.64373E+03  0.90371E+03  0.13594E+04  0.21533E+04  0.35684E+04  0.61413E+04
  0.11054E+05  0.20377E+05  0.38261E+05  0.72825E+05  0.14003E+06  0.27126E+06
  0.52829E+06  0.10329E+07  0.20251E+07  0.39785E+07  0.00000E+00  0.57741E+02
  0.11549E+03  0.17325E+03  0.23102E+03  0.28885E+03  0.34563E+03  0.40265E+03
  0.45800E+03  0.51475E+03  0.51373E+03  0.51007E+03  0.50709E+03  0.50163E+03
  0.49671E+03  0.49250E+03  0.48552E+03  0.47970E+03  0.47158E+03  0.46531E+03
  0.46397E+03  0.46307E+03  0.46959E+03  0.49159E+03  0.53558E+03  0.61939E+03
  0.74142E+03  0.95652E+03  0.12903E+04  0.18648E+04  0.28481E+04  0.45734E+04
  0.76695E+04  0.13501E+05  0.24462E+05  0.45330E+05  0.85435E+05  0.16309E+06
  0.31426E+06  0.60968E+06  0.11887E+07  0.23259E+07  0.45631E+07  0.00000E+00
  0.10426E+03  0.20854E+03  0.31281E+03  0.41711E+03  0.52149E+03  0.62407E+03
  0.72701E+03  0.82708E+03  0.92945E+03  0.92749E+03  0.92101E+03  0.91559E+03
  0.90587E+03  0.89690E+03  0.88893E+03  0.87605E+03  0.86479E+03  0.84933E+03
  0.83647E+03  0.82749E+03  0.82026E+03  0.82345E+03  0.84915E+03  0.90594E+03
  0.10181E+04  0.11792E+04  0.14620E+04  0.18923E+04  0.26197E+04  0.38403E+04
  0.59433E+04  0.96572E+04  0.16544E+05  0.29335E+05  0.53456E+05  0.99481E+05
  0.18811E+06  0.35997E+06  0.69483E+06  0.13498E+07  0.26341E+07  0.51579E+07
  0.00000E+00  0.18476E+03  0.36953E+03  0.55430E+03  0.73908E+03  0.92398E+03
  0.11058E+04  0.12881E+04  0.14656E+04  0.16467E+04  0.16430E+04  0.16316E+04
  0.16217E+04  0.16044E+04  0.15881E+04  0.15731E+04  0.15494E+04  0.15280E+04
  0.14988E+04  0.14731E+04  0.14466E+04  0.14246E+04  0.14167E+04  0.14410E+04
  0.15086E+04  0.16529E+04  0.18567E+04  0.22175E+04  0.27549E+04  0.36498E+04
  0.51206E+04  0.76037E+04  0.11908E+05  0.19757E+05  0.34125E+05  0.60909E+05
  0.11156E+06  0.20842E+06  0.39527E+06  0.75799E+06  0.14655E+07  0.28500E+07
  0.55668E+07  0.00000E+00  0.33936E+03  0.67873E+03  0.10181E+04  0.13574E+04
  0.16970E+04  0.20311E+04  0.23662E+04  0.26926E+04  0.30254E+04  0.30187E+04
  0.29984E+04  0.29807E+04  0.29500E+04  0.29208E+04  0.28935E+04  0.28507E+04
  0.28112E+04  0.27576E+04  0.27091E+04  0.26505E+04  0.26015E+04  0.25727E+04
  0.25927E+04  0.26764E+04  0.28719E+04  0.31450E+04  0.36334E+04  0.43472E+04
  0.55190E+04  0.74062E+04  0.10526E+05  0.15827E+05  0.25304E+05  0.42362E+05
  0.73716E+05  0.13235E+06  0.24352E+06  0.45657E+06  0.86812E+06  0.16680E+07
  0.32292E+07  0.62868E+07  0.00000E+00  0.62964E+03  0.12593E+04  0.18888E+04
  0.25184E+04  0.31483E+04  0.37688E+04  0.43907E+04  0.49975E+04  0.56152E+04
  0.56028E+04  0.55668E+04  0.55352E+04  0.54806E+04  0.54281E+04  0.53782E+04
  0.53011E+04  0.52285E+04  0.51306E+04  0.50400E+04  0.49191E+04  0.48175E+04
  0.47452E+04  0.47478E+04  0.48460E+04  0.51111E+04  0.54771E+04  0.61455E+04
  0.71051E+04  0.86628E+04  0.11123E+05  0.15105E+05  0.21725E+05  0.33315E+05
  0.53769E+05  0.90746E+05  0.15895E+06  0.28688E+06  0.53000E+06  0.99670E+06
  0.18995E+07  0.36556E+07  0.70863E+07  0.00000E+00  0.11834E+04  0.23668E+04
  0.35501E+04  0.47333E+04  0.59171E+04  0.70843E+04  0.82537E+04  0.93966E+04
  0.10558E+05  0.10535E+05  0.10471E+05  0.10414E+05  0.10316E+05  0.10221E+05
  0.10130E+05  0.99902E+04  0.98567E+04  0.96773E+04  0.95085E+04  0.92673E+04
  0.90640E+04  0.89033E+04  0.88599E+04  0.89629E+04  0.93214E+04  0.98103E+04
  0.10735E+05  0.12040E+05  0.14145E+05  0.17408E+05  0.22582E+05  0.30998E+05
  0.45403E+05  0.70275E+05  0.11437E+06  0.19437E+06  0.34242E+06  0.62082E+06
  0.11509E+07  0.21701E+07  0.41435E+07  0.79861E+07  0.00000E+00  0.22639E+04
  0.45276E+04  0.67911E+04  0.90543E+04  0.11319E+05  0.13553E+05  0.15791E+05
  0.17982E+05  0.20205E+05  0.20163E+05  0.20047E+05  0.19942E+05  0.19764E+05
  0.19591E+05  0.19423E+05  0.19166E+05  0.18918E+05  0.18586E+05  0.18270E+05
  0.17795E+05  0.17393E+05  0.17054E+05  0.16903E+05  0.16982E+05  0.17463E+05
  0.18110E+05  0.19405E+05  0.21199E+05  0.24090E+05  0.28503E+05  0.35365E+05
  0.46285E+05  0.64558E+05  0.95356E+05  0.14875E+06  0.24375E+06  0.41667E+06
  0.73751E+06  0.13420E+07  0.24951E+07  0.47143E+07  0.90163E+07  0.00000E+00
  0.44409E+04  0.88816E+04  0.13322E+05  0.17761E+05  0.22203E+05  0.26590E+05
  0.30983E+05  0.35288E+05  0.39652E+05  0.39573E+05  0.39357E+05  0.39162E+05
  0.38831E+05  0.38507E+05  0.38191E+05  0.37709E+05  0.37242E+05  0.36616E+05
  0.36013E+05  0.35073E+05  0.34277E+05  0.33574E+05  0.33182E+05  0.33161E+05
  0.33795E+05  0.34634E+05  0.36468E+05  0.38965E+05  0.43012E+05  0.49108E+05
  0.58426E+05  0.72949E+05  0.96717E+05  0.13577E+06  0.20180E+06  0.31662E+06
  0.52147E+06  0.89522E+06  0.15900E+07  0.29011E+07  0.54044E+07  0.10228E+08
  0.00000E+00  0.90574E+04  0.18114E+05  0.27170E+05  0.36224E+05  0.45284E+05
  0.54237E+05  0.63201E+05  0.71998E+05  0.80907E+05  0.80753E+05  0.80337E+05
  0.79959E+05  0.79322E+05  0.78694E+05  0.78078E+05  0.77144E+05  0.76231E+05
  0.75009E+05  0.73822E+05  0.71917E+05  0.70301E+05  0.68825E+05  0.67887E+05
  0.67576E+05  0.68380E+05  0.69414E+05  0.72053E+05  0.75570E+05  0.81367E+05
  0.90013E+05  0.10303E+06  0.12295E+06  0.15488E+06  0.20596E+06  0.29003E+06
  0.43240E+06  0.68031E+06  0.11232E+07  0.19321E+07  0.34373E+07  0.62796E+07
  0.11710E+08  0.00000E+00  0.15410E+05  0.30819E+05  0.46226E+05  0.61631E+05
  0.77045E+05  0.92288E+05  0.10755E+06  0.12254E+06  0.13772E+06  0.13747E+06
  0.13680E+06  0.13620E+06  0.13518E+06  0.13417E+06  0.13319E+06  0.13169E+06
  0.13022E+06  0.12825E+06  0.12634E+06  0.12322E+06  0.12057E+06  0.11812E+06
  0.11648E+06  0.11576E+06  0.11672E+06  0.11792E+06  0.12144E+06  0.12607E+06
  0.13380E+06  0.14529E+06  0.16244E+06  0.18837E+06  0.22941E+06  0.29391E+06
  0.39802E+06  0.57092E+06  0.86641E+06  0.13854E+07  0.23195E+07  0.40365E+07
  0.72475E+07  0.13337E+08  0.00000E+00  0.26218E+05  0.52435E+05  0.78648E+05
  0.10486E+06  0.13108E+06  0.15704E+06  0.18302E+06  0.20857E+06  0.23441E+06
  0.23401E+06  0.23295E+06  0.23198E+06  0.23036E+06  0.22875E+06  0.22716E+06
  0.22476E+06  0.22241E+06  0.21925E+06  0.21617E+06  0.21109E+06  0.20677E+06
  0.20272E+06  0.19990E+06  0.19847E+06  0.19955E+06  0.20085E+06  0.20553E+06
  0.21158E+06  0.22192E+06  0.23722E+06  0.25992E+06  0.29390E+06  0.34713E+06
  0.42940E+06  0.55977E+06  0.77210E+06  0.11280E+07  0.17418E+07  0.28286E+07
  0.47989E+07  0.84418E+07  0.15289E+08
