  0.00000E+00  0.00000E+00  0.00000E+00  0.00000E+00  0.00000E+00  0.00000E+00
  0.00000E+00  0.00000E+00  0.00000E+00  0.00000E+00  0.00000E+00  0.00000E+00
  0.00000E+00  0.00000E+00  0.00000E+00  0.00000E+00  0.00000E+00  0.00000E+00
  0.00000E+00  0.00000E+00  0.00000E+00  0.00000E+00  0.00000E+00  0.00000E+00
  0.00000E+00  0.00000E+00  0.00000E+00  0.00000E+00  0.00000E+00  0.00000E+00
  0.00000E+00  0.00000E+00  0.00000E+00  0.00000E+00  0.00000E+00  0.00000E+00
  0.00000E+00  0.00000E+00  0.00000E+00  0.00000E+00  0.00000E+00  0.00000E+00
  0.00000E+00  0.00000E+00  0.00000E+00  0.00000E+00  0.00000E+00  0.00000E+00
  0.00000E+00  0.00000E+00  0.00000E+00  0.00000E+00  0.00000E+00  0.67066E-06
  0.16687E-04  0.67320E-04  0.15890E-03  0.33693E-03  0.67200E-03  0.13239E-02
  0.25215E-02  0.44555E-02  0.77429E-02  0.14279E-01  0.24554E-01  0.41601E-01
  0.69700E-01  0.11480E+00  0.19187E+00  0.31102E+00  0.50421E+00  0.81752E+00
  0.13255E+01  0.21341E+01  0.34247E+01  0.54959E+01  0.87897E+01  0.14058E+02
  0.22487E+02  0.35972E+02  0.57544E+02  0.92053E+02  0.14726E+03  0.23560E+03
  0.37695E+03  0.60303E+03  0.00000E+00  0.00000E+00  0.00000E+00  0.00000E+00
  0.00000E+00  0.00000E+00  0.00000E+00  0.00000E+00  0.00000E+00  0.00000E+00
  0.13643E-05  0.35161E-04  0.13956E-03  0.32730E-03  0.69017E-03  0.13710E-02
  0.26893E-02  0.51063E-02  0.90043E-02  0.15609E-01  0.28755E-01  0.49378E-01
  0.83570E-01  0.13989E+00  0.23025E+00  0.38461E+00  0.62315E+00  0.10099E+01
  0.16369E+01  0.26534E+01  0.42714E+01  0.68534E+01  0.10997E+02  0.17586E+02
  0.28126E+02  0.44986E+02  0.71959E+02  0.11511E+03  0.18413E+03  0.29456E+03
  0.47124E+03  0.75396E+03  0.12061E+04  0.00000E+00  0.00000E+00  0.00000E+00
  0.00000E+00  0.00000E+00  0.00000E+00  0.00000E+00  0.00000E+00  0.00000E+00
  0.00000E+00  0.20390E-05  0.56152E-04  0.21868E-03  0.50886E-03  0.10663E-02
  0.21056E-02  0.41152E-02  0.77825E-02  0.13678E-01  0.23657E-01  0.43473E-01
  0.74523E-01  0.12596E+00  0.21062E+00  0.34636E+00  0.57815E+00  0.93621E+00
  0.15165E+01  0.24573E+01  0.39820E+01  0.64089E+01  0.10281E+02  0.16495E+02
  0.26375E+02  0.42177E+02  0.67457E+02  0.10790E+03  0.17258E+03  0.27607E+03
  0.44162E+03  0.70649E+03  0.11303E+04  0.18082E+04  0.00000E+00  0.00000E+00
  0.00000E+00  0.00000E+00  0.00000E+00  0.00000E+00  0.00000E+00  0.00000E+00
  0.00000E+00  0.00000E+00  0.25953E-05  0.80666E-04  0.30725E-03  0.70889E-03
  0.14735E-02  0.28911E-02  0.56200E-02  0.10582E-01  0.18525E-01  0.31946E-01
  0.58544E-01  0.10014E+00  0.16898E+00  0.28217E+00  0.46350E+00  0.77301E+00
  0.12509E+01  0.20250E+01  0.32798E+01  0.53131E+01  0.85487E+01  0.13711E+02
  0.21993E+02  0.35161E+02  0.56222E+02  0.89910E+02  0.14380E+03  0.23000E+03
  0.36789E+03  0.58849E+03  0.94142E+03  0.15062E+04  0.24094E+04  0.00000E+00
  0.00000E+00  0.00000E+00  0.00000E+00  0.00000E+00  0.00000E+00  0.00000E+00
  0.00000E+00  0.00000E+00  0.00000E+00  0.27324E-05  0.10998E-03  0.40897E-03
  0.93455E-03  0.19246E-02  0.37462E-02  0.72350E-02  0.13546E-01  0.23600E-01
  0.40559E-01  0.74086E-01  0.12639E+00  0.21284E+00  0.35479E+00  0.58197E+00
  0.96953E+00  0.15675E+01  0.25358E+01  0.41047E+01  0.66463E+01  0.10690E+02
  0.17140E+02  0.27487E+02  0.43937E+02  0.70244E+02  0.11232E+03  0.17963E+03
  0.28728E+03  0.45949E+03  0.73498E+03  0.11757E+04  0.18809E+04  0.30089E+04
  0.00000E+00  0.00000E+00  0.00000E+00  0.00000E+00  0.00000E+00  0.00000E+00
  0.00000E+00  0.00000E+00  0.00000E+00  0.00000E+00  0.17898E-05  0.14560E-03
  0.52811E-03  0.11941E-02  0.24342E-02  0.46961E-02  0.89982E-02  0.16737E-01
  0.28994E-01  0.49587E-01  0.90270E-01  0.15350E+00  0.25783E+00  0.42886E+00
  0.70225E+00  0.11683E+01  0.18867E+01  0.30496E+01  0.49329E+01  0.79828E+01
  0.12834E+02  0.20570E+02  0.32978E+02  0.52702E+02  0.84241E+02  0.13468E+03
  0.21536E+03  0.34440E+03  0.55081E+03  0.88099E+03  0.14092E+04  0.22544E+04
  0.36062E+04  0.00000E+00  0.00000E+00  0.00000E+00  0.00000E+00  0.00000E+00
  0.00000E+00  0.00000E+00  0.00000E+00  0.00000E+00  0.00000E+00  0.26395E-05
  0.18913E-03  0.66952E-03  0.14988E-02  0.30209E-02  0.57693E-02  0.10960E-01
  0.20226E-01  0.34797E-01  0.59184E-01  0.10723E+00  0.18161E+00  0.30409E+00
  0.50448E+00  0.82429E+00  0.13691E+01  0.22078E+01  0.35645E+01  0.57607E+01
  0.93159E+01  0.14968E+02  0.23980E+02  0.38431E+02  0.61398E+02  0.98118E+02
  0.15684E+03  0.25075E+03  0.40095E+03  0.64119E+03  0.10255E+04  0.16402E+04
  0.26239E+04  0.41970E+04  0.00000E+00  0.00000E+00  0.00000E+00  0.00000E+00
  0.00000E+00  0.00000E+00  0.00000E+00  0.00000E+00  0.00000E+00  0.00000E+00
  0.15592E-04  0.24140E-03  0.83843E-03  0.18611E-02  0.37087E-02  0.70036E-02
  0.13175E-01  0.24094E-01  0.41124E-01  0.69487E-01  0.12520E+00  0.21101E+00
  0.35198E+00  0.58204E+00  0.94849E+00  0.15721E+01  0.25308E+01  0.40802E+01
  0.65869E+01  0.10643E+02  0.17088E+02  0.27360E+02  0.43828E+02  0.69994E+02
  0.11182E+03  0.17870E+03  0.28565E+03  0.45668E+03  0.73022E+03  0.11678E+04
  0.18677E+04  0.29875E+04  0.47784E+04  0.00000E+00  0.00000E+00  0.00000E+00
  0.00000E+00  0.00000E+00  0.00000E+00  0.00000E+00  0.00000E+00  0.00000E+00
  0.00000E+00  0.45897E-04  0.30028E-03  0.10368E-02  0.22935E-02  0.45229E-02
  0.84424E-02  0.15715E-01  0.28454E-01  0.48111E-01  0.80670E-01  0.14442E+00
  0.24199E+00  0.40181E+00  0.66182E+00  0.10750E+01  0.17772E+01  0.28547E+01
  0.45946E+01  0.74070E+01  0.11955E+02  0.19177E+02  0.30682E+02  0.49122E+02
  0.78412E+02  0.12522E+03  0.20006E+03  0.31971E+03  0.51104E+03  0.81701E+03
  0.13064E+04  0.20892E+04  0.33416E+04  0.53444E+04  0.00000E+00  0.00000E+00
  0.00000E+00  0.00000E+00  0.00000E+00  0.00000E+00  0.00000E+00  0.00000E+00
  0.00000E+00  0.00000E+00  0.11538E-03  0.35253E-03  0.12515E-02  0.27909E-02
  0.54668E-02  0.10103E-01  0.18614E-01  0.33356E-01  0.55813E-01  0.92773E-01
  0.16489E+00  0.27443E+00  0.45324E+00  0.74304E+00  0.12021E+01  0.19816E+01
  0.31745E+01  0.50983E+01  0.82053E+01  0.13226E+02  0.21193E+02  0.33877E+02
  0.54197E+02  0.86461E+02  0.13801E+03  0.22040E+03  0.35212E+03  0.56270E+03
  0.89944E+03  0.14380E+04  0.22994E+04  0.36774E+04  0.58810E+04  0.00000E+00
  0.00000E+00  0.00000E+00  0.00000E+00  0.00000E+00  0.00000E+00  0.00000E+00
  0.00000E+00  0.00000E+00  0.00000E+00  0.27382E-03  0.36183E-03  0.14440E-02
  0.33303E-02  0.65374E-02  0.11998E-01  0.21922E-01  0.38886E-01  0.64334E-01
  0.10594E+00  0.18673E+00  0.30836E+00  0.50612E+00  0.82509E+00  0.13285E+01
  0.21820E+01  0.34840E+01  0.55807E+01  0.89629E+01  0.14423E+02  0.23080E+02
  0.36850E+02  0.58901E+02  0.93893E+02  0.14978E+03  0.23908E+03  0.38181E+03
  0.60998E+03  0.97476E+03  0.15581E+04  0.24910E+04  0.39834E+04  0.63698E+04
  0.00000E+00  0.00000E+00  0.00000E+00  0.00000E+00  0.00000E+00  0.00000E+00
  0.00000E+00  0.00000E+00  0.00000E+00  0.00000E+00  0.64802E-03  0.20709E-03
  0.14600E-02  0.37552E-02  0.75649E-02  0.13939E-01  0.25424E-01  0.44779E-01
  0.73263E-01  0.11956E+00  0.20899E+00  0.34219E+00  0.55784E+00  0.90364E+00
  0.14468E+01  0.23668E+01  0.37638E+01  0.60097E+01  0.96277E+01  0.15463E+02
  0.24701E+02  0.39383E+02  0.62879E+02  0.10014E+03  0.15962E+03  0.25463E+03
  0.40643E+03  0.64905E+03  0.10369E+04  0.16569E+04  0.26486E+04  0.42347E+04
  0.67707E+04  0.00000E+00  0.00000E+00  0.00000E+00  0.00000E+00  0.00000E+00
  0.00000E+00  0.00000E+00  0.00000E+00  0.00000E+00  0.00000E+00  0.15061E-02
  0.40520E-03  0.98219E-03  0.37605E-02  0.82526E-02  0.15627E-01  0.28829E-01
  0.50748E-01  0.82222E-01  0.13314E+00  0.23096E+00  0.37479E+00  0.60653E+00
  0.97543E+00  0.15514E+01  0.25261E+01  0.39974E+01  0.63576E+01  0.10154E+02
  0.16268E+02  0.25932E+02  0.41271E+02  0.65799E+02  0.10465E+03  0.16665E+03
  0.26563E+03  0.42372E+03  0.67630E+03  0.10800E+04  0.17252E+04  0.27570E+04
  0.44072E+04  0.70454E+04  0.00000E+00  0.00000E+00  0.00000E+00  0.00000E+00
  0.00000E+00  0.00000E+00  0.00000E+00  0.00000E+00  0.00000E+00  0.00000E+00
  0.33178E-02  0.19395E-02  0.63270E-03  0.27972E-02  0.80661E-02  0.16535E-01
  0.31653E-01  0.56347E-01  0.90760E-01  0.14626E+00  0.25213E+00  0.40551E+00
  0.65135E+00  0.10392E+01  0.16400E+01  0.26568E+01  0.41791E+01  0.66149E+01
  0.10525E+02  0.16814E+02  0.26732E+02  0.42447E+02  0.67553E+02  0.10727E+03
  0.17059E+03  0.27163E+03  0.43294E+03  0.69056E+03  0.11022E+04  0.17600E+04
  0.28115E+04  0.44931E+04  0.71813E+04  0.00000E+00  0.00000E+00  0.00000E+00
  0.00000E+00  0.00000E+00  0.00000E+00  0.00000E+00  0.00000E+00  0.00000E+00
  0.00000E+00  0.00000E+00  0.00000E+00  0.53759E-02  0.11404E-02  0.50216E-02
  0.14335E-01  0.30912E-01  0.57267E-01  0.92123E-01  0.14993E+00  0.25145E+00
  0.40126E+00  0.63998E+00  0.10119E+01  0.15820E+01  0.25478E+01  0.39762E+01
  0.62542E+01  0.99019E+01  0.15759E+02  0.24964E+02  0.39514E+02  0.62729E+02
  0.99381E+02  0.15776E+03  0.25082E+03  0.39930E+03  0.63631E+03  0.10148E+04
  0.16195E+04  0.25859E+04  0.41310E+04  0.66005E+04  0.00000E+00  0.12969E-02
  0.26378E-02  0.40445E-02  0.55386E-02  0.71576E-02  0.89618E-02  0.90975E-02
  0.00000E+00  0.00000E+00  0.00000E+00  0.00000E+00  0.14092E-01  0.94483E-02
  0.20046E-02  0.87598E-02  0.27412E-01  0.56040E-01  0.91688E-01  0.15169E+00
  0.25229E+00  0.40002E+00  0.63367E+00  0.99196E+00  0.15338E+01  0.24527E+01
  0.37910E+01  0.59162E+01  0.93082E+01  0.14741E+02  0.23244E+02  0.36642E+02
  0.57983E+02  0.91590E+02  0.14504E+03  0.23017E+03  0.36586E+03  0.58230E+03
  0.92776E+03  0.14794E+04  0.23608E+04  0.37695E+04  0.60205E+04  0.00000E+00
  0.36514E-02  0.73991E-02  0.11284E-01  0.15357E-01  0.19689E-01  0.24410E-01
  0.26890E-01  0.29235E-01  0.31509E-01  0.44858E-01  0.00000E+00  0.00000E+00
  0.24871E-01  0.16693E-01  0.35233E-02  0.18984E-01  0.51660E-01  0.89282E-01
  0.15333E+00  0.25585E+00  0.40414E+00  0.63627E+00  0.98485E+00  0.15025E+01
  0.23818E+01  0.36363E+01  0.56171E+01  0.87644E+01  0.13789E+02  0.21606E+02
  0.33873E+02  0.53367E+02  0.83964E+02  0.13254E+03  0.20978E+03  0.33275E+03
  0.52871E+03  0.84125E+03  0.13400E+04  0.21365E+04  0.34091E+04  0.54418E+04
  0.00000E+00  0.88886E-02  0.17956E-01  0.27277E-01  0.36951E-01  0.47096E-01
  0.57955E-01  0.62480E-01  0.66837E-01  0.71356E-01  0.76329E-01  0.68689E-01
  0.00000E+00  0.00000E+00  0.54827E-01  0.43457E-01  0.18160E-01  0.19374E-01
  0.55522E-01  0.11906E+00  0.21795E+00  0.35637E+00  0.57193E+00  0.88686E+00
  0.13432E+01  0.21281E+01  0.32115E+01  0.49136E+01  0.76084E+01  0.11900E+02
  0.18522E+02  0.28856E+02  0.45236E+02  0.70814E+02  0.11132E+03  0.17562E+03
  0.27783E+03  0.44051E+03  0.69970E+03  0.11130E+04  0.17726E+04  0.28259E+04
  0.45078E+04  0.00000E+00  0.20083E-01  0.40465E-01  0.61274E-01  0.82648E-01
  0.10483E+00  0.12821E+00  0.13538E+00  0.14228E+00  0.14957E+00  0.15728E+00
  0.14433E+00  0.14978E+00  0.14006E+00  0.00000E+00  0.11024E+00  0.84449E-01
  0.42004E-01  0.00000E+00  0.67693E-01  0.16928E+00  0.30395E+00  0.51146E+00
  0.80285E+00  0.12104E+01  0.19238E+01  0.28635E+01  0.43304E+01  0.66411E+01
  0.10307E+02  0.15902E+02  0.24564E+02  0.38245E+02  0.59461E+02  0.92955E+02
  0.14597E+03  0.23007E+03  0.36370E+03  0.57631E+03  0.91498E+03  0.14550E+04
  0.23166E+04  0.36918E+04  0.00000E+00  0.43220E-01  0.86951E-01  0.13134E+00
  0.17669E+00  0.22329E+00  0.27181E+00  0.28357E+00  0.29471E+00  0.30535E+00
  0.31728E+00  0.29446E+00  0.30217E+00  0.28737E+00  0.27182E+00  0.25634E+00
  0.00000E+00  0.17472E+00  0.14355E+00  0.67922E-01  0.46033E-01  0.17172E+00
  0.36354E+00  0.61738E+00  0.95349E+00  0.15672E+01  0.23151E+01  0.34779E+01
  0.53053E+01  0.82014E+01  0.12548E+02  0.19205E+02  0.29682E+02  0.45759E+02
  0.71037E+02  0.11092E+03  0.17401E+03  0.27403E+03  0.43289E+03  0.68559E+03
  0.10880E+04  0.17296E+04  0.27528E+04  0.00000E+00  0.89593E-01  0.17994E+00
  0.27135E+00  0.36414E+00  0.45896E+00  0.55678E+00  0.57363E+00  0.59059E+00
  0.60789E+00  0.62551E+00  0.58532E+00  0.59327E+00  0.56794E+00  0.54324E+00
  0.51942E+00  0.47735E+00  0.00000E+00  0.39953E+00  0.33502E+00  0.23106E+00
  0.99642E-01  0.96197E-01  0.30485E+00  0.55474E+00  0.10555E+01  0.15828E+01
  0.24057E+01  0.37047E+01  0.57744E+01  0.87968E+01  0.13349E+02  0.20497E+02
  0.31270E+02  0.48121E+02  0.74595E+02  0.11633E+03  0.18232E+03  0.28688E+03
  0.45290E+03  0.71692E+03  0.11373E+04  0.18071E+04  0.00000E+00  0.18522E+00
  0.37170E+00  0.55970E+00  0.75000E+00  0.94318E+00  0.11410E+01  0.11668E+01
  0.11913E+01  0.12150E+01  0.12424E+01  0.11667E+01  0.11703E+01  0.11205E+01
  0.10753E+01  0.10345E+01  0.96851E+00  0.90185E+00  0.00000E+00  0.81905E+00
  0.73848E+00  0.65863E+00  0.50827E+00  0.33663E+00  0.15291E+00  0.26693E+00
  0.53014E+00  0.95814E+00  0.16599E+01  0.28173E+01  0.43979E+01  0.66910E+01
  0.10314E+02  0.15526E+02  0.23625E+02  0.36279E+02  0.56137E+02  0.87415E+02
  0.13683E+03  0.21509E+03  0.33929E+03  0.53676E+03  0.85095E+03  0.00000E+00
  0.39467E+00  0.79085E+00  0.11898E+01  0.15921E+01  0.19988E+01  0.24130E+01
  0.24317E+01  0.24551E+01  0.24838E+01  0.25172E+01  0.23682E+01  0.23498E+01
  0.22500E+01  0.21593E+01  0.20783E+01  0.19603E+01  0.18421E+01  0.18305E+01
  0.17657E+01  0.16863E+01  0.16615E+01  0.16016E+01  0.16065E+01  0.17284E+01
  0.15593E+01  0.18067E+01  0.20602E+01  0.22523E+01  0.22317E+01  0.25300E+01
  0.32325E+01  0.40116E+01  0.62840E+01  0.99222E+01  0.15767E+02  0.25185E+02
  0.40395E+02  0.65003E+02  0.10487E+03  0.16955E+03  0.27457E+03  0.44517E+03
  0.00000E+00  0.77670E+00  0.15555E+01  0.23384E+01  0.31261E+01  0.39200E+01
  0.47252E+01  0.47526E+01  0.47868E+01  0.48286E+01  0.48761E+01  0.46041E+01
  0.45406E+01  0.43496E+01  0.41746E+01  0.40174E+01  0.38034E+01  0.35981E+01
  0.35744E+01  0.34836E+01  0.33992E+01  0.34369E+01  0.34848E+01  0.37105E+01
  0.42158E+01  0.45413E+01  0.56778E+01  0.72529E+01  0.94367E+01  0.12457E+02
  0.17532E+02  0.25731E+02  0.38291E+02  0.59285E+02  0.92720E+02  0.14621E+03
  0.23210E+03  0.37042E+03  0.59373E+03  0.95491E+03  0.15399E+04  0.24890E+04
  0.40293E+04  0.00000E+00  0.15152E+01  0.30329E+01  0.45568E+01  0.60874E+01
  0.76262E+01  0.91817E+01  0.92211E+01  0.92700E+01  0.93292E+01  0.93945E+01
  0.88834E+01  0.87079E+01  0.83289E+01  0.79749E+01  0.76490E+01  0.72255E+01
  0.68215E+01  0.67243E+01  0.65235E+01  0.63508E+01  0.63933E+01  0.64887E+01
  0.68990E+01  0.77742E+01  0.85267E+01  0.10525E+02  0.13339E+02  0.17329E+02
  0.23021E+02  0.32224E+02  0.46770E+02  0.69083E+02  0.10533E+03  0.16267E+03
  0.25387E+03  0.39964E+03  0.63353E+03  0.10100E+04  0.16174E+04  0.25994E+04
  0.41901E+04  0.67685E+04  0.00000E+00  0.29352E+01  0.58734E+01  0.88206E+01
  0.11777E+02  0.14744E+02  0.17736E+02  0.17792E+02  0.17861E+02  0.17944E+02
  0.18032E+02  0.17080E+02  0.16674E+02  0.15938E+02  0.15241E+02  0.14587E+02
  0.13761E+02  0.12971E+02  0.12703E+02  0.12263E+02  0.11884E+02  0.11870E+02
  0.11969E+02  0.12588E+02  0.13939E+02  0.15210E+02  0.18327E+02  0.22710E+02
  0.28931E+02  0.37836E+02  0.51907E+02  0.73767E+02  0.10707E+03  0.16019E+03
  0.24348E+03  0.37502E+03  0.58402E+03  0.91775E+03  0.14528E+04  0.23134E+04
  0.37013E+04  0.59449E+04  0.95760E+04  0.00000E+00  0.55956E+01  0.11194E+02
  0.16806E+02  0.22430E+02  0.28067E+02  0.33740E+02  0.33819E+02  0.33917E+02
  0.34031E+02  0.34145E+02  0.32404E+02  0.31550E+02  0.30162E+02  0.28831E+02
  0.27567E+02  0.25997E+02  0.24489E+02  0.23864E+02  0.22947E+02  0.22138E+02
  0.21937E+02  0.21934E+02  0.22767E+02  0.24725E+02  0.26619E+02  0.31210E+02
  0.37628E+02  0.46681E+02  0.59572E+02  0.79567E+02  0.11013E+03  0.15619E+03
  0.22849E+03  0.34069E+03  0.51635E+03  0.79338E+03  0.12331E+04  0.19346E+04
  0.30584E+04  0.48649E+04  0.77778E+04  0.12482E+05  0.00000E+00  0.11183E+02
  0.22368E+02  0.33574E+02  0.44795E+02  0.56032E+02  0.67325E+02  0.67440E+02
  0.67581E+02  0.67743E+02  0.67892E+02  0.64634E+02  0.62886E+02  0.60231E+02
  0.57668E+02  0.55211E+02  0.52197E+02  0.49294E+02  0.47951E+02  0.46091E+02
  0.44436E+02  0.43839E+02  0.43607E+02  0.44788E+02  0.47795E+02  0.50782E+02
  0.57937E+02  0.67863E+02  0.81746E+02  0.10135E+03  0.13115E+03  0.17588E+03
  0.24236E+03  0.34486E+03  0.50187E+03  0.74492E+03  0.11246E+04  0.17225E+04
  0.26700E+04  0.41797E+04  0.65960E+04  0.10478E+05  0.16731E+05  0.00000E+00
  0.21435E+02  0.42867E+02  0.64330E+02  0.85814E+02  0.10731E+03  0.12889E+03
  0.12906E+03  0.12925E+03  0.12947E+03  0.12965E+03  0.12374E+03  0.12034E+03
  0.11543E+03  0.11066E+03  0.10605E+03  0.10044E+03  0.95008E+02  0.92267E+02
  0.88602E+02  0.85274E+02  0.83724E+02  0.82762E+02  0.84090E+02  0.88281E+02
  0.92372E+02  0.10275E+03  0.11704E+03  0.13686E+03  0.16454E+03  0.20600E+03
  0.26719E+03  0.35674E+03  0.49248E+03  0.69746E+03  0.10107E+04  0.14948E+04
  0.22497E+04  0.34366E+04  0.53154E+04  0.83061E+04  0.13090E+05  0.20768E+05
  0.00000E+00  0.42899E+02  0.85785E+02  0.12872E+03  0.17168E+03  0.21465E+03
  0.25775E+03  0.25798E+03  0.25827E+03  0.25857E+03  0.25877E+03  0.24776E+03
  0.24114E+03  0.23187E+03  0.22283E+03  0.21404E+03  0.20339E+03  0.19305E+03
  0.18751E+03  0.18028E+03  0.17363E+03  0.17008E+03  0.16752E+03  0.16884E+03
  0.17487E+03  0.18062E+03  0.19636E+03  0.21790E+03  0.24751E+03  0.28846E+03
  0.34887E+03  0.43648E+03  0.56251E+03  0.74997E+03  0.10284E+04  0.14473E+04
  0.20858E+04  0.30698E+04  0.46011E+04  0.70040E+04  0.10801E+05  0.16840E+05
  0.26484E+05  0.00000E+00  0.76760E+02  0.15349E+03  0.23029E+03  0.30712E+03
  0.38394E+03  0.46096E+03  0.46129E+03  0.46167E+03  0.46206E+03  0.46226E+03
  0.44389E+03  0.43250E+03  0.41692E+03  0.40164E+03  0.38675E+03  0.36876E+03
  0.35125E+03  0.34154E+03  0.32902E+03  0.31740E+03  0.31073E+03  0.30559E+03
  0.30653E+03  0.31467E+03  0.32221E+03  0.34467E+03  0.37532E+03  0.41719E+03
  0.47466E+03  0.55851E+03  0.67843E+03  0.84849E+03  0.10975E+04  0.14618E+04
  0.20024E+04  0.28158E+04  0.40549E+04  0.59637E+04  0.89331E+04  0.13591E+05
  0.20954E+05  0.32652E+05  0.00000E+00  0.13701E+03  0.27395E+03  0.41101E+03
  0.54809E+03  0.68512E+03  0.82245E+03  0.82289E+03  0.82340E+03  0.82390E+03
  0.82403E+03  0.79331E+03  0.77379E+03  0.74752E+03  0.72170E+03  0.69643E+03
  0.66599E+03  0.63626E+03  0.61926E+03  0.59751E+03  0.57713E+03  0.56467E+03
  0.55450E+03  0.55383E+03  0.56420E+03  0.57317E+03  0.60459E+03  0.64741E+03
  0.70569E+03  0.78516E+03  0.90022E+03  0.10628E+04  0.12901E+04  0.16179E+04
  0.20902E+04  0.27807E+04  0.38048E+04  0.53448E+04  0.76897E+04  0.11300E+05
  0.16915E+05  0.25722E+05  0.39631E+05  0.00000E+00  0.24739E+03  0.49464E+03
  0.74207E+03  0.98951E+03  0.12368E+04  0.14846E+04  0.14852E+04  0.14859E+04
  0.14865E+04  0.14864E+04  0.14342E+04  0.14003E+04  0.13554E+04  0.13111E+04
  0.12676E+04  0.12152E+04  0.11640E+04  0.11338E+04  0.10955E+04  0.10592E+04
  0.10358E+04  0.10157E+04  0.10107E+04  0.10229E+04  0.10319E+04  0.10753E+04
  0.11346E+04  0.12151E+04  0.13245E+04  0.14822E+04  0.17028E+04  0.20070E+04
  0.24394E+04  0.30526E+04  0.39348E+04  0.52234E+04  0.71328E+04  0.10001E+05
  0.14364E+05  0.21077E+05  0.31511E+05  0.47862E+05  0.00000E+00  0.43838E+03
  0.87649E+03  0.13149E+04  0.17533E+04  0.21913E+04  0.26301E+04  0.26309E+04
  0.26317E+04  0.26324E+04  0.26318E+04  0.25426E+04  0.24835E+04  0.24061E+04
  0.23296E+04  0.22542E+04  0.21636E+04  0.20744E+04  0.20206E+04  0.19525E+04
  0.18872E+04  0.18427E+04  0.18030E+04  0.17871E+04  0.17979E+04  0.18011E+04
  0.18574E+04  0.19350E+04  0.20406E+04  0.21839E+04  0.23915E+04  0.26798E+04
  0.30725E+04  0.36238E+04  0.43935E+04  0.54835E+04  0.70499E+04  0.93347E+04
  0.12716E+05  0.17789E+05  0.25499E+05  0.37352E+05  0.55752E+05  0.00000E+00
  0.80517E+03  0.16098E+04  0.24149E+04  0.32200E+04  0.40243E+04  0.48299E+04
  0.48309E+04  0.48320E+04  0.48327E+04  0.48311E+04  0.46777E+04  0.45745E+04
  0.44407E+04  0.43082E+04  0.41774E+04  0.40202E+04  0.38652E+04  0.37699E+04
  0.36497E+04  0.35339E+04  0.34525E+04  0.33782E+04  0.33427E+04  0.33500E+04
  0.33426E+04  0.34197E+04  0.35270E+04  0.36740E+04  0.38736E+04  0.41640E+04
  0.45649E+04  0.51053E+04  0.58550E+04  0.68866E+04  0.83248E+04  0.10358E+05
  0.13276E+05  0.17526E+05  0.23805E+05  0.33214E+05  0.47497E+05  0.69421E+05
  0.00000E+00  0.14939E+04  0.29867E+04  0.44804E+04  0.59738E+04  0.74659E+04
  0.89600E+04  0.89613E+04  0.89627E+04  0.89632E+04  0.89596E+04  0.86931E+04
  0.85120E+04  0.82786E+04  0.80472E+04  0.78181E+04  0.75431E+04  0.72713E+04
  0.71018E+04  0.68885E+04  0.66817E+04  0.65328E+04  0.63943E+04  0.63201E+04
  0.63157E+04  0.62827E+04  0.63870E+04  0.65345E+04  0.67384E+04  0.70164E+04
  0.74251E+04  0.79879E+04  0.87392E+04  0.97719E+04  0.11174E+05  0.13099E+05
  0.15779E+05  0.19562E+05  0.24980E+05  0.32856E+05  0.44473E+05  0.61855E+05
  0.88187E+05  0.00000E+00  0.28078E+04  0.56136E+04  0.84209E+04  0.11228E+05
  0.14032E+05  0.16839E+05  0.16841E+05  0.16843E+05  0.16842E+05  0.16835E+05
  0.16366E+05  0.16045E+05  0.15633E+05  0.15224E+05  0.14818E+05  0.14332E+05
  0.13850E+05  0.13545E+05  0.13163E+05  0.12791E+05  0.12517E+05  0.12259E+05
  0.12109E+05  0.12075E+05  0.11985E+05  0.12123E+05  0.12324E+05  0.12605E+05
  0.12992E+05  0.13571E+05  0.14369E+05  0.15425E+05  0.16867E+05  0.18801E+05
  0.21422E+05  0.25016E+05  0.30007E+05  0.37036E+05  0.47082E+05  0.61651E+05
  0.83102E+05  0.11511E+06  0.00000E+00  0.53711E+04  0.10738E+05  0.16108E+05
  0.21477E+05  0.26841E+05  0.32210E+05  0.32212E+05  0.32214E+05  0.32213E+05
  0.32197E+05  0.31359E+05  0.30779E+05  0.30040E+05  0.29305E+05  0.28575E+05
  0.27700E+05  0.26831E+05  0.26277E+05  0.25582E+05  0.24902E+05  0.24393E+05
  0.23908E+05  0.23608E+05  0.23505E+05  0.23296E+05  0.23472E+05  0.23740E+05
  0.24125E+05  0.24662E+05  0.25488E+05  0.26630E+05  0.28135E+05  0.30179E+05
  0.32892E+05  0.36524E+05  0.41436E+05  0.48156E+05  0.57466E+05  0.70543E+05
  0.89178E+05  0.11614E+06  0.15570E+06  0.00000E+00  0.10536E+05  0.21065E+05
  0.31598E+05  0.42129E+05  0.52651E+05  0.63182E+05  0.63185E+05  0.63186E+05
  0.63181E+05  0.63150E+05  0.61613E+05  0.60542E+05  0.59183E+05  0.57831E+05
  0.56486E+05  0.54872E+05  0.53269E+05  0.52238E+05  0.50945E+05  0.49674E+05
  0.48711E+05  0.47783E+05  0.47183E+05  0.46927E+05  0.46462E+05  0.46672E+05
  0.47017E+05  0.47536E+05  0.48277E+05  0.49465E+05  0.51122E+05  0.53296E+05
  0.56246E+05  0.60126E+05  0.65267E+05  0.72133E+05  0.81397E+05  0.94033E+05
  0.11148E+06  0.13591E+06  0.17062E+06  0.22062E+06  0.00000E+00  0.21489E+05
  0.42962E+05  0.64445E+05  0.85924E+05  0.10738E+06  0.12886E+06  0.12886E+06
  0.12886E+06  0.12885E+06  0.12878E+06  0.12585E+06  0.12380E+06  0.12121E+06
  0.11862E+06  0.11604E+06  0.11296E+06  0.10988E+06  0.10789E+06  0.10539E+06
  0.10293E+06  0.10104E+06  0.99211E+05  0.97981E+05  0.97379E+05  0.96355E+05
  0.96566E+05  0.96981E+05  0.97655E+05  0.98663E+05  0.10039E+06  0.10284E+06
  0.10604E+06  0.11040E+06  0.11609E+06  0.12356E+06  0.13344E+06  0.14659E+06
  0.16427E+06  0.18831E+06  0.22136E+06  0.26745E+06  0.33257E+06  0.00000E+00
  0.36560E+05  0.73094E+05  0.10965E+06  0.14619E+06  0.18270E+06  0.21924E+06
  0.21924E+06  0.21924E+06  0.21921E+06  0.21911E+06  0.21445E+06  0.21118E+06
  0.20705E+06  0.20294E+06  0.19884E+06  0.19392E+06  0.18902E+06  0.18583E+06
  0.18184E+06  0.17790E+06  0.17486E+06  0.17189E+06  0.16987E+06  0.16882E+06
  0.16709E+06  0.16727E+06  0.16774E+06  0.16856E+06  0.16984E+06  0.17217E+06
  0.17550E+06  0.17986E+06  0.18581E+06  0.19354E+06  0.20363E+06  0.21689E+06
  0.23442E+06  0.25778E+06  0.28920E+06  0.33193E+06  0.39076E+06  0.47280E+06
  0.00000E+00  0.62202E+05  0.12436E+06  0.18655E+06  0.24872E+06  0.31084E+06
  0.37300E+06  0.37300E+06  0.37300E+06  0.37295E+06  0.37278E+06  0.36539E+06
  0.36018E+06  0.35361E+06  0.34706E+06  0.34054E+06  0.33271E+06  0.32491E+06
  0.31982E+06  0.31345E+06  0.30714E+06  0.30225E+06  0.29746E+06  0.29415E+06
  0.29236E+06  0.28945E+06  0.28953E+06  0.29000E+06  0.29096E+06  0.29256E+06
  0.29566E+06  0.30020E+06  0.30613E+06  0.31425E+06  0.32476E+06  0.33844E+06
  0.35630E+06  0.37976E+06  0.41080E+06  0.45218E+06  0.50789E+06  0.58370E+06
  0.68809E+06  0.00000E+00  0.00000E+00  0.00000E+00  0.00000E+00  0.00000E+00
  0.00000E+00  0.00000E+00  0.00000E+00  0.00000E+00  0.00000E+00  0.00000E+00
  0.00000E+00  0.00000E+00  0.00000E+00  0.00000E+00  0.00000E+00  0.00000E+00
  0.00000E+00  0.00000E+00  0.00000E+00  0.00000E+00  0.00000E+00  0.00000E+00
  0.00000E+00  0.00000E+00  0.00000E+00  0.00000E+00  0.00000E+00  0.00000E+00
  0.00000E+00  0.00000E+00  0.00000E+00  0.00000E+00  0.00000E+00  0.00000E+00
  0.00000E+00  0.00000E+00  0.00000E+00  0.00000E+00  0.00000E+00  0.00000E+00
  0.00000E+00  0.00000E+00  0.00000E+00  0.00000E+00  0.00000E+00  0.00000E+00
  0.00000E+00  0.00000E+00  0.00000E+00  0.00000E+00  0.00000E+00  0.00000E+00
  0.00000E+00  0.00000E+00  0.00000E+00  0.86100E-04  0.25330E-03  0.73110E-03
  0.18979E-02  0.46798E-02  0.10346E-01  0.21909E-01  0.48361E-01  0.96526E-01
  0.21356E+00  0.41946E+00  0.77404E+00  0.13896E+01  0.24628E+01  0.43652E+01
  0.76419E+01  0.13545E+02  0.23716E+02  0.41524E+02  0.72714E+02  0.12734E+03
  0.22298E+03  0.39050E+03  0.68383E+03  0.11976E+04  0.20972E+04  0.36724E+04
  0.64320E+04  0.11264E+05  0.19727E+05  0.00000E+00  0.00000E+00  0.00000E+00
  0.00000E+00  0.00000E+00  0.00000E+00  0.00000E+00  0.00000E+00  0.00000E+00
  0.00000E+00  0.00000E+00  0.00000E+00  0.00000E+00  0.17485E-03  0.51247E-03
  0.14762E-02  0.38232E-02  0.94084E-02  0.20775E-01  0.43966E-01  0.96918E-01
  0.19338E+00  0.42779E+00  0.83993E+00  0.15495E+01  0.27811E+01  0.49284E+01
  0.87343E+01  0.15289E+02  0.27097E+02  0.47443E+02  0.83063E+02  0.14545E+03
  0.25472E+03  0.44601E+03  0.78107E+03  0.13678E+04  0.23953E+04  0.41947E+04
  0.73454E+04  0.12865E+05  0.22530E+05  0.39456E+05  0.00000E+00  0.00000E+00
  0.00000E+00  0.00000E+00  0.00000E+00  0.00000E+00  0.00000E+00  0.00000E+00
  0.00000E+00  0.00000E+00  0.00000E+00  0.00000E+00  0.00000E+00  0.26675E-03
  0.77998E-03  0.22386E-02  0.57865E-02  0.14210E-01  0.31326E-01  0.66178E-01
  0.14585E+00  0.29067E+00  0.64249E+00  0.12609E+01  0.23255E+01  0.41727E+01
  0.73930E+01  0.13100E+02  0.22929E+02  0.40633E+02  0.71138E+02  0.12454E+03
  0.21808E+03  0.38189E+03  0.66868E+03  0.11710E+04  0.20506E+04  0.35910E+04
  0.62885E+04  0.11012E+05  0.19286E+05  0.33776E+05  0.59150E+05  0.00000E+00
  0.00000E+00  0.00000E+00  0.00000E+00  0.00000E+00  0.00000E+00  0.00000E+00
  0.00000E+00  0.00000E+00  0.00000E+00  0.00000E+00  0.00000E+00  0.00000E+00
  0.36277E-03  0.10572E-02  0.30263E-02  0.77952E-02  0.19104E-01  0.42012E-01
  0.88624E-01  0.19510E+00  0.38851E+00  0.85808E+00  0.16832E+01  0.31029E+01
  0.55659E+01  0.98588E+01  0.17466E+02  0.30566E+02  0.54161E+02  0.94814E+02
  0.16598E+03  0.29062E+03  0.50891E+03  0.89108E+03  0.15604E+04  0.27325E+04
  0.47851E+04  0.83795E+04  0.14674E+05  0.25699E+05  0.45006E+05  0.78817E+05
  0.00000E+00  0.00000E+00  0.00000E+00  0.00000E+00  0.00000E+00  0.00000E+00
  0.00000E+00  0.00000E+00  0.00000E+00  0.00000E+00  0.00000E+00  0.00000E+00
  0.00000E+00  0.46326E-03  0.13464E-02  0.38422E-02  0.98679E-02  0.24106E-01
  0.52902E-01  0.11139E+00  0.24481E+00  0.48700E+00  0.10747E+01  0.21068E+01
  0.38817E+01  0.69600E+01  0.12324E+02  0.21829E+02  0.38194E+02  0.67668E+02
  0.11845E+03  0.20734E+03  0.36301E+03  0.63565E+03  0.11129E+04  0.19489E+04
  0.34126E+04  0.59761E+04  0.10465E+05  0.18325E+05  0.32095E+05  0.56206E+05
  0.98431E+05  0.00000E+00  0.00000E+00  0.00000E+00  0.00000E+00  0.00000E+00
  0.00000E+00  0.00000E+00  0.00000E+00  0.00000E+00  0.00000E+00  0.00000E+00
  0.00000E+00  0.00000E+00  0.56806E-03  0.16486E-02  0.46946E-02  0.12012E-01
  0.29257E-01  0.64005E-01  0.13447E+00  0.29507E+00  0.58626E+00  0.12928E+01
  0.25323E+01  0.46627E+01  0.83561E+01  0.14791E+02  0.26189E+02  0.45812E+02
  0.81153E+02  0.14203E+03  0.24860E+03  0.43522E+03  0.76203E+03  0.13342E+04
  0.23362E+04  0.40907E+04  0.71635E+04  0.12544E+05  0.21966E+05  0.38470E+05
  0.67371E+05  0.11798E+06  0.00000E+00  0.00000E+00  0.00000E+00  0.00000E+00
  0.00000E+00  0.00000E+00  0.00000E+00  0.00000E+00  0.00000E+00  0.00000E+00
  0.00000E+00  0.00000E+00  0.00000E+00  0.67349E-03  0.19613E-02  0.55811E-02
  0.14240E-01  0.34566E-01  0.75373E-01  0.15791E+00  0.34596E+00  0.68620E+00
  0.15114E+01  0.29579E+01  0.54422E+01  0.97468E+01  0.17244E+02  0.30522E+02
  0.53374E+02  0.94530E+02  0.16542E+03  0.28949E+03  0.50675E+03  0.88722E+03
  0.15533E+04  0.27197E+04  0.47622E+04  0.83390E+04  0.14602E+05  0.25570E+05
  0.44782E+05  0.78422E+05  0.13734E+06  0.00000E+00  0.00000E+00  0.00000E+00
  0.00000E+00  0.00000E+00  0.00000E+00  0.00000E+00  0.00000E+00  0.00000E+00
  0.00000E+00  0.00000E+00  0.00000E+00  0.00000E+00  0.77257E-03  0.22755E-02
  0.64976E-02  0.16544E-01  0.40040E-01  0.86980E-01  0.18172E+00  0.39728E+00
  0.78668E+00  0.17306E+01  0.33833E+01  0.62189E+01  0.11129E+02  0.19677E+02
  0.34813E+02  0.60856E+02  0.10775E+03  0.18852E+03  0.32986E+03  0.57735E+03
  0.10107E+04  0.17694E+04  0.30980E+04  0.54242E+04  0.94980E+04  0.16632E+05
  0.29122E+05  0.51003E+05  0.89316E+05  0.15641E+06  0.00000E+00  0.00000E+00
  0.00000E+00  0.00000E+00  0.00000E+00  0.00000E+00  0.00000E+00  0.00000E+00
  0.00000E+00  0.00000E+00  0.00000E+00  0.00000E+00  0.00000E+00  0.84638E-03
  0.25672E-02  0.74189E-02  0.18903E-01  0.45635E-01  0.98786E-01  0.20568E+00
  0.44881E+00  0.88708E+00  0.19492E+01  0.38064E+01  0.69886E+01  0.12495E+02
  0.22074E+02  0.39032E+02  0.68198E+02  0.12072E+03  0.21114E+03  0.36937E+03
  0.64640E+03  0.11315E+04  0.19805E+04  0.34675E+04  0.60709E+04  0.10630E+05
  0.18613E+05  0.32591E+05  0.57077E+05  0.99952E+05  0.17504E+06  0.00000E+00
  0.00000E+00  0.00000E+00  0.00000E+00  0.00000E+00  0.00000E+00  0.00000E+00
  0.00000E+00  0.00000E+00  0.00000E+00  0.00000E+00  0.00000E+00  0.00000E+00
  0.84770E-03  0.27703E-02  0.82547E-02  0.21187E-01  0.51182E-01  0.11046E+00
  0.22927E+00  0.49953E+00  0.98563E+00  0.21634E+01  0.42197E+01  0.77373E+01
  0.13817E+02  0.24388E+02  0.43094E+02  0.75249E+02  0.13315E+03  0.23280E+03
  0.40716E+03  0.71240E+03  0.12468E+04  0.21822E+04  0.38202E+04  0.66880E+04
  0.11710E+05  0.20503E+05  0.35900E+05  0.62871E+05  0.11010E+06  0.19280E+06
  0.00000E+00  0.00000E+00  0.00000E+00  0.00000E+00  0.00000E+00  0.00000E+00
  0.00000E+00  0.00000E+00  0.00000E+00  0.00000E+00  0.00000E+00  0.00000E+00
  0.00000E+00  0.67928E-03  0.27546E-02  0.88438E-02  0.23187E-01  0.56365E-01
  0.12147E+00  0.25158E+00  0.54801E+00  0.10796E+01  0.23681E+01  0.46142E+01
  0.84481E+01  0.15066E+02  0.26560E+02  0.46892E+02  0.81818E+02  0.14472E+03
  0.25291E+03  0.44218E+03  0.77346E+03  0.13534E+04  0.23684E+04  0.41458E+04
  0.72574E+04  0.12706E+05  0.22246E+05  0.38951E+05  0.68211E+05  0.11945E+06
  0.20917E+06  0.00000E+00  0.00000E+00  0.00000E+00  0.00000E+00  0.00000E+00
  0.00000E+00  0.00000E+00  0.00000E+00  0.00000E+00  0.00000E+00  0.00000E+00
  0.00000E+00  0.00000E+00  0.85669E-04  0.21652E-02  0.87009E-02  0.24214E-01
  0.60142E-01  0.13019E+00  0.26986E+00  0.58939E+00  0.11613E+01  0.25492E+01
  0.49649E+01  0.90762E+01  0.16160E+02  0.28450E+02  0.50178E+02  0.87464E+02
  0.15463E+03  0.27008E+03  0.47200E+03  0.82536E+03  0.14439E+04  0.25263E+04
  0.44214E+04  0.77391E+04  0.13548E+05  0.23720E+05  0.41528E+05  0.72722E+05
  0.12734E+06  0.22299E+06  0.00000E+00  0.00000E+00  0.00000E+00  0.00000E+00
  0.00000E+00  0.00000E+00  0.00000E+00  0.00000E+00  0.00000E+00  0.00000E+00
  0.00000E+00  0.00000E+00  0.00000E+00  0.13826E-02  0.42379E-03  0.71168E-02
  0.23359E-01  0.61307E-01  0.13477E+00  0.28122E+00  0.61930E+00  0.12235E+01
  0.26939E+01  0.52495E+01  0.95818E+01  0.17028E+02  0.29927E+02  0.52718E+02
  0.91773E+02  0.16217E+03  0.28304E+03  0.49436E+03  0.86409E+03  0.15111E+04
  0.26433E+04  0.46254E+04  0.80949E+04  0.14170E+05  0.24806E+05  0.43427E+05
  0.76044E+05  0.13315E+06  0.23316E+06  0.00000E+00  0.00000E+00  0.00000E+00
  0.00000E+00  0.00000E+00  0.00000E+00  0.00000E+00  0.00000E+00  0.00000E+00
  0.00000E+00  0.00000E+00  0.00000E+00  0.00000E+00  0.43864E-02  0.32531E-02
  0.32131E-02  0.19647E-01  0.58736E-01  0.13389E+00  0.28399E+00  0.63569E+00
  0.12635E+01  0.27980E+01  0.54613E+01  0.99526E+01  0.17648E+02  0.30949E+02
  0.54439E+02  0.94613E+02  0.16709E+03  0.29135E+03  0.50850E+03  0.88832E+03
  0.15529E+04  0.27154E+04  0.47505E+04  0.83124E+04  0.14549E+05  0.25466E+05
  0.44580E+05  0.78058E+05  0.13667E+06  0.23932E+06  0.00000E+00  0.00000E+00
  0.00000E+00  0.00000E+00  0.00000E+00  0.00000E+00  0.00000E+00  0.00000E+00
  0.00000E+00  0.00000E+00  0.00000E+00  0.00000E+00  0.00000E+00  0.00000E+00
  0.11519E-01  0.61444E-02  0.90638E-02  0.46274E-01  0.11679E+00  0.25728E+00
  0.59331E+00  0.12093E+01  0.26362E+01  0.51681E+01  0.94045E+01  0.16629E+02
  0.29078E+02  0.51047E+02  0.88509E+02  0.15620E+03  0.27198E+03  0.47422E+03
  0.82778E+03  0.14462E+04  0.25277E+04  0.44206E+04  0.77332E+04  0.13532E+05
  0.23684E+05  0.41455E+05  0.72580E+05  0.12707E+06  0.22250E+06  0.00000E+00
  0.84946E-03  0.17207E-02  0.26325E-02  0.36029E-02  0.46599E-02  0.57467E-02
  0.70073E-02  0.82935E-02  0.10161E-01  0.14175E-01  0.00000E+00  0.00000E+00
  0.00000E+00  0.00000E+00  0.21105E-01  0.74782E-02  0.27705E-01  0.92816E-01
  0.22323E+00  0.54502E+00  0.11396E+01  0.24842E+01  0.48937E+01  0.88843E+01
  0.15648E+02  0.27259E+02  0.47724E+02  0.82495E+02  0.14543E+03  0.25278E+03
  0.44015E+03  0.76752E+03  0.13399E+04  0.23405E+04  0.40914E+04  0.71548E+04
  0.12517E+05  0.21902E+05  0.38331E+05  0.67104E+05  0.11748E+06  0.20568E+06
  0.00000E+00  0.24086E-02  0.48648E-02  0.74071E-02  0.10071E-01  0.12919E-01
  0.15821E-01  0.19091E-01  0.22404E-01  0.26950E-01  0.31346E-01  0.34930E-01
  0.37861E-01  0.00000E+00  0.00000E+00  0.00000E+00  0.33470E-01  0.00000E+00
  0.60150E-01  0.18127E+00  0.49146E+00  0.10661E+01  0.23489E+01  0.46511E+01
  0.84113E+01  0.14732E+02  0.25525E+02  0.44517E+02  0.76630E+02  0.13486E+03
  0.23385E+03  0.40642E+03  0.70771E+03  0.12341E+04  0.21541E+04  0.37632E+04
  0.65778E+04  0.11503E+05  0.20124E+05  0.35211E+05  0.61633E+05  0.10789E+06
  0.18887E+06  0.00000E+00  0.58837E-02  0.11855E-01  0.17983E-01  0.24348E-01
  0.31040E-01  0.37843E-01  0.45319E-01  0.52910E-01  0.62739E-01  0.70641E-01
  0.77455E-01  0.85860E-01  0.97018E-01  0.10174E+00  0.00000E+00  0.00000E+00
  0.68601E-01  0.24387E-01  0.71084E-01  0.34684E+00  0.85976E+00  0.20237E+01
  0.41108E+01  0.74485E+01  0.12992E+02  0.22386E+02  0.38899E+02  0.66608E+02
  0.11710E+03  0.20242E+03  0.35097E+03  0.61006E+03  0.10624E+04  0.18524E+04
  0.32335E+04  0.56487E+04  0.98740E+04  0.17267E+05  0.30206E+05  0.52860E+05
  0.92517E+05  0.16195E+06  0.00000E+00  0.13305E-01  0.26745E-01  0.40465E-01
  0.54573E-01  0.69222E-01  0.83993E-01  0.99882E-01  0.11584E+00  0.13563E+00
  0.14831E+00  0.15879E+00  0.17194E+00  0.18943E+00  0.20185E+00  0.20560E+00
  0.20134E+00  0.00000E+00  0.13915E+00  0.65296E-01  0.18961E+00  0.65917E+00
  0.17468E+01  0.36764E+01  0.66714E+01  0.11562E+02  0.19765E+02  0.34153E+02
  0.58056E+02  0.10186E+03  0.17532E+03  0.30297E+03  0.52527E+03  0.91297E+03
  0.15895E+04  0.27716E+04  0.48376E+04  0.84508E+04  0.14771E+05  0.25830E+05
  0.45190E+05  0.79076E+05  0.13840E+06  0.00000E+00  0.28757E-01  0.57753E-01
  0.87155E-01  0.11721E+00  0.14816E+00  0.17916E+00  0.21198E+00  0.24461E+00
  0.28367E+00  0.30320E+00  0.31880E+00  0.33912E+00  0.36566E+00  0.38484E+00
  0.39180E+00  0.39015E+00  0.37108E+00  0.00000E+00  0.30171E+00  0.77016E-01
  0.33257E+00  0.13297E+01  0.30663E+01  0.56442E+01  0.97500E+01  0.16537E+02
  0.28427E+02  0.47882E+02  0.83923E+02  0.14364E+03  0.24718E+03  0.42716E+03
  0.74060E+03  0.12870E+04  0.22408E+04  0.39070E+04  0.68194E+04  0.11912E+05
  0.20821E+05  0.36413E+05  0.63700E+05  0.11146E+06  0.00000E+00  0.59570E-01
  0.11945E+00  0.18007E+00  0.24165E+00  0.30456E+00  0.36734E+00  0.43292E+00
  0.49770E+00  0.57279E+00  0.60142E+00  0.62486E+00  0.65477E+00  0.69304E+00
  0.72003E+00  0.72725E+00  0.72799E+00  0.70947E+00  0.70965E+00  0.00000E+00
  0.48511E+00  0.13458E+00  0.78151E+00  0.23313E+01  0.44793E+01  0.77719E+01
  0.13099E+02  0.22433E+02  0.37351E+02  0.65528E+02  0.11137E+03  0.19059E+03
  0.32799E+03  0.56682E+03  0.98258E+03  0.17076E+04  0.29730E+04  0.51837E+04
  0.90475E+04  0.15804E+05  0.27626E+05  0.48311E+05  0.84514E+05  0.00000E+00
  0.12311E+00  0.24667E+00  0.37137E+00  0.49744E+00  0.62573E+00  0.75313E+00
  0.88468E+00  0.10138E+01  0.11599E+01  0.12034E+01  0.12350E+01  0.12751E+01
  0.13304E+01  0.13624E+01  0.13664E+01  0.13581E+01  0.13304E+01  0.13429E+01
  0.13635E+01  0.00000E+00  0.85347E+00  0.00000E+00  0.13788E+01  0.30807E+01
  0.55177E+01  0.93162E+01  0.16007E+02  0.26253E+02  0.46418E+02  0.78148E+02
  0.13276E+03  0.22717E+03  0.39087E+03  0.67530E+03  0.11706E+04  0.20341E+04
  0.35413E+04  0.61740E+04  0.10775E+05  0.18824E+05  0.32902E+05  0.57535E+05
  0.00000E+00  0.26233E+00  0.52553E+00  0.79032E+00  0.10574E+01  0.13280E+01
  0.15956E+01  0.18698E+01  0.21372E+01  0.24335E+01  0.24744E+01  0.25027E+01
  0.25504E+01  0.26244E+01  0.26525E+01  0.26300E+01  0.25921E+01  0.25291E+01
  0.25423E+01  0.25812E+01  0.23620E+01  0.20918E+01  0.12366E+01  0.00000E+00
  0.12271E+01  0.27336E+01  0.48837E+01  0.87766E+01  0.14111E+02  0.25998E+02
  0.43214E+02  0.72679E+02  0.12339E+03  0.21102E+03  0.36288E+03  0.62680E+03
  0.10862E+04  0.18871E+04  0.32848E+04  0.57259E+04  0.99937E+04  0.17456E+05
  0.30509E+05  0.00000E+00  0.51660E+00  0.10345E+01  0.15546E+01  0.20782E+01
  0.26069E+01  0.31287E+01  0.36601E+01  0.41766E+01  0.47397E+01  0.47980E+01
  0.48299E+01  0.48903E+01  0.49890E+01  0.50022E+01  0.49250E+01  0.48210E+01
  0.46809E+01  0.46716E+01  0.47203E+01  0.44350E+01  0.41737E+01  0.32822E+01
  0.21806E+01  0.15061E+01  0.10797E+01  0.80107E+00  0.00000E+00  0.00000E+00
  0.30954E+01  0.50670E+01  0.84186E+01  0.14156E+02  0.24029E+02  0.41083E+02
  0.70645E+02  0.12200E+03  0.21141E+03  0.36726E+03  0.63923E+03  0.11144E+04
  0.19448E+04  0.33969E+04  0.00000E+00  0.10083E+01  0.20184E+01  0.30317E+01
  0.40497E+01  0.50753E+01  0.60857E+01  0.71093E+01  0.81005E+01  0.91680E+01
  0.92478E+01  0.92724E+01  0.93378E+01  0.94577E+01  0.94123E+01  0.91962E+01
  0.89235E+01  0.85841E+01  0.84589E+01  0.84278E+01  0.79056E+01  0.74981E+01
  0.63282E+01  0.51326E+01  0.48584E+01  0.53548E+01  0.67013E+01  0.85048E+01
  0.12988E+02  0.16979E+02  0.27247E+02  0.44548E+02  0.73953E+02  0.12427E+03
  0.21079E+03  0.36027E+03  0.61926E+03  0.10692E+04  0.18523E+04  0.32173E+04
  0.55999E+04  0.97608E+04  0.17033E+05  0.00000E+00  0.19540E+01  0.39106E+01
  0.58715E+01  0.78391E+01  0.98175E+01  0.11764E+02  0.13729E+02  0.15628E+02
  0.17652E+02  0.17759E+02  0.17755E+02  0.17809E+02  0.17941E+02  0.17759E+02
  0.17256E+02  0.16638E+02  0.15893E+02  0.15500E+02  0.15254E+02  0.14245E+02
  0.13497E+02  0.11766E+02  0.10293E+02  0.10470E+02  0.12110E+02  0.15455E+02
  0.20358E+02  0.30078E+02  0.42028E+02  0.65829E+02  0.10549E+03  0.17230E+03
  0.28581E+03  0.47987E+03  0.81363E+03  0.13899E+04  0.23884E+04  0.41227E+04
  0.71405E+04  0.12402E+05  0.21583E+05  0.37617E+05  0.00000E+00  0.37262E+01
  0.74558E+01  0.11191E+02  0.14936E+02  0.18696E+02  0.22394E+02  0.26116E+02
  0.29708E+02  0.33508E+02  0.33646E+02  0.33571E+02  0.33579E+02  0.33696E+02
  0.33229E+02  0.32172E+02  0.30887E+02  0.29365E+02  0.28419E+02  0.27697E+02
  0.25748E+02  0.24301E+02  0.21512E+02  0.19436E+02  0.20112E+02  0.23209E+02
  0.29098E+02  0.37828E+02  0.53897E+02  0.75104E+02  0.11435E+03  0.17890E+03
  0.28646E+03  0.46758E+03  0.77505E+03  0.13008E+04  0.22047E+04  0.37653E+04
  0.64686E+04  0.11163E+05  0.19336E+05  0.33577E+05  0.58428E+05  0.00000E+00
  0.74487E+01  0.14902E+02  0.22364E+02  0.29838E+02  0.37336E+02  0.44710E+02
  0.52117E+02  0.59269E+02  0.66781E+02  0.66959E+02  0.66724E+02  0.66611E+02
  0.66660E+02  0.65603E+02  0.63440E+02  0.60832E+02  0.57774E+02  0.55709E+02
  0.54010E+02  0.50253E+02  0.47469E+02  0.42768E+02  0.39670E+02  0.41313E+02
  0.47057E+02  0.57441E+02  0.72794E+02  0.99541E+02  0.13602E+03  0.20009E+03
  0.30381E+03  0.47428E+03  0.75803E+03  0.12352E+04  0.20450E+04  0.34287E+04
  0.58067E+04  0.99107E+04  0.17017E+05  0.29362E+05  0.50838E+05  0.88264E+05
  0.00000E+00  0.14279E+02  0.28564E+02  0.42859E+02  0.57172E+02  0.71520E+02
  0.85633E+02  0.99788E+02  0.11346E+03  0.12775E+03  0.12796E+03  0.12740E+03
  0.12701E+03  0.12686E+03  0.12468E+03  0.12048E+03  0.11543E+03  0.10954E+03
  0.10532E+03  0.10166E+03  0.94500E+02  0.89062E+02  0.80723E+02  0.75390E+02
  0.77849E+02  0.86761E+02  0.10267E+03  0.12597E+03  0.16539E+03  0.21916E+03
  0.31076E+03  0.45646E+03  0.69227E+03  0.10796E+04  0.17237E+04  0.28069E+04
  0.46442E+04  0.77833E+04  0.13176E+05  0.22481E+05  0.38599E+05  0.66581E+05
  0.11526E+06  0.00000E+00  0.28581E+02  0.57170E+02  0.85772E+02  0.11440E+03
  0.14308E+03  0.17131E+03  0.19959E+03  0.22695E+03  0.25539E+03  0.25562E+03
  0.25439E+03  0.25341E+03  0.25278E+03  0.24835E+03  0.24014E+03  0.23031E+03
  0.21887E+03  0.21035E+03  0.20272E+03  0.18893E+03  0.17826E+03  0.16297E+03
  0.15334E+03  0.15704E+03  0.17133E+03  0.19660E+03  0.23323E+03  0.29357E+03
  0.37535E+03  0.51067E+03  0.72165E+03  0.10569E+04  0.15985E+04  0.24868E+04
  0.39631E+04  0.64428E+04  0.10647E+05  0.17823E+05  0.30147E+05  0.51412E+05
  0.88221E+05  0.15212E+06  0.00000E+00  0.51144E+02  0.10230E+03  0.15347E+03
  0.20467E+03  0.25595E+03  0.30646E+03  0.35703E+03  0.40605E+03  0.45680E+03
  0.45700E+03  0.45474E+03  0.45284E+03  0.45141E+03  0.44363E+03  0.42952E+03
  0.41265E+03  0.39306E+03  0.37812E+03  0.36452E+03  0.34096E+03  0.32253E+03
  0.29710E+03  0.28111E+03  0.28607E+03  0.30715E+03  0.34437E+03  0.39787E+03
  0.48442E+03  0.60070E+03  0.78895E+03  0.10774E+04  0.15282E+04  0.22456E+04
  0.34063E+04  0.53130E+04  0.84848E+04  0.13819E+05  0.22867E+05  0.38323E+05
  0.64887E+05  0.11072E+06  0.19010E+06  0.00000E+00  0.91293E+02  0.18260E+03
  0.27392E+03  0.36528E+03  0.45676E+03  0.54693E+03  0.63716E+03  0.72476E+03
  0.81514E+03  0.81524E+03  0.81117E+03  0.80759E+03  0.80468E+03  0.79109E+03
  0.76689E+03  0.73796E+03  0.70440E+03  0.67828E+03  0.65415E+03  0.61367E+03
  0.58151E+03  0.53837E+03  0.51071E+03  0.51607E+03  0.54590E+03  0.59923E+03
  0.67533E+03  0.79710E+03  0.95852E+03  0.12154E+04  0.16020E+04  0.21958E+04
  0.31252E+04  0.46063E+04  0.70071E+04  0.10955E+05  0.17530E+05  0.28597E+05
  0.47381E+05  0.79502E+05  0.13471E+06  0.23002E+06  0.00000E+00  0.16485E+03
  0.32971E+03  0.49459E+03  0.65951E+03  0.82461E+03  0.98745E+03  0.11503E+04
  0.13087E+04  0.14717E+04  0.14715E+04  0.14641E+04  0.14575E+04  0.14517E+04
  0.14278E+04  0.13857E+04  0.13355E+04  0.12771E+04  0.12310E+04  0.11877E+04
  0.11170E+04  0.10598E+04  0.98467E+03  0.93505E+03  0.93831E+03  0.97922E+03
  0.10546E+04  0.11616E+04  0.13320E+04  0.15542E+04  0.19030E+04  0.24188E+04
  0.31965E+04  0.43922E+04  0.62655E+04  0.92552E+04  0.14105E+05  0.22088E+05
  0.35393E+05  0.57796E+05  0.95860E+05  0.16095E+06  0.27286E+06  0.00000E+00
  0.29213E+03  0.58427E+03  0.87641E+03  0.11686E+04  0.14611E+04  0.17496E+04
  0.20382E+04  0.23189E+04  0.26072E+04  0.26063E+04  0.25930E+04  0.25807E+04
  0.25696E+04  0.25273E+04  0.24539E+04  0.23660E+04  0.22641E+04  0.21819E+04
  0.21038E+04  0.19788E+04  0.18757E+04  0.17423E+04  0.16503E+04  0.16433E+04
  0.16938E+04  0.17937E+04  0.19356E+04  0.21636E+04  0.24540E+04  0.29076E+04
  0.35669E+04  0.45430E+04  0.60161E+04  0.82825E+04  0.11838E+05  0.17517E+05
  0.26737E+05  0.41924E+05  0.67247E+05  0.10993E+06  0.18244E+06  0.30649E+06
  0.00000E+00  0.53657E+03  0.10731E+04  0.16097E+04  0.21463E+04  0.26833E+04
  0.32135E+04  0.37436E+04  0.42602E+04  0.47895E+04  0.47872E+04  0.47636E+04
  0.47412E+04  0.47207E+04  0.46462E+04  0.45180E+04  0.43646E+04  0.41866E+04
  0.40415E+04  0.39024E+04  0.36830E+04  0.35000E+04  0.32655E+04  0.31005E+04
  0.30753E+04  0.31417E+04  0.32832E+04  0.34841E+04  0.38095E+04  0.42160E+04
  0.48475E+04  0.57507E+04  0.70647E+04  0.90116E+04  0.11951E+05  0.16479E+05
  0.23585E+05  0.34943E+05  0.53394E+05  0.83798E+05  0.13454E+06  0.22006E+06
  0.36540E+06  0.00000E+00  0.99554E+03  0.19911E+04  0.29865E+04  0.39820E+04
  0.49782E+04  0.59624E+04  0.69463E+04  0.79065E+04  0.88885E+04  0.88834E+04
  0.88411E+04  0.88007E+04  0.87628E+04  0.86309E+04  0.84056E+04  0.81359E+04
  0.78227E+04  0.75652E+04  0.73163E+04  0.69284E+04  0.66014E+04  0.61857E+04
  0.58872E+04  0.58226E+04  0.59058E+04  0.61050E+04  0.63892E+04  0.68563E+04
  0.74280E+04  0.83153E+04  0.95663E+04  0.11357E+05  0.13963E+05  0.17823E+05
  0.23657E+05  0.32644E+05  0.46757E+05  0.69320E+05  0.10598E+06  0.16644E+06
  0.26731E+06  0.43737E+06  0.00000E+00  0.18712E+04  0.37423E+04  0.56132E+04
  0.74841E+04  0.93563E+04  0.11207E+05  0.13057E+05  0.14865E+05  0.16711E+05
  0.16701E+05  0.16625E+05  0.16551E+05  0.16481E+05  0.16246E+05  0.15846E+05
  0.15366E+05  0.14809E+05  0.14348E+05  0.13900E+05  0.13206E+05  0.12617E+05
  0.11871E+05  0.11326E+05  0.11179E+05  0.11275E+05  0.11554E+05  0.11955E+05
  0.12631E+05  0.13438E+05  0.14699E+05  0.16453E+05  0.18928E+05  0.22469E+05
  0.27620E+05  0.35256E+05  0.46789E+05  0.64559E+05  0.92460E+05  0.13706E+06
  0.20956E+06  0.32906E+06  0.52846E+06  0.00000E+00  0.35795E+04  0.71589E+04
  0.10738E+05  0.14316E+05  0.17897E+05  0.21440E+05  0.24981E+05  0.28446E+05
  0.31978E+05  0.31958E+05  0.31819E+05  0.31684E+05  0.31554E+05  0.31127E+05
  0.30404E+05  0.29539E+05  0.28534E+05  0.27695E+05  0.26876E+05  0.25617E+05
  0.24539E+05  0.23181E+05  0.22172E+05  0.21854E+05  0.21946E+05  0.22332E+05
  0.22896E+05  0.23883E+05  0.25030E+05  0.26843E+05  0.29340E+05  0.32814E+05
  0.37712E+05  0.44715E+05  0.54901E+05  0.69985E+05  0.92758E+05  0.12782E+06
  0.18283E+06  0.27075E+06  0.41353E+06  0.64878E+06  0.00000E+00  0.70217E+04
  0.14043E+05  0.21064E+05  0.28083E+05  0.35108E+05  0.42061E+05  0.49010E+05
  0.55821E+05  0.62753E+05  0.62711E+05  0.62452E+05  0.62199E+05  0.61953E+05
  0.61162E+05  0.59827E+05  0.58229E+05  0.56369E+05  0.54810E+05  0.53280E+05
  0.50943E+05  0.48927E+05  0.46393E+05  0.44485E+05  0.43810E+05  0.43850E+05
  0.44375E+05  0.45164E+05  0.46625E+05  0.48263E+05  0.50913E+05  0.54527E+05
  0.59501E+05  0.66418E+05  0.76154E+05  0.90064E+05  0.11026E+06  0.14013E+06
  0.18516E+06  0.25436E+06  0.36283E+06  0.53589E+06  0.81662E+06  0.00000E+00
  0.14321E+05  0.28642E+05  0.42960E+05  0.57277E+05  0.71603E+05  0.85792E+05
  0.99972E+05  0.11389E+06  0.12803E+06  0.12795E+06  0.12745E+06  0.12695E+06
  0.12647E+06  0.12495E+06  0.12239E+06  0.11933E+06  0.11576E+06  0.11275E+06
  0.10979E+06  0.10528E+06  0.10137E+06  0.96465E+05  0.92725E+05  0.91281E+05
  0.91133E+05  0.91826E+05  0.92917E+05  0.95120E+05  0.97477E+05  0.10143E+06
  0.10679E+06  0.11409E+06  0.12413E+06  0.13805E+06  0.15762E+06  0.18551E+06
  0.22591E+06  0.28548E+06  0.37502E+06  0.51229E+06  0.72676E+06  0.10681E+07
  0.00000E+00  0.24366E+05  0.48730E+05  0.73091E+05  0.97449E+05  0.12182E+06
  0.14598E+06  0.17012E+06  0.19384E+06  0.21792E+06  0.21778E+06  0.21698E+06
  0.21619E+06  0.21541E+06  0.21298E+06  0.20890E+06  0.20402E+06  0.19832E+06
  0.19352E+06  0.18877E+06  0.18157E+06  0.17531E+06  0.16745E+06  0.16143E+06
  0.15902E+06  0.15860E+06  0.15946E+06  0.16087E+06  0.16392E+06  0.16707E+06
  0.17251E+06  0.17985E+06  0.18979E+06  0.20336E+06  0.22203E+06  0.24801E+06
  0.28459E+06  0.33687E+06  0.41282E+06  0.52518E+06  0.69470E+06  0.95537E+06
  0.13641E+07  0.00000E+00  0.41455E+05  0.82908E+05  0.12435E+06  0.16580E+06
  0.20727E+06  0.24838E+06  0.28948E+06  0.32990E+06  0.37090E+06  0.37067E+06
  0.36939E+06  0.36813E+06  0.36688E+06  0.36301E+06  0.35651E+06  0.34872E+06
  0.33965E+06  0.33198E+06  0.32439E+06  0.31289E+06  0.30286E+06  0.29030E+06
  0.28062E+06  0.27660E+06  0.27570E+06  0.27672E+06  0.27851E+06  0.28271E+06
  0.28689E+06  0.29437E+06  0.30442E+06  0.31798E+06  0.33638E+06  0.36151E+06
  0.39618E+06  0.44448E+06  0.51268E+06  0.61041E+06  0.75283E+06  0.96429E+06
  0.12843E+07  0.17781E+07  0.00000E+00  0.00000E+00  0.00000E+00  0.00000E+00
  0.00000E+00  0.00000E+00  0.00000E+00  0.00000E+00  0.00000E+00  0.00000E+00
  0.00000E+00  0.00000E+00  0.00000E+00  0.00000E+00  0.00000E+00  0.00000E+00
  0.00000E+00  0.00000E+00  0.00000E+00  0.00000E+00  0.00000E+00  0.00000E+00
  0.00000E+00  0.00000E+00  0.00000E+00  0.00000E+00  0.00000E+00  0.00000E+00
  0.00000E+00  0.00000E+00  0.00000E+00  0.00000E+00  0.00000E+00  0.00000E+00
  0.00000E+00  0.00000E+00  0.00000E+00  0.00000E+00  0.00000E+00  0.00000E+00
  0.00000E+00  0.00000E+00  0.00000E+00  0.00000E+00  0.00000E+00  0.00000E+00
  0.00000E+00  0.00000E+00  0.00000E+00  0.00000E+00  0.00000E+00  0.00000E+00
  0.00000E+00  0.00000E+00  0.00000E+00  0.00000E+00  0.11703E-03  0.28391E-03
  0.62831E-03  0.14457E-02  0.32130E-02  0.72284E-02  0.15560E-01  0.60166E-01
  0.15137E+00  0.34556E+00  0.75899E+00  0.16197E+01  0.33167E+01  0.69028E+01
  0.13859E+02  0.28287E+02  0.56750E+02  0.11384E+03  0.22832E+03  0.45780E+03
  0.90381E+03  0.17843E+04  0.35228E+04  0.69549E+04  0.13731E+05  0.27109E+05
  0.53522E+05  0.10567E+06  0.20863E+06  0.41193E+06  0.00000E+00  0.00000E+00
  0.00000E+00  0.00000E+00  0.00000E+00  0.00000E+00  0.00000E+00  0.00000E+00
  0.00000E+00  0.00000E+00  0.00000E+00  0.00000E+00  0.00000E+00  0.23787E-03
  0.57482E-03  0.12682E-02  0.29109E-02  0.64581E-02  0.14513E-01  0.31196E-01
  0.12054E+00  0.30312E+00  0.69172E+00  0.15189E+01  0.32408E+01  0.66355E+01
  0.13809E+02  0.27723E+02  0.56581E+02  0.11351E+03  0.22770E+03  0.45666E+03
  0.91564E+03  0.18077E+04  0.35687E+04  0.70458E+04  0.13910E+05  0.27462E+05
  0.54219E+05  0.10704E+06  0.21134E+06  0.41725E+06  0.82385E+06  0.00000E+00
  0.00000E+00  0.00000E+00  0.00000E+00  0.00000E+00  0.00000E+00  0.00000E+00
  0.00000E+00  0.00000E+00  0.00000E+00  0.00000E+00  0.00000E+00  0.00000E+00
  0.36363E-03  0.87467E-03  0.19227E-02  0.44026E-02  0.97445E-02  0.21864E-01
  0.46953E-01  0.18105E+00  0.45503E+00  0.10380E+01  0.22786E+01  0.48605E+01
  0.99504E+01  0.20705E+02  0.41565E+02  0.84827E+02  0.17017E+03  0.34135E+03
  0.68457E+03  0.13726E+04  0.27098E+04  0.53496E+04  0.10562E+05  0.20851E+05
  0.41166E+05  0.81275E+05  0.16046E+06  0.31681E+06  0.62547E+06  0.12350E+07
  0.00000E+00  0.00000E+00  0.00000E+00  0.00000E+00  0.00000E+00  0.00000E+00
  0.00000E+00  0.00000E+00  0.00000E+00  0.00000E+00  0.00000E+00  0.00000E+00
  0.00000E+00  0.49591E-03  0.11864E-02  0.25965E-02  0.59248E-02  0.13084E-01
  0.29302E-01  0.62844E-01  0.24179E+00  0.60729E+00  0.13846E+01  0.30385E+01
  0.64799E+01  0.13263E+02  0.27594E+02  0.55389E+02  0.11303E+03  0.22674E+03
  0.45481E+03  0.91211E+03  0.18288E+04  0.36103E+04  0.71275E+04  0.14072E+05
  0.27780E+05  0.54846E+05  0.10828E+06  0.21378E+06  0.42208E+06  0.83331E+06
  0.16453E+07  0.00000E+00  0.00000E+00  0.00000E+00  0.00000E+00  0.00000E+00
  0.00000E+00  0.00000E+00  0.00000E+00  0.00000E+00  0.00000E+00  0.00000E+00
  0.00000E+00  0.00000E+00  0.63608E-03  0.15124E-02  0.32920E-02  0.74882E-02
  0.16485E-01  0.36827E-01  0.78856E-01  0.30275E+00  0.75980E+00  0.17314E+01
  0.37979E+01  0.80968E+01  0.16568E+02  0.34466E+02  0.69175E+02  0.14116E+03
  0.28313E+03  0.56792E+03  0.11389E+04  0.22835E+04  0.45080E+04  0.88994E+04
  0.17570E+05  0.34686E+05  0.68479E+05  0.13520E+06  0.26692E+06  0.52700E+06
  0.10404E+07  0.20543E+07  0.00000E+00  0.00000E+00  0.00000E+00  0.00000E+00
  0.00000E+00  0.00000E+00  0.00000E+00  0.00000E+00  0.00000E+00  0.00000E+00
  0.00000E+00  0.00000E+00  0.00000E+00  0.78526E-03  0.18548E-02  0.40144E-02
  0.90926E-02  0.19952E-01  0.44468E-01  0.95037E-01  0.36392E+00  0.91252E+00
  0.20781E+01  0.45563E+01  0.97103E+01  0.19864E+02  0.41315E+02  0.82908E+02
  0.16917E+03  0.33930E+03  0.68055E+03  0.13648E+04  0.27363E+04  0.54017E+04
  0.10664E+05  0.21053E+05  0.41561E+05  0.82052E+05  0.16200E+06  0.31983E+06
  0.63144E+06  0.12467E+07  0.24615E+07  0.00000E+00  0.00000E+00  0.00000E+00
  0.00000E+00  0.00000E+00  0.00000E+00  0.00000E+00  0.00000E+00  0.00000E+00
  0.00000E+00  0.00000E+00  0.00000E+00  0.00000E+00  0.94206E-03  0.22119E-02
  0.47589E-02  0.10736E-01  0.23471E-01  0.52181E-01  0.11129E+00  0.42482E+00
  0.10643E+01  0.24221E+01  0.53078E+01  0.11308E+02  0.23124E+02  0.48088E+02
  0.96481E+02  0.19685E+03  0.39479E+03  0.79181E+03  0.15879E+04  0.31836E+04
  0.62845E+04  0.12406E+05  0.24492E+05  0.48351E+05  0.95456E+05  0.18846E+06
  0.37207E+06  0.73459E+06  0.14503E+07  0.28635E+07  0.00000E+00  0.00000E+00
  0.00000E+00  0.00000E+00  0.00000E+00  0.00000E+00  0.00000E+00  0.00000E+00
  0.00000E+00  0.00000E+00  0.00000E+00  0.00000E+00  0.00000E+00  0.11029E-02
  0.25776E-02  0.55148E-02  0.12397E-01  0.27007E-01  0.59903E-01  0.12746E+00
  0.48502E+00  0.12141E+01  0.27614E+01  0.60483E+01  0.12880E+02  0.26329E+02
  0.54744E+02  0.10981E+03  0.22404E+03  0.44928E+03  0.90108E+03  0.18069E+04
  0.36230E+04  0.71515E+04  0.14117E+05  0.27870E+05  0.55018E+05  0.10862E+06
  0.21444E+06  0.42336E+06  0.83586E+06  0.16502E+07  0.32583E+07  0.00000E+00
  0.00000E+00  0.00000E+00  0.00000E+00  0.00000E+00  0.00000E+00  0.00000E+00
  0.00000E+00  0.00000E+00  0.00000E+00  0.00000E+00  0.00000E+00  0.00000E+00
  0.12534E-02  0.29299E-02  0.62473E-02  0.14023E-01  0.30462E-01  0.67455E-01
  0.14327E+00  0.54340E+00  0.13596E+01  0.30913E+01  0.67681E+01  0.14408E+02
  0.29439E+02  0.61203E+02  0.12274E+03  0.25040E+03  0.50211E+03  0.10070E+04
  0.20194E+04  0.40491E+04  0.79922E+04  0.15776E+05  0.31144E+05  0.61481E+05
  0.12138E+06  0.23963E+06  0.47308E+06  0.93402E+06  0.18440E+07  0.36409E+07
  0.00000E+00  0.00000E+00  0.00000E+00  0.00000E+00  0.00000E+00  0.00000E+00
  0.00000E+00  0.00000E+00  0.00000E+00  0.00000E+00  0.00000E+00  0.00000E+00
  0.00000E+00  0.13534E-02  0.32076E-02  0.68585E-02  0.15455E-01  0.33569E-01
  0.74384E-01  0.15790E+00  0.59762E+00  0.14954E+01  0.34004E+01  0.74440E+01
  0.15844E+02  0.32359E+02  0.67275E+02  0.13488E+03  0.27519E+03  0.55178E+03
  0.11067E+04  0.22193E+04  0.44504E+04  0.87838E+04  0.17338E+05  0.34226E+05
  0.67564E+05  0.13338E+06  0.26333E+06  0.51987E+06  0.10264E+07  0.20263E+07
  0.40009E+07  0.00000E+00  0.00000E+00  0.00000E+00  0.00000E+00  0.00000E+00
  0.00000E+00  0.00000E+00  0.00000E+00  0.00000E+00  0.00000E+00  0.00000E+00
  0.00000E+00  0.00000E+00  0.13189E-02  0.32876E-02  0.71650E-02  0.16418E-01
  0.35877E-01  0.79940E-01  0.17002E+00  0.64364E+00  0.16133E+01  0.36730E+01
  0.80445E+01  0.17125E+02  0.34962E+02  0.72706E+02  0.14573E+03  0.29739E+03
  0.59630E+03  0.11960E+04  0.23989E+04  0.48113E+04  0.94953E+04  0.18741E+05
  0.36995E+05  0.73027E+05  0.14416E+06  0.28461E+06  0.56188E+06  0.11093E+07
  0.21901E+07  0.43241E+07  0.00000E+00  0.00000E+00  0.00000E+00  0.00000E+00
  0.00000E+00  0.00000E+00  0.00000E+00  0.00000E+00  0.00000E+00  0.00000E+00
  0.00000E+00  0.00000E+00  0.00000E+00  0.91519E-03  0.28252E-02  0.66577E-02
  0.16140E-01  0.36151E-01  0.82104E-01  0.17631E+00  0.67214E+00  0.16942E+01
  0.38716E+01  0.84962E+01  0.18107E+02  0.36961E+02  0.76929E+02  0.15416E+03
  0.31478E+03  0.63127E+03  0.12665E+04  0.25410E+04  0.50980E+04  0.10060E+05
  0.19855E+05  0.39190E+05  0.77358E+05  0.15271E+06  0.30147E+06  0.59516E+06
  0.11750E+07  0.23198E+07  0.45802E+07  0.00000E+00  0.00000E+00  0.00000E+00
  0.00000E+00  0.00000E+00  0.00000E+00  0.00000E+00  0.00000E+00  0.00000E+00
  0.00000E+00  0.00000E+00  0.00000E+00  0.00000E+00  0.26866E-03  0.12635E-02
  0.45781E-02  0.13566E-01  0.32832E-01  0.78513E-01  0.17301E+00  0.67351E+00
  0.17188E+01  0.39597E+01  0.87285E+01  0.18649E+02  0.38082E+02  0.79402E+02
  0.15911E+03  0.32525E+03  0.65250E+03  0.13097E+04  0.26291E+04  0.52780E+04
  0.10414E+05  0.20551E+05  0.40562E+05  0.80062E+05  0.15804E+06  0.31199E+06
  0.61592E+06  0.12160E+07  0.24006E+07  0.47398E+07  0.00000E+00  0.00000E+00
  0.00000E+00  0.00000E+00  0.00000E+00  0.00000E+00  0.00000E+00  0.00000E+00
  0.00000E+00  0.00000E+00  0.00000E+00  0.00000E+00  0.00000E+00  0.28421E-02
  0.21546E-02  0.00000E+00  0.75587E-02  0.24457E-01  0.67270E-01  0.15758E+00
  0.64283E+00  0.16788E+01  0.39235E+01  0.87161E+01  0.18707E+02  0.38235E+02
  0.79950E+02  0.16023E+03  0.32812E+03  0.65865E+03  0.13230E+04  0.26581E+04
  0.53411E+04  0.10537E+05  0.20790E+05  0.41031E+05  0.80982E+05  0.15985E+06
  0.31555E+06  0.62294E+06  0.12298E+07  0.24279E+07  0.47936E+07  0.00000E+00
  0.00000E+00  0.00000E+00  0.00000E+00  0.00000E+00  0.00000E+00  0.00000E+00
  0.00000E+00  0.00000E+00  0.00000E+00  0.00000E+00  0.00000E+00  0.00000E+00
  0.00000E+00  0.10034E-01  0.10330E-01  0.61751E-02  0.48061E-02  0.38337E-01
  0.11234E+00  0.52906E+00  0.14158E+01  0.34130E+01  0.77065E+01  0.16694E+02
  0.34205E+02  0.71919E+02  0.14422E+03  0.29630E+03  0.59550E+03  0.11979E+04
  0.24103E+04  0.48508E+04  0.95668E+04  0.18874E+05  0.37244E+05  0.73500E+05
  0.14507E+06  0.28637E+06  0.56530E+06  0.11160E+07  0.22032E+07  0.43499E+07
  0.00000E+00  0.79675E-03  0.16174E-02  0.24693E-02  0.33669E-02  0.43257E-02
  0.52780E-02  0.64280E-02  0.75998E-02  0.92575E-02  0.10806E-01  0.12293E-02
  0.00000E+00  0.00000E+00  0.00000E+00  0.26579E-01  0.26745E-01  0.22912E-01
  0.00000E+00  0.55897E-01  0.39244E+00  0.11434E+01  0.28952E+01  0.66929E+01
  0.14682E+02  0.30182E+02  0.63906E+02  0.12824E+03  0.26454E+03  0.53244E+03
  0.10728E+04  0.21627E+04  0.43607E+04  0.85976E+04  0.16958E+05  0.33457E+05
  0.66019E+05  0.13030E+06  0.25719E+06  0.50767E+06  0.10022E+07  0.19785E+07
  0.39062E+07  0.00000E+00  0.22352E-02  0.45200E-02  0.68725E-02  0.93215E-02
  0.11899E-01  0.14448E-01  0.17417E-01  0.20421E-01  0.24451E-01  0.28899E-01
  0.32413E-01  0.35848E-01  0.00000E+00  0.00000E+00  0.00000E+00  0.58491E-01
  0.63436E-01  0.52412E-01  0.15983E-01  0.23463E+00  0.85639E+00  0.23666E+01
  0.56746E+01  0.12675E+02  0.26171E+02  0.55929E+02  0.11231E+03  0.23288E+03
  0.46954E+03  0.94803E+03  0.19154E+04  0.38713E+04  0.76291E+04  0.15042E+05
  0.29672E+05  0.58541E+05  0.11552E+06  0.22801E+06  0.45005E+06  0.88841E+06
  0.17538E+07  0.34625E+07  0.00000E+00  0.55426E-02  0.11178E-01  0.16944E-01
  0.22885E-01  0.29073E-01  0.35206E-01  0.42136E-01  0.49152E-01  0.58086E-01
  0.66396E-01  0.73176E-01  0.81444E-01  0.89078E-01  0.97472E-01  0.00000E+00
  0.00000E+00  0.15005E+00  0.16479E+00  0.16852E+00  0.86839E-01  0.30742E+00
  0.13889E+01  0.38527E+01  0.91842E+01  0.19356E+02  0.42589E+02  0.86017E+02
  0.18106E+03  0.36724E+03  0.74601E+03  0.15165E+04  0.30834E+04  0.60729E+04
  0.11969E+05  0.23603E+05  0.46557E+05  0.91860E+05  0.18128E+06  0.35780E+06
  0.70627E+06  0.13942E+07  0.27524E+07  0.00000E+00  0.12721E-01  0.25602E-01
  0.38692E-01  0.52105E-01  0.65911E-01  0.79568E-01  0.94566E-01  0.10962E+00
  0.12796E+00  0.14155E+00  0.15222E+00  0.16502E+00  0.17757E+00  0.19535E+00
  0.22101E+00  0.24922E+00  0.00000E+00  0.32069E+00  0.36584E+00  0.44684E+00
  0.25494E+00  0.44923E+00  0.21722E+01  0.60414E+01  0.13291E+02  0.30818E+02
  0.62890E+02  0.13560E+03  0.27761E+03  0.56913E+03  0.11673E+04  0.23940E+04
  0.47112E+04  0.92799E+04  0.18292E+05  0.36070E+05  0.71155E+05  0.14040E+06
  0.27708E+06  0.54689E+06  0.10795E+07  0.21311E+07  0.00000E+00  0.27771E-01
  0.55832E-01  0.84219E-01  0.11311E+00  0.14266E+00  0.17183E+00  0.20320E+00
  0.23439E+00  0.27118E+00  0.29219E+00  0.30832E+00  0.32800E+00  0.34722E+00
  0.37459E+00  0.41520E+00  0.46069E+00  0.52573E+00  0.00000E+00  0.68796E+00
  0.98942E+00  0.10571E+01  0.82198E+00  0.00000E+00  0.21201E+01  0.59144E+01
  0.16766E+02  0.35634E+02  0.82521E+02  0.17360E+03  0.36481E+03  0.76524E+03
  0.16019E+04  0.31491E+04  0.61982E+04  0.12211E+05  0.24070E+05  0.47469E+05
  0.93646E+05  0.18478E+06  0.36468E+06  0.71979E+06  0.14209E+07  0.00000E+00
  0.57981E-01  0.11637E+00  0.17537E+00  0.23510E+00  0.29586E+00  0.35563E+00
  0.41901E+00  0.48152E+00  0.55306E+00  0.58574E+00  0.60885E+00  0.63715E+00
  0.66438E+00  0.70483E+00  0.76399E+00  0.83042E+00  0.92922E+00  0.10465E+01
  0.00000E+00  0.17579E+01  0.21231E+01  0.24007E+01  0.25434E+01  0.22639E+01
  0.20691E+01  0.19298E+01  0.73112E+01  0.28019E+02  0.67661E+02  0.15784E+03
  0.35955E+03  0.80484E+03  0.15800E+04  0.31068E+04  0.61162E+04  0.12050E+05
  0.23755E+05  0.46853E+05  0.92433E+05  0.18240E+06  0.35998E+06  0.71057E+06
  0.00000E+00  0.12097E+00  0.24268E+00  0.36513E+00  0.48892E+00  0.61414E+00
  0.73724E+00  0.86580E+00  0.99197E+00  0.11328E+01  0.11792E+01  0.12091E+01
  0.12470E+01  0.12826E+01  0.13399E+01  0.14217E+01  0.15178E+01  0.16602E+01
  0.18295E+01  0.20884E+01  0.29339E+01  0.36507E+01  0.45050E+01  0.57079E+01
  0.74086E+01  0.11037E+02  0.14167E+02  0.22707E+02  0.28731E+02  0.41338E+02
  0.53301E+02  0.51844E+02  0.00000E+00  0.00000E+00  0.00000E+00  0.00000E+00
  0.00000E+00  0.00000E+00  0.00000E+00  0.00000E+00  0.00000E+00  0.00000E+00
  0.00000E+00  0.00000E+00  0.26256E+00  0.52612E+00  0.79101E+00  0.10578E+01
  0.13273E+01  0.15913E+01  0.18643E+01  0.21306E+01  0.24222E+01  0.24524E+01
  0.24697E+01  0.25100E+01  0.25457E+01  0.26138E+01  0.27257E+01  0.28500E+01
  0.30467E+01  0.32812E+01  0.36329E+01  0.49357E+01  0.60248E+01  0.75532E+01
  0.99680E+01  0.13875E+02  0.21690E+02  0.32404E+02  0.55585E+02  0.89255E+02
  0.15545E+03  0.27140E+03  0.47273E+03  0.81783E+03  0.15982E+04  0.31322E+04
  0.61519E+04  0.12100E+05  0.23826E+05  0.46952E+05  0.92572E+05  0.18259E+06
  0.36025E+06  0.71096E+06  0.00000E+00  0.51694E+00  0.10353E+01  0.15556E+01
  0.20788E+01  0.26058E+01  0.31217E+01  0.36513E+01  0.41660E+01  0.47212E+01
  0.47609E+01  0.47740E+01  0.48218E+01  0.48555E+01  0.49366E+01  0.50816E+01
  0.52356E+01  0.54947E+01  0.58016E+01  0.62796E+01  0.81057E+01  0.96877E+01
  0.12026E+02  0.15870E+02  0.22313E+02  0.34834E+02  0.53809E+02  0.92666E+02
  0.15535E+03  0.27711E+03  0.49979E+03  0.90772E+03  0.16551E+04  0.32235E+04
  0.63024E+04  0.12357E+05  0.24275E+05  0.47756E+05  0.94050E+05  0.18535E+06
  0.36548E+06  0.72091E+06  0.14225E+07  0.00000E+00  0.10088E+01  0.20196E+01
  0.30331E+01  0.40505E+01  0.50736E+01  0.60741E+01  0.70949E+01  0.80833E+01
  0.91370E+01  0.91837E+01  0.91749E+01  0.92180E+01  0.92239E+01  0.92974E+01
  0.94614E+01  0.96161E+01  0.99179E+01  0.10264E+02  0.10847E+02  0.13212E+02
  0.15260E+02  0.18364E+02  0.23573E+02  0.32393E+02  0.49274E+02  0.75446E+02
  0.12772E+03  0.21422E+03  0.38072E+03  0.68765E+03  0.12563E+04  0.23132E+04
  0.44845E+04  0.87388E+04  0.17093E+05  0.33521E+05  0.65865E+05  0.12960E+06
  0.25525E+06  0.50309E+06  0.99202E+06  0.19570E+07  0.00000E+00  0.19547E+01
  0.39123E+01  0.58735E+01  0.78401E+01  0.98149E+01  0.11745E+02  0.13706E+02
  0.15600E+02  0.17600E+02  0.17647E+02  0.17584E+02  0.17599E+02  0.17529E+02
  0.17556E+02  0.17711E+02  0.17814E+02  0.18123E+02  0.18454E+02  0.19115E+02
  0.22109E+02  0.24687E+02  0.28708E+02  0.35604E+02  0.47350E+02  0.69543E+02
  0.10413E+03  0.17177E+03  0.28462E+03  0.49955E+03  0.89588E+03  0.16324E+04
  0.30087E+04  0.57974E+04  0.11247E+05  0.21930E+05  0.42908E+05  0.84172E+05
  0.16543E+06  0.32554E+06  0.64124E+06  0.12639E+07  0.24926E+07  0.00000E+00
  0.37271E+01  0.74582E+01  0.11194E+02  0.14937E+02  0.18692E+02  0.22362E+02
  0.26077E+02  0.29661E+02  0.33420E+02  0.33453E+02  0.33272E+02  0.33210E+02
  0.32973E+02  0.32872E+02  0.32954E+02  0.32891E+02  0.33119E+02  0.33307E+02
  0.33954E+02  0.37610E+02  0.40733E+02  0.45808E+02  0.54782E+02  0.70182E+02
  0.99000E+02  0.14369E+03  0.22941E+03  0.37217E+03  0.64077E+03  0.11338E+04
  0.20481E+04  0.37579E+04  0.71844E+04  0.13859E+05  0.26910E+05  0.52495E+05
  0.10276E+06  0.20164E+06  0.39638E+06  0.78017E+06  0.15369E+07  0.30297E+07
  0.00000E+00  0.74500E+01  0.14906E+02  0.22367E+02  0.29840E+02  0.37329E+02
  0.44654E+02  0.52050E+02  0.59190E+02  0.66626E+02  0.66612E+02  0.66185E+02
  0.65946E+02  0.65350E+02  0.64957E+02  0.64832E+02  0.64376E+02  0.64349E+02
  0.64151E+02  0.64629E+02  0.69138E+02  0.73001E+02  0.79701E+02  0.92058E+02
  0.11347E+03  0.15310E+03  0.21411E+03  0.32851E+03  0.51788E+03  0.86859E+03
  0.15071E+04  0.26857E+04  0.48848E+04  0.92390E+04  0.17682E+05  0.34136E+05
  0.66314E+05  0.12942E+06  0.25342E+06  0.49738E+06  0.97788E+06  0.19248E+07
  0.37924E+07  0.00000E+00  0.14281E+02  0.28569E+02  0.42864E+02  0.57174E+02
  0.71509E+02  0.85538E+02  0.99675E+02  0.11333E+03  0.12748E+03  0.12735E+03
  0.12645E+03  0.12584E+03  0.12454E+03  0.12353E+03  0.12291E+03  0.12160E+03
  0.12090E+03  0.11974E+03  0.11956E+03  0.12443E+03  0.12860E+03  0.13674E+03
  0.15287E+03  0.18137E+03  0.23408E+03  0.31404E+03  0.46127E+03  0.70167E+03
  0.11394E+04  0.19267E+04  0.33667E+04  0.60371E+04  0.11267E+05  0.21351E+05
  0.40921E+05  0.79077E+05  0.15374E+06  0.30021E+06  0.58805E+06  0.11545E+07
  0.22702E+07  0.44697E+07  0.00000E+00  0.28583E+02  0.57176E+02  0.85779E+02
  0.11440E+03  0.14306E+03  0.17114E+03  0.19939E+03  0.22672E+03  0.25492E+03
  0.25452E+03  0.25266E+03  0.25127E+03  0.24854E+03  0.24625E+03  0.24453E+03
  0.24140E+03  0.23918E+03  0.23591E+03  0.23410E+03  0.23864E+03  0.24258E+03
  0.25241E+03  0.27418E+03  0.31385E+03  0.38745E+03  0.49741E+03  0.69605E+03
  0.10149E+04  0.15839E+04  0.25910E+04  0.44097E+04  0.77508E+04  0.14209E+05
  0.26566E+05  0.50410E+05  0.96702E+05  0.18701E+06  0.36377E+06  0.71058E+06
  0.13923E+07  0.27339E+07  0.53772E+07  0.00000E+00  0.51147E+02  0.10231E+03
  0.15348E+03  0.20467E+03  0.25592E+03  0.30619E+03  0.35671E+03  0.40568E+03
  0.45603E+03  0.45520E+03  0.45190E+03  0.44932E+03  0.44444E+03  0.44017E+03
  0.43671E+03  0.43075E+03  0.42609E+03  0.41946E+03  0.41489E+03  0.41777E+03
  0.42042E+03  0.43141E+03  0.45948E+03  0.51246E+03  0.61149E+03  0.75763E+03
  0.10178E+04  0.14289E+04  0.21494E+04  0.34047E+04  0.56422E+04  0.97102E+04
  0.17477E+05  0.32220E+05  0.60496E+05  0.11515E+06  0.22141E+06  0.42890E+06
  0.83530E+06  0.16332E+07  0.32019E+07  0.62906E+07  0.00000E+00  0.91297E+02
  0.18261E+03  0.27393E+03  0.36528E+03  0.45671E+03  0.54649E+03  0.63664E+03
  0.72416E+03  0.81389E+03  0.81227E+03  0.80648E+03  0.80178E+03  0.79315E+03
  0.78537E+03  0.77871E+03  0.76768E+03  0.75847E+03  0.74564E+03  0.73573E+03
  0.73360E+03  0.73218E+03  0.74249E+03  0.77727E+03  0.84682E+03  0.97934E+03
  0.11723E+04  0.15124E+04  0.20402E+04  0.29485E+04  0.45032E+04  0.72311E+04
  0.12127E+05  0.21347E+05  0.38678E+05  0.71672E+05  0.13508E+06  0.25786E+06
  0.49688E+06  0.96399E+06  0.18795E+07  0.36776E+07  0.72149E+07  0.00000E+00
  0.16485E+03  0.32973E+03  0.49460E+03  0.65951E+03  0.82454E+03  0.98674E+03
  0.11495E+04  0.13077E+04  0.14696E+04  0.14665E+04  0.14562E+04  0.14477E+04
  0.14323E+04  0.14181E+04  0.14055E+04  0.13852E+04  0.13674E+04  0.13429E+04
  0.13226E+04  0.13084E+04  0.12969E+04  0.13020E+04  0.13426E+04  0.14324E+04
  0.16098E+04  0.18645E+04  0.23116E+04  0.29920E+04  0.41421E+04  0.60721E+04
  0.93972E+04  0.15269E+05  0.26159E+05  0.46383E+05  0.84521E+05  0.15729E+06
  0.29743E+06  0.56916E+06  0.10986E+07  0.21342E+07  0.41649E+07  0.81554E+07
  0.00000E+00  0.29213E+03  0.58429E+03  0.87642E+03  0.11686E+04  0.14609E+04
  0.17484E+04  0.20367E+04  0.23172E+04  0.26037E+04  0.25979E+04  0.25797E+04
  0.25641E+04  0.25367E+04  0.25109E+04  0.24873E+04  0.24499E+04  0.24159E+04
  0.23697E+04  0.23292E+04  0.22873E+04  0.22525E+04  0.22399E+04  0.22784E+04
  0.23854E+04  0.26134E+04  0.29357E+04  0.35062E+04  0.43559E+04  0.57708E+04
  0.80964E+04  0.12023E+05  0.18828E+05  0.31239E+05  0.53957E+05  0.96305E+05
  0.17638E+06  0.32954E+06  0.62498E+06  0.11985E+07  0.23171E+07  0.45062E+07
  0.88019E+07  0.00000E+00  0.53657E+03  0.10732E+04  0.16097E+04  0.21463E+04
  0.26831E+04  0.32115E+04  0.37413E+04  0.42574E+04  0.47836E+04  0.47729E+04
  0.47409E+04  0.47130E+04  0.46644E+04  0.46182E+04  0.45749E+04  0.45074E+04
  0.44448E+04  0.43601E+04  0.42835E+04  0.41908E+04  0.41133E+04  0.40678E+04
  0.40994E+04  0.42318E+04  0.45409E+04  0.49726E+04  0.57449E+04  0.68736E+04
  0.87263E+04  0.11710E+05  0.16643E+05  0.25024E+05  0.40010E+05  0.66980E+05
  0.11656E+06  0.20926E+06  0.38504E+06  0.72189E+06  0.13726E+07  0.26373E+07
  0.51057E+07  0.99403E+07  0.00000E+00  0.99554E+03  0.19911E+04  0.29865E+04
  0.39819E+04  0.49779E+04  0.59590E+04  0.69423E+04  0.79018E+04  0.88784E+04
  0.88588E+04  0.88020E+04  0.87519E+04  0.86656E+04  0.85825E+04  0.85038E+04
  0.83818E+04  0.82670E+04  0.81122E+04  0.79690E+04  0.77778E+04  0.76172E+04
  0.75029E+04  0.75069E+04  0.76621E+04  0.80813E+04  0.86600E+04  0.97169E+04
  0.11234E+05  0.13697E+05  0.17587E+05  0.23883E+05  0.34351E+05  0.52676E+05
  0.85017E+05  0.14348E+06  0.25132E+06  0.45360E+06  0.83801E+06  0.15759E+07
  0.30034E+07  0.57800E+07  0.11204E+08  0.00000E+00  0.18712E+04  0.37423E+04
  0.56132E+04  0.74840E+04  0.93558E+04  0.11201E+05  0.13050E+05  0.14857E+05
  0.16694E+05  0.16658E+05  0.16556E+05  0.16466E+05  0.16311E+05  0.16161E+05
  0.16017E+05  0.15796E+05  0.15585E+05  0.15301E+05  0.15034E+05  0.14653E+05
  0.14331E+05  0.14077E+05  0.14009E+05  0.14172E+05  0.14738E+05  0.15511E+05
  0.16974E+05  0.19037E+05  0.22364E+05  0.27525E+05  0.35706E+05  0.49012E+05
  0.71789E+05  0.11111E+06  0.18083E+06  0.30732E+06  0.54141E+06  0.98160E+06
  0.18197E+07  0.34312E+07  0.65515E+07  0.12627E+08  0.00000E+00  0.35795E+04
  0.71588E+04  0.10738E+05  0.14316E+05  0.17897E+05  0.21430E+05  0.24968E+05
  0.28432E+05  0.31947E+05  0.31881E+05  0.31697E+05  0.31531E+05  0.31250E+05
  0.30976E+05  0.30710E+05  0.30304E+05  0.29912E+05  0.29387E+05  0.28887E+05
  0.28136E+05  0.27501E+05  0.26965E+05  0.26727E+05  0.26851E+05  0.27611E+05
  0.28634E+05  0.30681E+05  0.33519E+05  0.38090E+05  0.45067E+05  0.55917E+05
  0.73183E+05  0.10207E+06  0.15077E+06  0.23520E+06  0.38540E+06  0.65881E+06
  0.11661E+07  0.21220E+07  0.39450E+07  0.74540E+07  0.14256E+08  0.00000E+00
  0.70217E+04  0.14043E+05  0.21063E+05  0.28083E+05  0.35106E+05  0.42042E+05
  0.48988E+05  0.55795E+05  0.62696E+05  0.62571E+05  0.62229E+05  0.61920E+05
  0.61398E+05  0.60885E+05  0.60385E+05  0.59624E+05  0.58885E+05  0.57895E+05
  0.56941E+05  0.55455E+05  0.54197E+05  0.53085E+05  0.52465E+05  0.52433E+05
  0.53435E+05  0.54760E+05  0.57661E+05  0.61609E+05  0.68008E+05  0.77647E+05
  0.92380E+05  0.11534E+06  0.15292E+06  0.21467E+06  0.31908E+06  0.50062E+06
  0.82451E+06  0.14155E+07  0.25140E+07  0.45870E+07  0.85451E+07  0.16172E+08
  0.00000E+00  0.14321E+05  0.28641E+05  0.42959E+05  0.57276E+05  0.71600E+05
  0.85756E+05  0.99930E+05  0.11384E+06  0.12792E+06  0.12768E+06  0.12702E+06
  0.12643E+06  0.12542E+06  0.12443E+06  0.12345E+06  0.12198E+06  0.12053E+06
  0.11860E+06  0.11672E+06  0.11371E+06  0.11116E+06  0.10882E+06  0.10734E+06
  0.10685E+06  0.10812E+06  0.10975E+06  0.11393E+06  0.11949E+06  0.12865E+06
  0.14232E+06  0.16291E+06  0.19439E+06  0.24488E+06  0.32566E+06  0.45858E+06
  0.68368E+06  0.10757E+07  0.17759E+07  0.30550E+07  0.54348E+07  0.99289E+07
  0.18516E+08  0.00000E+00  0.24365E+05  0.48729E+05  0.73090E+05  0.97448E+05
  0.12182E+06  0.14592E+06  0.17005E+06  0.19376E+06  0.21775E+06  0.21736E+06
  0.21630E+06  0.21535E+06  0.21374E+06  0.21215E+06  0.21058E+06  0.20822E+06
  0.20589E+06  0.20279E+06  0.19976E+06  0.19483E+06  0.19064E+06  0.18676E+06
  0.18416E+06  0.18304E+06  0.18455E+06  0.18645E+06  0.19202E+06  0.19933E+06
  0.21156E+06  0.22972E+06  0.25684E+06  0.29784E+06  0.36273E+06  0.46471E+06
  0.62933E+06  0.90270E+06  0.13699E+07  0.21905E+07  0.36674E+07  0.63822E+07
  0.11459E+08  0.21087E+08  0.00000E+00  0.41454E+05  0.82907E+05  0.12435E+06
  0.16579E+06  0.20726E+06  0.24829E+06  0.28937E+06  0.32978E+06  0.37063E+06
  0.37000E+06  0.36832E+06  0.36680E+06  0.36423E+06  0.36168E+06  0.35917E+06
  0.35538E+06  0.35165E+06  0.34667E+06  0.34179E+06  0.33376E+06  0.32694E+06
  0.32054E+06  0.31607E+06  0.31381E+06  0.31552E+06  0.31757E+06  0.32497E+06
  0.33454E+06  0.35089E+06  0.37507E+06  0.41096E+06  0.46470E+06  0.54886E+06
  0.67894E+06  0.88508E+06  0.12208E+07  0.17836E+07  0.27540E+07  0.44725E+07
  0.75877E+07  0.13348E+08  0.24173E+08
