  0.00000E+00  0.00000E+00  0.00000E+00  0.00000E+00  0.00000E+00  0.00000E+00
  0.00000E+00  0.00000E+00  0.00000E+00  0.00000E+00  0.00000E+00  0.00000E+00
  0.00000E+00  0.00000E+00  0.00000E+00  0.00000E+00  0.00000E+00  0.00000E+00
  0.00000E+00  0.00000E+00  0.00000E+00  0.00000E+00  0.00000E+00  0.00000E+00
  0.00000E+00  0.00000E+00  0.00000E+00  0.00000E+00  0.00000E+00  0.00000E+00
  0.00000E+00  0.00000E+00  0.00000E+00  0.00000E+00  0.00000E+00  0.00000E+00
  0.00000E+00  0.00000E+00  0.00000E+00  0.00000E+00  0.00000E+00  0.00000E+00
  0.00000E+00  0.00000E+00  0.00000E+00  0.00000E+00  0.00000E+00  0.00000E+00
  0.00000E+00  0.00000E+00  0.19267E-07  0.10998E-06  0.00000E+00  0.00000E+00
  0.00000E+00  0.00000E+00  0.95035E-04  0.23991E-03  0.54678E-03  0.12118E-02
  0.25984E-02  0.54108E-02  0.10870E-01  0.22902E-01  0.47582E-01  0.94387E-01
  0.18935E+00  0.37218E+00  0.68978E+00  0.12975E+01  0.23807E+01  0.42889E+01
  0.74351E+01  0.12655E+02  0.20531E+02  0.32574E+02  0.55869E+02  0.88654E+02
  0.14069E+03  0.22329E+03  0.35437E+03  0.56248E+03  0.89278E+03  0.14171E+04
  0.22493E+04  0.35704E+04  0.00000E+00  0.00000E+00  0.00000E+00  0.00000E+00
  0.00000E+00  0.00000E+00  0.00000E+00  0.42591E-07  0.24074E-06  0.00000E+00
  0.00000E+00  0.00000E+00  0.00000E+00  0.19751E-03  0.49501E-03  0.11218E-02
  0.24729E-02  0.52821E-02  0.10963E-01  0.21968E-01  0.46191E-01  0.95803E-01
  0.18973E+00  0.38021E+00  0.74667E+00  0.13829E+01  0.25998E+01  0.47682E+01
  0.85870E+01  0.14882E+02  0.25325E+02  0.41078E+02  0.65164E+02  0.11175E+03
  0.17732E+03  0.28138E+03  0.44654E+03  0.70865E+03  0.11248E+04  0.17852E+04
  0.28337E+04  0.44976E+04  0.71391E+04  0.00000E+00  0.00000E+00  0.00000E+00
  0.00000E+00  0.00000E+00  0.00000E+00  0.00000E+00  0.70776E-07  0.39855E-06
  0.00000E+00  0.00000E+00  0.00000E+00  0.00000E+00  0.31038E-03  0.77147E-03
  0.17359E-02  0.38041E-02  0.80875E-02  0.16719E-01  0.33384E-01  0.70013E-01
  0.14491E+00  0.28662E+00  0.57359E+00  0.11252E+01  0.20822E+01  0.39117E+01
  0.71704E+01  0.12908E+02  0.22362E+02  0.38043E+02  0.61694E+02  0.97850E+02
  0.16779E+03  0.26619E+03  0.42238E+03  0.67025E+03  0.10636E+04  0.16881E+04
  0.26792E+04  0.42526E+04  0.67496E+04  0.10713E+05  0.00000E+00  0.00000E+00
  0.00000E+00  0.00000E+00  0.00000E+00  0.00000E+00  0.00000E+00  0.10294E-06
  0.58633E-06  0.00000E+00  0.00000E+00  0.00000E+00  0.00000E+00  0.43746E-03
  0.10776E-02  0.24030E-02  0.52326E-02  0.11053E-01  0.22740E-01  0.45236E-01
  0.94566E-01  0.19522E+00  0.38528E+00  0.76975E+00  0.15080E+01  0.27875E+01
  0.52322E+01  0.95845E+01  0.17244E+02  0.29861E+02  0.50783E+02  0.82331E+02
  0.13055E+03  0.22382E+03  0.35505E+03  0.56330E+03  0.89380E+03  0.14183E+04
  0.22509E+04  0.35722E+04  0.56698E+04  0.89987E+04  0.14283E+05  0.00000E+00
  0.00000E+00  0.00000E+00  0.00000E+00  0.00000E+00  0.00000E+00  0.00000E+00
  0.13564E-06  0.80345E-06  0.00000E+00  0.00000E+00  0.00000E+00  0.00000E+00
  0.58417E-03  0.14239E-02  0.31452E-02  0.67914E-02  0.14249E-01  0.29142E-01
  0.57683E-01  0.12012E+00  0.24718E+00  0.48653E+00  0.97003E+00  0.18972E+01
  0.35022E+01  0.65667E+01  0.12019E+02  0.21608E+02  0.37399E+02  0.63575E+02
  0.10303E+03  0.16333E+03  0.27997E+03  0.44403E+03  0.70437E+03  0.11175E+04
  0.17731E+04  0.28138E+04  0.44654E+04  0.70871E+04  0.11248E+05  0.17852E+05
  0.00000E+00  0.00000E+00  0.00000E+00  0.00000E+00  0.00000E+00  0.00000E+00
  0.00000E+00  0.15402E-06  0.10195E-05  0.00000E+00  0.00000E+00  0.00000E+00
  0.00000E+00  0.75715E-03  0.18251E-02  0.39883E-02  0.85294E-02  0.17750E-01
  0.36042E-01  0.70935E-01  0.14702E+00  0.30136E+00  0.59127E+00  0.11758E+01
  0.22950E+01  0.42295E+01  0.79199E+01  0.14480E+02  0.26011E+02  0.44989E+02
  0.76435E+02  0.12382E+03  0.19622E+03  0.33624E+03  0.53316E+03  0.84561E+03
  0.13414E+04  0.21281E+04  0.33768E+04  0.53585E+04  0.85042E+04  0.13496E+05
  0.21420E+05  0.00000E+00  0.00000E+00  0.00000E+00  0.00000E+00  0.00000E+00
  0.00000E+00  0.00000E+00  0.11549E-06  0.11369E-05  0.00000E+00  0.00000E+00
  0.00000E+00  0.00000E+00  0.96449E-03  0.22995E-02  0.49670E-02  0.10509E-01
  0.21660E-01  0.43631E-01  0.85266E-01  0.17572E+00  0.35852E+00  0.70080E+00
  0.13893E+01  0.27048E+01  0.49745E+01  0.92996E+01  0.16980E+02  0.30470E+02
  0.52656E+02  0.89400E+02  0.14474E+03  0.22927E+03  0.39275E+03  0.62259E+03
  0.98724E+03  0.15658E+04  0.24837E+04  0.39407E+04  0.62527E+04  0.99225E+04
  0.15746E+05  0.24990E+05  0.00000E+00  0.00000E+00  0.00000E+00  0.00000E+00
  0.00000E+00  0.00000E+00  0.00000E+00  0.11039E-06  0.82364E-06  0.00000E+00
  0.00000E+00  0.00000E+00  0.00000E+00  0.12121E-02  0.28657E-02  0.61196E-02
  0.12802E-01  0.26113E-01  0.52111E-01  0.10101E+00  0.20679E+00  0.41958E+00
  0.81627E+00  0.16122E+01  0.31291E+01  0.57402E+01  0.10710E+02  0.19523E+02
  0.34987E+02  0.60399E+02  0.10246E+03  0.16577E+03  0.26243E+03  0.44938E+03
  0.71210E+03  0.11288E+04  0.17900E+04  0.28388E+04  0.45035E+04  0.71449E+04
  0.11337E+05  0.17990E+05  0.28550E+05  0.00000E+00  0.00000E+00  0.00000E+00
  0.00000E+00  0.00000E+00  0.00000E+00  0.00000E+00  0.85084E-06  0.76012E-06
  0.00000E+00  0.00000E+00  0.00000E+00  0.00000E+00  0.15019E-02  0.35417E-02
  0.74905E-02  0.15498E-01  0.31263E-01  0.61747E-01  0.11859E+00  0.24095E+00
  0.48573E+00  0.93969E+00  0.18476E+01  0.35728E+01  0.65340E+01  0.12161E+02
  0.22124E+02  0.39587E+02  0.68250E+02  0.11566E+03  0.18696E+03  0.29577E+03
  0.50621E+03  0.80180E+03  0.12706E+04  0.20142E+04  0.31936E+04  0.50655E+04
  0.80354E+04  0.12749E+05  0.20228E+05  0.32099E+05  0.00000E+00  0.00000E+00
  0.00000E+00  0.00000E+00  0.00000E+00  0.00000E+00  0.00000E+00  0.30311E-05
  0.60340E-05  0.00000E+00  0.00000E+00  0.00000E+00  0.00000E+00  0.18082E-02
  0.43169E-02  0.90947E-02  0.18663E-01  0.37260E-01  0.72816E-01  0.13847E+00
  0.27897E+00  0.55828E+00  0.10730E+01  0.20988E+01  0.40409E+01  0.73628E+01
  0.13663E+02  0.24798E+02  0.44285E+02  0.76228E+02  0.12901E+03  0.20832E+03
  0.32927E+03  0.56321E+03  0.89158E+03  0.14122E+04  0.22379E+04  0.35474E+04
  0.56253E+04  0.89219E+04  0.14154E+05  0.22454E+05  0.35628E+05  0.00000E+00
  0.00000E+00  0.00000E+00  0.00000E+00  0.00000E+00  0.00000E+00  0.00000E+00
  0.85905E-05  0.19975E-04  0.00000E+00  0.00000E+00  0.00000E+00  0.00000E+00
  0.20833E-02  0.51705E-02  0.10956E-01  0.22400E-01  0.44338E-01  0.85736E-01
  0.16132E+00  0.32209E+00  0.63933E+00  0.12197E+01  0.23713E+01  0.45419E+01
  0.82388E+01  0.15235E+02  0.27570E+02  0.49119E+02  0.84383E+02  0.14259E+03
  0.22994E+03  0.36303E+03  0.62050E+03  0.98158E+03  0.15539E+04  0.24613E+04
  0.39002E+04  0.61830E+04  0.98041E+04  0.15550E+05  0.24666E+05  0.39134E+05
  0.00000E+00  0.00000E+00  0.00000E+00  0.00000E+00  0.00000E+00  0.00000E+00
  0.00000E+00  0.21951E-04  0.53893E-04  0.00000E+00  0.00000E+00  0.00000E+00
  0.00000E+00  0.21953E-02  0.59990E-02  0.13030E-01  0.26770E-01  0.52721E-01
  0.10102E+00  0.18800E+00  0.37187E+00  0.73153E+00  0.13837E+01  0.26710E+01
  0.50849E+01  0.91745E+01  0.16893E+02  0.30463E+02  0.54116E+02  0.92745E+02
  0.15641E+03  0.25181E+03  0.39700E+03  0.67797E+03  0.10715E+04  0.16951E+04
  0.26835E+04  0.42503E+04  0.67356E+04  0.10677E+05  0.16932E+05  0.26853E+05
  0.42597E+05  0.00000E+00  0.00000E+00  0.00000E+00  0.00000E+00  0.00000E+00
  0.00000E+00  0.00000E+00  0.57215E-04  0.14424E-03  0.00000E+00  0.00000E+00
  0.00000E+00  0.00000E+00  0.15404E-02  0.61358E-02  0.14600E-01  0.31041E-01
  0.61690E-01  0.11791E+00  0.21779E+00  0.42776E+00  0.83469E+00  0.15649E+01
  0.29988E+01  0.56716E+01  0.10171E+02  0.18638E+02  0.33474E+02  0.59266E+02
  0.10128E+03  0.17041E+03  0.27377E+03  0.43088E+03  0.73507E+03  0.11605E+04
  0.18342E+04  0.29016E+04  0.45932E+04  0.72759E+04  0.11530E+05  0.18278E+05
  0.28982E+05  0.45965E+05  0.00000E+00  0.00000E+00  0.00000E+00  0.00000E+00
  0.00000E+00  0.56653E-03  0.13125E-02  0.20540E-02  0.26942E-02  0.31412E-02
  0.32040E-02  0.22696E-02  0.00000E+00  0.00000E+00  0.40865E-02  0.13509E-01
  0.31853E-01  0.65617E-01  0.12684E+00  0.23398E+00  0.45752E+00  0.88739E+00
  0.16399E+01  0.31201E+01  0.58605E+01  0.10439E+02  0.19025E+02  0.34010E+02
  0.59982E+02  0.10216E+03  0.17140E+03  0.27467E+03  0.43134E+03  0.73501E+03
  0.11588E+04  0.18295E+04  0.28916E+04  0.45740E+04  0.72414E+04  0.11470E+05
  0.18177E+05  0.28813E+05  0.45688E+05  0.00000E+00  0.00000E+00  0.00000E+00
  0.00000E+00  0.94792E-03  0.25887E-02  0.43001E-02  0.59227E-02  0.73113E-02
  0.84134E-02  0.90365E-02  0.90444E-02  0.78761E-02  0.00000E+00  0.10891E-02
  0.96458E-02  0.30326E-01  0.68135E-01  0.13542E+00  0.25145E+00  0.49277E+00
  0.94972E+00  0.17331E+01  0.32721E+01  0.60984E+01  0.10776E+02  0.19515E+02
  0.34690E+02  0.60891E+02  0.10327E+03  0.17267E+03  0.27583E+03  0.43200E+03
  0.73504E+03  0.11568E+04  0.18238E+04  0.28794E+04  0.45508E+04  0.71995E+04
  0.11397E+05  0.18053E+05  0.28607E+05  0.45349E+05  0.00000E+00  0.11733E-03
  0.23720E-03  0.36011E-03  0.33849E-02  0.67612E-02  0.10101E-01  0.13128E-01
  0.15676E-01  0.17635E-01  0.18937E-01  0.19391E-01  0.18784E-01  0.15293E-01
  0.00000E+00  0.33237E-02  0.27641E-01  0.71334E-01  0.14771E+00  0.27608E+00
  0.54175E+00  0.10375E+01  0.18685E+01  0.34915E+01  0.64406E+01  0.11265E+02
  0.20228E+02  0.35694E+02  0.62263E+02  0.10503E+03  0.17482E+03  0.27816E+03
  0.43417E+03  0.73721E+03  0.11577E+04  0.18221E+04  0.28726E+04  0.45350E+04
  0.71681E+04  0.11339E+05  0.17952E+05  0.28434E+05  0.45057E+05  0.00000E+00
  0.10726E-02  0.21625E-02  0.32763E-02  0.90757E-02  0.15152E-01  0.20826E-01
  0.25701E-01  0.29704E-01  0.32708E-01  0.34574E-01  0.35303E-01  0.34590E-01
  0.30307E-01  0.20263E-01  0.34352E-02  0.27877E-01  0.79322E-01  0.16947E+00
  0.31741E+00  0.61956E+00  0.11699E+01  0.20741E+01  0.38194E+01  0.69470E+01
  0.11990E+02  0.21289E+02  0.37199E+02  0.64352E+02  0.10779E+03  0.17837E+03
  0.28238E+03  0.43892E+03  0.74312E+03  0.11638E+04  0.18277E+04  0.28765E+04
  0.45347E+04  0.71597E+04  0.11316E+05  0.17902E+05  0.28339E+05  0.44888E+05
  0.00000E+00  0.38125E-02  0.76722E-02  0.11601E-01  0.22227E-01  0.32688E-01
  0.42000E-01  0.49707E-01  0.55705E-01  0.60062E-01  0.62736E-01  0.63617E-01
  0.62513E-01  0.56526E-01  0.42858E-01  0.21078E-01  0.16561E-01  0.11097E+00
  0.19559E+00  0.36942E+00  0.71939E+00  0.13467E+01  0.23449E+01  0.42506E+01
  0.76108E+01  0.12937E+02  0.22668E+02  0.39153E+02  0.67060E+02  0.11136E+03
  0.18297E+03  0.28788E+03  0.44517E+03  0.75096E+03  0.11721E+04  0.18358E+04
  0.28829E+04  0.45369E+04  0.71532E+04  0.11293E+05  0.17850E+05  0.28237E+05
  0.44700E+05  0.00000E+00  0.10327E-01  0.20764E-01  0.31324E-01  0.50280E-01
  0.67910E-01  0.82742E-01  0.94637E-01  0.10363E+00  0.10985E+00  0.11349E+00
  0.11455E+00  0.11253E+00  0.10376E+00  0.84164E-01  0.54249E-01  0.19012E-02
  0.81778E-01  0.00000E+00  0.43652E+00  0.85010E+00  0.15766E+01  0.27026E+01
  0.48201E+01  0.84850E+01  0.14178E+02  0.24470E+02  0.41695E+02  0.70574E+02
  0.11600E+03  0.18893E+03  0.29504E+03  0.45336E+03  0.76131E+03  0.11833E+04
  0.18470E+04  0.28927E+04  0.45425E+04  0.71495E+04  0.11272E+05  0.17796E+05
  0.28127E+05  0.44495E+05  0.00000E+00  0.24550E-01  0.49297E-01  0.74277E-01
  0.10723E+00  0.13609E+00  0.15960E+00  0.17789E+00  0.19111E+00  0.20028E+00
  0.20527E+00  0.20591E+00  0.20280E+00  0.18935E+00  0.16073E+00  0.11840E+00
  0.46368E-01  0.67169E-01  0.24061E+00  0.44211E+00  0.10295E+01  0.18790E+01
  0.31763E+01  0.55758E+01  0.96421E+01  0.15812E+02  0.26833E+02  0.45013E+02
  0.75145E+02  0.12201E+03  0.19666E+03  0.30432E+03  0.46403E+03  0.77489E+03
  0.11982E+04  0.18625E+04  0.29071E+04  0.45528E+04  0.71500E+04  0.11253E+05
  0.17742E+05  0.28009E+05  0.44270E+05  0.00000E+00  0.55260E-01  0.11087E+00
  0.16688E+00  0.22280E+00  0.27007E+00  0.30662E+00  0.33439E+00  0.35368E+00
  0.36601E+00  0.37239E+00  0.37202E+00  0.36650E+00  0.34535E+00  0.30210E+00
  0.24095E+00  0.13979E+00  0.15565E-01  0.24731E+00  0.57834E+00  0.11623E+01
  0.23158E+01  0.38041E+01  0.65829E+01  0.11182E+02  0.17977E+02  0.29947E+02
  0.49366E+02  0.81113E+02  0.12983E+03  0.20669E+03  0.31637E+03  0.47793E+03
  0.79265E+03  0.12180E+04  0.18834E+04  0.29275E+04  0.45692E+04  0.71564E+04
  0.11238E+05  0.17688E+05  0.27886E+05  0.44025E+05  0.00000E+00  0.15412E+00
  0.30894E+00  0.46487E+00  0.58503E+00  0.68030E+00  0.75001E+00  0.79890E+00
  0.83076E+00  0.85216E+00  0.86532E+00  0.86794E+00  0.86321E+00  0.83706E+00
  0.78087E+00  0.70262E+00  0.57141E+00  0.37370E+00  0.85075E-01  0.31792E+00
  0.10919E+01  0.51582E+01  0.41091E+01  0.72812E+01  0.12424E+02  0.19796E+02
  0.32654E+02  0.53162E+02  0.86226E+02  0.13618E+03  0.21413E+03  0.32375E+03
  0.48363E+03  0.79711E+03  0.12154E+04  0.18676E+04  0.28880E+04  0.44888E+04
  0.70067E+04  0.10974E+05  0.17234E+05  0.27122E+05  0.42759E+05  0.00000E+00
  0.70102E+00  0.14052E+01  0.21130E+01  0.21193E+01  0.21268E+01  0.21355E+01
  0.21453E+01  0.21555E+01  0.21651E+01  0.21708E+01  0.21723E+01  0.21678E+01
  0.21367E+01  0.20679E+01  0.19744E+01  0.18162E+01  0.15785E+01  0.12369E+01
  0.77407E+00  0.14451E+00  0.16141E+01  0.35883E+01  0.71633E+01  0.12851E+02
  0.20721E+02  0.34377E+02  0.55773E+02  0.89775E+02  0.14018E+03  0.21788E+03
  0.32496E+03  0.47905E+03  0.78553E+03  0.11866E+04  0.18094E+04  0.27803E+04
  0.42991E+04  0.66827E+04  0.10431E+05  0.16337E+05  0.25654E+05  0.40375E+05
  0.00000E+00  0.13363E+01  0.26774E+01  0.40238E+01  0.40332E+01  0.40444E+01
  0.40573E+01  0.40718E+01  0.40866E+01  0.41001E+01  0.41073E+01  0.41078E+01
  0.40989E+01  0.40492E+01  0.39431E+01  0.38025E+01  0.35702E+01  0.32303E+01
  0.27561E+01  0.21367E+01  0.91771E+00  0.97980E+00  0.34213E+01  0.77800E+01
  0.14521E+02  0.23484E+02  0.38818E+02  0.62273E+02  0.98811E+02  0.15176E+03
  0.23211E+03  0.34047E+03  0.49419E+03  0.80279E+03  0.11992E+04  0.18116E+04
  0.27623E+04  0.42444E+04  0.65636E+04  0.10202E+05  0.15925E+05  0.24940E+05
  0.39165E+05  0.00000E+00  0.25482E+01  0.51038E+01  0.76674E+01  0.76814E+01
  0.76980E+01  0.77171E+01  0.77385E+01  0.77598E+01  0.77788E+01  0.77874E+01
  0.77850E+01  0.77678E+01  0.76872E+01  0.75211E+01  0.73056E+01  0.69574E+01
  0.64597E+01  0.57846E+01  0.49328E+01  0.32719E+01  0.75597E+00  0.23410E+01
  0.77905E+01  0.15970E+02  0.26371E+02  0.43905E+02  0.70007E+02  0.10976E+03
  0.16583E+03  0.24937E+03  0.35906E+03  0.51196E+03  0.82309E+03  0.12133E+04
  0.18126E+04  0.27381E+04  0.41748E+04  0.64153E+04  0.99204E+04  0.15420E+05
  0.24068E+05  0.37694E+05  0.00000E+00  0.48612E+01  0.97338E+01  0.14618E+02
  0.14639E+02  0.14664E+02  0.14692E+02  0.14723E+02  0.14754E+02  0.14780E+02
  0.14789E+02  0.14781E+02  0.14748E+02  0.14616E+02  0.14353E+02  0.14018E+02
  0.13486E+02  0.12743E+02  0.11759E+02  0.10556E+02  0.82356E+01  0.48116E+01
  0.77928E+00  0.62126E+01  0.16384E+02  0.28700E+02  0.49146E+02  0.78673E+02
  0.12250E+03  0.18238E+03  0.26971E+03  0.38058E+03  0.53180E+03  0.84573E+03
  0.12275E+04  0.18096E+04  0.27032E+04  0.40834E+04  0.62266E+04  0.95677E+04
  0.14796E+05  0.22997E+05  0.35895E+05  0.00000E+00  0.92745E+01  0.18567E+02
  0.27876E+02  0.27907E+02  0.27944E+02  0.27986E+02  0.28032E+02  0.28075E+02
  0.28111E+02  0.28119E+02  0.28097E+02  0.28036E+02  0.27820E+02  0.27399E+02
  0.26871E+02  0.26048E+02  0.24919E+02  0.23455E+02  0.21715E+02  0.18395E+02
  0.13618E+02  0.82279E+01  0.98043E+00  0.13955E+02  0.28854E+02  0.53202E+02
  0.87195E+02  0.13621E+03  0.20070E+03  0.29239E+03  0.40395E+03  0.55196E+03
  0.86866E+03  0.12385E+04  0.17977E+04  0.26501E+04  0.39586E+04  0.59803E+04
  0.91187E+04  0.14012E+05  0.21667E+05  0.33678E+05  0.00000E+00  0.17698E+02
  0.35424E+02  0.53174E+02  0.53221E+02  0.53275E+02  0.53337E+02  0.53404E+02
  0.53466E+02  0.53514E+02  0.53515E+02  0.53468E+02  0.53357E+02  0.53001E+02
  0.52325E+02  0.51485E+02  0.50197E+02  0.48455E+02  0.46238E+02  0.43666E+02
  0.38815E+02  0.31993E+02  0.24598E+02  0.12153E+02  0.48304E+01  0.23270E+02
  0.52923E+02  0.92796E+02  0.14844E+03  0.21843E+03  0.31498E+03  0.42611E+03
  0.56829E+03  0.88716E+03  0.12396E+04  0.17675E+04  0.25655E+04  0.37818E+04
  0.56496E+04  0.85344E+04  0.13014E+05  0.19996E+05  0.30921E+05  0.00000E+00
  0.33778E+02  0.67601E+02  0.10146E+03  0.10153E+03  0.10161E+03  0.10170E+03
  0.10179E+03  0.10188E+03  0.10194E+03  0.10193E+03  0.10184E+03  0.10164E+03
  0.10105E+03  0.99958E+02  0.98612E+02  0.96578E+02  0.93860E+02  0.90454E+02
  0.86577E+02  0.79354E+02  0.69405E+02  0.59003E+02  0.41754E+02  0.18940E+02
  0.44424E+01  0.41421E+02  0.89141E+02  0.15332E+03  0.22979E+03  0.33151E+03
  0.44002E+03  0.57197E+03  0.89137E+03  0.12180E+04  0.17019E+04  0.24266E+04
  0.35220E+04  0.51922E+04  0.77562E+04  0.11717E+05  0.17866E+05  0.27452E+05
  0.00000E+00  0.64482E+02  0.12903E+03  0.19363E+03  0.19374E+03  0.19386E+03
  0.19399E+03  0.19413E+03  0.19425E+03  0.19433E+03  0.19428E+03  0.19410E+03
  0.19375E+03  0.19278E+03  0.19101E+03  0.18885E+03  0.18561E+03  0.18133E+03
  0.17603E+03  0.17009E+03  0.15917E+03  0.14438E+03  0.12940E+03  0.10492E+03
  0.73486E+02  0.43073E+02  0.42084E+01  0.62567E+02  0.13786E+03  0.22186E+03
  0.32859E+03  0.43057E+03  0.54507E+03  0.86153E+03  0.11490E+04  0.15700E+04
  0.21938E+04  0.31278E+04  0.45401E+04  0.66927E+04  0.99982E+04  0.15103E+05
  0.23029E+05  0.00000E+00  0.12309E+03  0.24630E+03  0.36957E+03  0.36972E+03
  0.36990E+03  0.37009E+03  0.37029E+03  0.37046E+03  0.37055E+03  0.37044E+03
  0.37010E+03  0.36949E+03  0.36789E+03  0.36502E+03  0.36153E+03  0.35635E+03
  0.34957E+03  0.34125E+03  0.33203E+03  0.31528E+03  0.29296E+03  0.27093E+03
  0.23543E+03  0.19106E+03  0.15045E+03  0.88421E+02  0.15381E+02  0.74585E+02
  0.16715E+03  0.27795E+03  0.36669E+03  0.45202E+03  0.75907E+03  0.98669E+03
  0.13159E+04  0.17981E+04  0.25124E+04  0.35823E+04  0.51997E+04  0.76654E+04
  0.11450E+05  0.17297E+05  0.00000E+00  0.23501E+03  0.47020E+03  0.70547E+03
  0.70569E+03  0.70596E+03  0.70624E+03  0.70653E+03  0.70676E+03  0.70686E+03
  0.70661E+03  0.70601E+03  0.70495E+03  0.70231E+03  0.69765E+03  0.69200E+03
  0.68370E+03  0.67289E+03  0.65972E+03  0.64526E+03  0.61929E+03  0.58513E+03
  0.55212E+03  0.49963E+03  0.43559E+03  0.37991E+03  0.29635E+03  0.20263E+03
  0.92927E+02  0.91996E+01  0.12179E+03  0.18613E+03  0.22355E+03  0.50987E+03
  0.64545E+03  0.83901E+03  0.11190E+04  0.15289E+04  0.21364E+04  0.30461E+04
  0.44216E+04  0.65178E+04  0.97365E+04  0.00000E+00  0.44868E+03  0.89767E+03
  0.13467E+04  0.13471E+04  0.13475E+04  0.13479E+04  0.13483E+04  0.13486E+04
  0.13487E+04  0.13482E+04  0.13471E+04  0.13453E+04  0.13410E+04  0.13334E+04
  0.13242E+04  0.13109E+04  0.12936E+04  0.12726E+04  0.12498E+04  0.12092E+04
  0.11563E+04  0.11061E+04  0.10271E+04  0.93284E+03  0.85448E+03  0.73894E+03
  0.61546E+03  0.47866E+03  0.36613E+03  0.25620E+03  0.23444E+03  0.27467E+03
  0.28164E+02  0.34717E+02  0.43949E+02  0.57128E+02  0.76187E+02  0.10411E+03
  0.14547E+03  0.20742E+03  0.30105E+03  0.44380E+03  0.00000E+00  0.85668E+03
  0.17139E+04  0.25711E+04  0.25716E+04  0.25722E+04  0.25728E+04  0.25734E+04
  0.25738E+04  0.25738E+04  0.25729E+04  0.25710E+04  0.25679E+04  0.25608E+04
  0.25485E+04  0.25336E+04  0.25121E+04  0.24844E+04  0.24509E+04  0.24145E+04
  0.23506E+04  0.22680E+04  0.21906E+04  0.20702E+04  0.19288E+04  0.18158E+04
  0.16519E+04  0.14847E+04  0.13097E+04  0.11861E+04  0.10867E+04  0.11366E+04
  0.13013E+04  0.11258E+04  0.13521E+04  0.16667E+04  0.21099E+04  0.27425E+04
  0.36577E+04  0.49979E+04  0.69838E+04  0.99573E+04  0.14453E+05  0.00000E+00
  0.16358E+04  0.32725E+04  0.49091E+04  0.49099E+04  0.49107E+04  0.49116E+04
  0.49124E+04  0.49129E+04  0.49127E+04  0.49111E+04  0.49079E+04  0.49027E+04
  0.48909E+04  0.48710E+04  0.48469E+04  0.48122E+04  0.47676E+04  0.47140E+04
  0.46558E+04  0.45545E+04  0.44248E+04  0.43040E+04  0.41182E+04  0.39032E+04
  0.37363E+04  0.34984E+04  0.32656E+04  0.30355E+04  0.29004E+04  0.28246E+04
  0.29923E+04  0.33546E+04  0.33002E+04  0.38665E+04  0.46437E+04  0.57243E+04
  0.72463E+04  0.94195E+04  0.12562E+05  0.17166E+05  0.23985E+05  0.34199E+05
  0.00000E+00  0.31234E+04  0.62484E+04  0.93731E+04  0.93742E+04  0.93754E+04
  0.93767E+04  0.93778E+04  0.93784E+04  0.93779E+04  0.93750E+04  0.93695E+04
  0.93607E+04  0.93415E+04  0.93091E+04  0.92700E+04  0.92141E+04  0.91423E+04
  0.90562E+04  0.89629E+04  0.88019E+04  0.85968E+04  0.84069E+04  0.81175E+04
  0.77863E+04  0.75351E+04  0.71823E+04  0.68494E+04  0.65374E+04  0.63904E+04
  0.63591E+04  0.67169E+04  0.73908E+04  0.75364E+04  0.86281E+04  0.10109E+05
  0.12141E+05  0.14965E+05  0.18946E+05  0.24627E+05  0.32845E+05  0.44878E+05
  0.62709E+05  0.00000E+00  0.59644E+04  0.11932E+05  0.17898E+05  0.17900E+05
  0.17901E+05  0.17903E+05  0.17905E+05  0.17905E+05  0.17904E+05  0.17899E+05
  0.17890E+05  0.17875E+05  0.17843E+05  0.17791E+05  0.17728E+05  0.17637E+05
  0.17522E+05  0.17383E+05  0.17233E+05  0.16976E+05  0.16651E+05  0.16350E+05
  0.15896E+05  0.15381E+05  0.14996E+05  0.14463E+05  0.13975E+05  0.13538E+05
  0.13378E+05  0.13424E+05  0.14084E+05  0.15246E+05  0.15714E+05  0.17617E+05
  0.20169E+05  0.23629E+05  0.28379E+05  0.34983E+05  0.44286E+05  0.57568E+05
  0.76774E+05  0.10490E+06  0.00000E+00  0.11389E+05  0.22784E+05  0.34176E+05
  0.34178E+05  0.34181E+05  0.34183E+05  0.34185E+05  0.34186E+05  0.34183E+05
  0.34174E+05  0.34159E+05  0.34134E+05  0.34083E+05  0.33998E+05  0.33895E+05
  0.33750E+05  0.33563E+05  0.33341E+05  0.33099E+05  0.32689E+05  0.32170E+05
  0.31692E+05  0.30975E+05  0.30166E+05  0.29569E+05  0.28750E+05  0.28018E+05
  0.27388E+05  0.27211E+05  0.27383E+05  0.28519E+05  0.30442E+05  0.31423E+05
  0.34575E+05  0.38761E+05  0.44375E+05  0.51989E+05  0.62441E+05  0.76971E+05
  0.97441E+05  0.12666E+06  0.16892E+06  0.00000E+00  0.21750E+05  0.43508E+05
  0.65262E+05  0.65265E+05  0.65269E+05  0.65272E+05  0.65275E+05  0.65275E+05
  0.65270E+05  0.65255E+05  0.65229E+05  0.65188E+05  0.65104E+05  0.64967E+05
  0.64801E+05  0.64566E+05  0.64266E+05  0.63907E+05  0.63517E+05  0.62861E+05
  0.62033E+05  0.61270E+05  0.60131E+05  0.58854E+05  0.57917E+05  0.56644E+05
  0.55524E+05  0.54588E+05  0.54384E+05  0.54755E+05  0.56635E+05  0.59737E+05
  0.61519E+05  0.66594E+05  0.73275E+05  0.82146E+05  0.94043E+05  0.11018E+06
  0.13233E+06  0.16312E+06  0.20650E+06  0.26842E+06  0.00000E+00  0.41532E+05
  0.83078E+05  0.12462E+06  0.12462E+06  0.12463E+06  0.12463E+06  0.12464E+06
  0.12463E+06  0.12462E+06  0.12460E+06  0.12455E+06  0.12449E+06  0.12435E+06
  0.12413E+06  0.12386E+06  0.12348E+06  0.12300E+06  0.12242E+06  0.12179E+06
  0.12074E+06  0.11942E+06  0.11820E+06  0.11638E+06  0.11436E+06  0.11287E+06
  0.11087E+06  0.10913E+06  0.10771E+06  0.10745E+06  0.10813E+06  0.11116E+06
  0.11609E+06  0.11911E+06  0.12714E+06  0.13763E+06  0.15143E+06  0.16977E+06
  0.19436E+06  0.22771E+06  0.27349E+06  0.33712E+06  0.42677E+06  0.00000E+00
  0.79309E+05  0.15865E+06  0.23796E+06  0.23797E+06  0.23798E+06  0.23799E+06
  0.23799E+06  0.23799E+06  0.23797E+06  0.23793E+06  0.23785E+06  0.23774E+06
  0.23752E+06  0.23716E+06  0.23673E+06  0.23612E+06  0.23534E+06  0.23441E+06
  0.23340E+06  0.23171E+06  0.22959E+06  0.22763E+06  0.22474E+06  0.22151E+06
  0.21914E+06  0.21598E+06  0.21324E+06  0.21102E+06  0.21067E+06  0.21180E+06
  0.21661E+06  0.22434E+06  0.22926E+06  0.24182E+06  0.25812E+06  0.27942E+06
  0.30745E+06  0.34467E+06  0.39460E+06  0.46231E+06  0.55524E+06  0.68444E+06
  0.00000E+00  0.15145E+06  0.30296E+06  0.45442E+06  0.45443E+06  0.45445E+06
  0.45445E+06  0.45446E+06  0.45445E+06  0.45442E+06  0.45435E+06  0.45423E+06
  0.45404E+06  0.45369E+06  0.45311E+06  0.45241E+06  0.45142E+06  0.45017E+06
  0.44867E+06  0.44704E+06  0.44433E+06  0.44094E+06  0.43779E+06  0.43317E+06
  0.42802E+06  0.42422E+06  0.41918E+06  0.41482E+06  0.41132E+06  0.41076E+06
  0.41255E+06  0.42008E+06  0.43214E+06  0.43995E+06  0.45944E+06  0.48461E+06
  0.51728E+06  0.55995E+06  0.61613E+06  0.69072E+06  0.79078E+06  0.92646E+06
  0.11127E+07
