  0.00000D+00  0.00000D+00  0.00000D+00  0.00000D+00  0.00000D+00  0.00000D+00
  0.00000D+00  0.00000D+00  0.00000D+00  0.00000D+00  0.00000D+00  0.00000D+00
  0.00000D+00  0.00000D+00  0.00000D+00  0.00000D+00  0.00000D+00  0.00000D+00
  0.00000D+00  0.00000D+00  0.00000D+00  0.00000D+00  0.00000D+00  0.00000D+00
  0.00000D+00  0.00000D+00  0.00000D+00  0.00000D+00  0.00000D+00  0.00000D+00
  0.00000D+00  0.00000D+00  0.00000D+00  0.00000D+00  0.00000D+00  0.00000D+00
  0.00000D+00  0.00000D+00  0.00000D+00  0.00000D+00  0.00000D+00  0.00000D+00
  0.00000D+00  0.00000D+00  0.00000D+00  0.00000D+00  0.00000D+00  0.00000D+00
  0.00000D+00  0.00000D+00  0.00000D+00  0.00000D+00  0.00000D+00  0.00000D+00
  0.00000D+00  0.00000D+00  0.77761D-04  0.19511D-03  0.44376D-03  0.98342D-03
  0.21091D-02  0.43914D-02  0.88403D-02  0.18628D-01  0.38774D-01  0.77066D-01
  0.15460D+00  0.30388D+00  0.56321D+00  0.10594D+01  0.19438D+01  0.35019D+01
  0.60707D+01  0.10333D+02  0.16763D+02  0.26596D+02  0.45617D+02  0.72386D+02
  0.11488D+03  0.18231D+03  0.28934D+03  0.45926D+03  0.72895D+03  0.11571D+04
  0.18366D+04  0.29152D+04  0.00000D+00  0.00000D+00  0.00000D+00  0.00000D+00
  0.00000D+00  0.00000D+00  0.00000D+00  0.00000D+00  0.00000D+00  0.00000D+00
  0.00000D+00  0.00000D+00  0.00000D+00  0.16164D-03  0.40275D-03  0.91032D-03
  0.20069D-02  0.42868D-02  0.88979D-02  0.17865D-01  0.37565D-01  0.78068D-01
  0.15492D+00  0.31044D+00  0.60966D+00  0.11291D+01  0.21227D+01  0.38932D+01
  0.70113D+01  0.12151D+02  0.20678D+02  0.33540D+02  0.53206D+02  0.91246D+02
  0.14478D+03  0.22975D+03  0.36460D+03  0.57861D+03  0.91838D+03  0.14576D+04
  0.23137D+04  0.36723D+04  0.58290D+04  0.00000D+00  0.00000D+00  0.00000D+00
  0.00000D+00  0.00000D+00  0.00000D+00  0.00000D+00  0.00000D+00  0.00000D+00
  0.00000D+00  0.00000D+00  0.00000D+00  0.00000D+00  0.25393D-03  0.62753D-03
  0.14083D-02  0.30879D-02  0.65622D-02  0.13566D-01  0.27149D-01  0.56938D-01
  0.11811D+00  0.23402D+00  0.46833D+00  0.91874D+00  0.17001D+01  0.31939D+01
  0.58546D+01  0.10539D+02  0.18258D+02  0.31062D+02  0.50373D+02  0.79894D+02
  0.13700D+03  0.21735D+03  0.34487D+03  0.54726D+03  0.86844D+03  0.13783D+04
  0.21876D+04  0.34723D+04  0.55110D+04  0.87475D+04  0.00000D+00  0.00000D+00
  0.00000D+00  0.00000D+00  0.00000D+00  0.00000D+00  0.00000D+00  0.00000D+00
  0.00000D+00  0.00000D+00  0.00000D+00  0.00000D+00  0.00000D+00  0.35786D-03
  0.87612D-03  0.19506D-02  0.42465D-02  0.89737D-02  0.18456D-01  0.36788D-01
  0.76906D-01  0.15908D+00  0.31458D+00  0.62849D+00  0.12313D+01  0.22760D+01
  0.42721D+01  0.78257D+01  0.14079D+02  0.24382D+02  0.41464D+02  0.67223D+02
  0.10660D+03  0.18275D+03  0.28990D+03  0.45994D+03  0.72979D+03  0.11580D+04
  0.18378D+04  0.29167D+04  0.46294D+04  0.73474D+04  0.11662D+05  0.00000D+00
  0.00000D+00  0.00000D+00  0.00000D+00  0.00000D+00  0.00000D+00  0.00000D+00
  0.00000D+00  0.00000D+00  0.00000D+00  0.00000D+00  0.00000D+00  0.00000D+00
  0.47798D-03  0.11577D-02  0.25526D-02  0.55123D-02  0.11565D-01  0.23655D-01
  0.46910D-01  0.97685D-01  0.20145D+00  0.39725D+00  0.79202D+00  0.15491D+01
  0.28595D+01  0.53617D+01  0.98133D+01  0.17643D+02  0.30536D+02  0.51909D+02
  0.84127D+02  0.13336D+03  0.22859D+03  0.36255D+03  0.57512D+03  0.91244D+03
  0.14477D+04  0.22974D+04  0.36459D+04  0.57866D+04  0.91836D+04  0.14576D+05
  0.00000D+00  0.00000D+00  0.00000D+00  0.00000D+00  0.00000D+00  0.00000D+00
  0.00000D+00  0.00000D+00  0.00000D+00  0.00000D+00  0.00000D+00  0.00000D+00
  0.00000D+00  0.61946D-03  0.14842D-02  0.32372D-02  0.69220D-02  0.14406D-01
  0.29258D-01  0.57687D-01  0.11956D+00  0.24558D+00  0.48277D+00  0.96007D+00
  0.18739D+01  0.34534D+01  0.64666D+01  0.11823D+02  0.21238D+02  0.36733D+02
  0.62409D+02  0.10110D+03  0.16021D+03  0.27454D+03  0.43532D+03  0.69044D+03
  0.10953D+04  0.17376D+04  0.27572D+04  0.43752D+04  0.69436D+04  0.11019D+05
  0.17489D+05  0.00000D+00  0.00000D+00  0.00000D+00  0.00000D+00  0.00000D+00
  0.00000D+00  0.00000D+00  0.00000D+00  0.00000D+00  0.00000D+00  0.00000D+00
  0.00000D+00  0.00000D+00  0.78921D-03  0.18700D-02  0.40311D-02  0.85292D-02
  0.17581D-01  0.35414D-01  0.69355D-01  0.14291D+00  0.29218D+00  0.57220D+00
  0.11344D+01  0.22085D+01  0.40616D+01  0.75931D+01  0.13864D+02  0.24879D+02
  0.42994D+02  0.72995D+02  0.11818D+03  0.18720D+03  0.32068D+03  0.50834D+03
  0.80607D+03  0.12785D+04  0.20279D+04  0.32175D+04  0.51053D+04  0.81017D+04
  0.12857D+05  0.20404D+05  0.00000D+00  0.00000D+00  0.00000D+00  0.00000D+00
  0.00000D+00  0.00000D+00  0.00000D+00  0.00000D+00  0.00000D+00  0.00000D+00
  0.00000D+00  0.00000D+00  0.00000D+00  0.99176D-03  0.23303D-02  0.49668D-02
  0.10391D-01  0.21193D-01  0.42294D-01  0.82158D-01  0.16817D+00  0.34190D+00
  0.66648D+00  0.13163D+01  0.25549D+01  0.46868D+01  0.87443D+01  0.15940D+02
  0.28567D+02  0.49316D+02  0.83658D+02  0.13535D+03  0.21427D+03  0.36691D+03
  0.58142D+03  0.92170D+03  0.14615D+04  0.23179D+04  0.36771D+04  0.58338D+04
  0.92569D+04  0.14689D+05  0.23311D+05  0.00000D+00  0.00000D+00  0.00000D+00
  0.00000D+00  0.00000D+00  0.00000D+00  0.00000D+00  0.00000D+00  0.00000D+00
  0.00000D+00  0.00000D+00  0.00000D+00  0.00000D+00  0.12288D-02  0.28800D-02
  0.60788D-02  0.12580D-01  0.25375D-01  0.50118D-01  0.96460D-01  0.19595D+00
  0.39584D+00  0.76725D+00  0.15086D+01  0.29172D+01  0.53350D+01  0.99293D+01
  0.18065D+02  0.32322D+02  0.55726D+02  0.94433D+02  0.15265D+03  0.24149D+03
  0.41332D+03  0.65467D+03  0.10374D+04  0.16446D+04  0.26076D+04  0.41359D+04
  0.65609D+04  0.10410D+05  0.16516D+05  0.26209D+05  0.00000D+00  0.00000D+00
  0.00000D+00  0.00000D+00  0.00000D+00  0.00000D+00  0.00000D+00  0.00000D+00
  0.00000D+00  0.00000D+00  0.00000D+00  0.00000D+00  0.00000D+00  0.14795D-02
  0.35108D-02  0.73812D-02  0.15146D-01  0.30244D-01  0.59097D-01  0.11261D+00
  0.22690D+00  0.45493D+00  0.87614D+00  0.17137D+01  0.32994D+01  0.60117D+01
  0.11156D+02  0.20248D+02  0.36158D+02  0.62240D+02  0.10534D+03  0.17010D+03
  0.26885D+03  0.45986D+03  0.72797D+03  0.11531D+04  0.18273D+04  0.28964D+04
  0.45931D+04  0.72847D+04  0.11556D+05  0.18334D+05  0.29090D+05  0.00000D+00
  0.00000D+00  0.00000D+00  0.00000D+00  0.00000D+00  0.00000D+00  0.00000D+00
  0.00000D+00  0.00000D+00  0.00000D+00  0.00000D+00  0.00000D+00  0.00000D+00
  0.17045D-02  0.42044D-02  0.88920D-02  0.18180D-01  0.35986D-01  0.69588D-01
  0.13119D+00  0.26198D+00  0.52101D+00  0.99592D+00  0.19361D+01  0.37085D+01
  0.67269D+01  0.12439D+02  0.22511D+02  0.40105D+02  0.68899D+02  0.11642D+03
  0.18774D+03  0.29641D+03  0.50664D+03  0.80146D+03  0.12688D+04  0.20097D+04
  0.31845D+04  0.50484D+04  0.80050D+04  0.12697D+05  0.20140D+05  0.31953D+05
  0.00000D+00  0.00000D+00  0.00000D+00  0.00000D+00  0.00000D+00  0.00000D+00
  0.00000D+00  0.00000D+00  0.00000D+00  0.00000D+00  0.00000D+00  0.00000D+00
  0.00000D+00  0.17961D-02  0.48780D-02  0.10576D-01  0.21728D-01  0.42792D-01
  0.81985D-01  0.15289D+00  0.30246D+00  0.59611D+00  0.11297D+01  0.21808D+01
  0.41518D+01  0.74909D+01  0.13793D+02  0.24873D+02  0.44186D+02  0.75726D+02
  0.12771D+03  0.20560D+03  0.32415D+03  0.55356D+03  0.87490D+03  0.13841D+04
  0.21911D+04  0.34703D+04  0.54996D+04  0.87181D+04  0.13825D+05  0.21925D+05
  0.34780D+05  0.00000D+00  0.00000D+00  0.00000D+00  0.00000D+00  0.00000D+00
  0.00000D+00  0.00000D+00  0.00000D+00  0.00000D+00  0.00000D+00  0.00000D+00
  0.00000D+00  0.00000D+00  0.12603D-02  0.49892D-02  0.11850D-01  0.25196D-01
  0.50069D-01  0.95714D-01  0.17712D+00  0.34792D+00  0.68020D+00  0.12777D+01
  0.24485D+01  0.46309D+01  0.83047D+01  0.15218D+02  0.27331D+02  0.48390D+02
  0.82695D+02  0.13914D+03  0.22353D+03  0.35181D+03  0.60018D+03  0.94754D+03
  0.14976D+04  0.23692D+04  0.37504D+04  0.59407D+04  0.94140D+04  0.14924D+05
  0.23663D+05  0.37531D+05  0.00000D+00  0.00000D+00  0.00000D+00  0.00000D+00
  0.00000D+00  0.20648D-03  0.79527D-03  0.13895D-02  0.19139D-02  0.22718D-02
  0.22807D-02  0.10655D-02  0.00000D+00  0.00000D+00  0.33434D-02  0.11008D-01
  0.25907D-01  0.53472D-01  0.10316D+00  0.19068D+00  0.37284D+00  0.72316D+00
  0.13390D+01  0.25475D+01  0.47851D+01  0.85231D+01  0.15534D+02  0.27769D+02
  0.48975D+02  0.83410D+02  0.13995D+03  0.22426D+03  0.35219D+03  0.60013D+03
  0.94614D+03  0.14938D+04  0.23610D+04  0.37347D+04  0.59125D+04  0.93652D+04
  0.14841D+05  0.23526D+05  0.37304D+05  0.00000D+00  0.00000D+00  0.00000D+00
  0.00000D+00  0.29182D-03  0.15686D-02  0.29645D-02  0.43134D-02  0.55173D-02
  0.64691D-02  0.70106D-02  0.70215D-02  0.59124D-02  0.00000D+00  0.90049D-03
  0.78605D-02  0.24711D-01  0.55525D-01  0.11035D+00  0.20491D+00  0.40154D+00
  0.77396D+00  0.14151D+01  0.26717D+01  0.49794D+01  0.87987D+01  0.15934D+02
  0.28325D+02  0.49717D+02  0.84322D+02  0.14099D+03  0.22522D+03  0.35273D+03
  0.60016D+03  0.94454D+03  0.14892D+04  0.23511D+04  0.37157D+04  0.58784D+04
  0.93058D+04  0.14741D+05  0.23358D+05  0.37027D+05  0.00000D+00  0.00000D+00
  0.00000D+00  0.00000D+00  0.18681D-02  0.45575D-02  0.73280D-02  0.99097D-02
  0.12132D-01  0.13899D-01  0.15038D-01  0.15504D-01  0.15024D-01  0.12124D-01
  0.00000D+00  0.27604D-02  0.22569D-01  0.58132D-01  0.12036D+00  0.22542D+00
  0.44234D+00  0.84544D+00  0.15256D+01  0.28508D+01  0.52587D+01  0.91978D+01
  0.16516D+02  0.29144D+02  0.50838D+02  0.85756D+02  0.14274D+03  0.22711D+03
  0.35450D+03  0.60193D+03  0.94526D+03  0.14877D+04  0.23455D+04  0.37028D+04
  0.58527D+04  0.92587D+04  0.14658D+05  0.23216D+05  0.36789D+05  0.00000D+00
  0.43489D-03  0.87670D-03  0.13283D-02  0.58633D-02  0.10815D-01  0.15619D-01
  0.19861D-01  0.23350D-01  0.26027D-01  0.27706D-01  0.28415D-01  0.27959D-01
  0.24546D-01  0.16344D-01  0.28048D-02  0.23799D-01  0.64766D-01  0.13811D+00
  0.25916D+00  0.50485D+00  0.95523D+00  0.16935D+01  0.31185D+01  0.56722D+01
  0.97898D+01  0.17382D+02  0.30373D+02  0.52544D+02  0.88010D+02  0.14564D+03
  0.23056D+03  0.35838D+03  0.60675D+03  0.95025D+03  0.14923D+04  0.23486D+04
  0.37026D+04  0.58459D+04  0.92396D+04  0.14617D+05  0.23139D+05  0.36651D+05
  0.00000D+00  0.22670D-02  0.45635D-02  0.68970D-02  0.15424D-01  0.24106D-01
  0.32065D-01  0.38857D-01  0.44125D-01  0.48126D-01  0.50499D-01  0.51426D-01
  0.50738D-01  0.45882D-01  0.34784D-01  0.17109D-01  0.13439D-01  0.11942D+00
  0.16002D+00  0.30163D+00  0.58738D+00  0.10996D+01  0.19146D+01  0.34706D+01
  0.62142D+01  0.10563D+02  0.18509D+02  0.31968D+02  0.54754D+02  0.90929D+02
  0.14939D+03  0.23505D+03  0.36348D+03  0.61316D+03  0.95704D+03  0.14989D+04
  0.23539D+04  0.37044D+04  0.58406D+04  0.92209D+04  0.14575D+05  0.23055D+05
  0.36498D+05  0.00000D+00  0.68112D-02  0.13694D-01  0.20666D-01  0.36090D-01
  0.50989D-01  0.63976D-01  0.74423D-01  0.82487D-01  0.88220D-01  0.91547D-01
  0.92792D-01  0.91509D-01  0.84380D-01  0.68580D-01  0.44209D-01  0.15461D-02
  0.66510D-01  0.00000D+00  0.35783D+00  0.69410D+00  0.12873D+01  0.22067D+01
  0.39356D+01  0.69280D+01  0.11576D+02  0.19980D+02  0.34044D+02  0.57623D+02
  0.94712D+02  0.15426D+03  0.24090D+03  0.37017D+03  0.62161D+03  0.96618D+03
  0.15081D+04  0.23619D+04  0.37089D+04  0.58376D+04  0.92034D+04  0.14531D+05
  0.22965D+05  0.36330D+05  0.00000D+00  0.17136D-01  0.34409D-01  0.51858D-01
  0.79145D-01  0.10394D+00  0.12478D+00  0.14122D+00  0.15315D+00  0.16154D+00
  0.16627D+00  0.16746D+00  0.16493D+00  0.15399D+00  0.13097D+00  0.96487D-01
  0.37859D-01  0.54738D-01  0.19608D+00  0.36251D+00  0.84720D+00  0.15373D+01
  0.25934D+01  0.45527D+01  0.78728D+01  0.12911D+02  0.21909D+02  0.36753D+02
  0.61355D+02  0.99622D+02  0.16057D+03  0.24848D+03  0.37888D+03  0.63270D+03
  0.97836D+03  0.15207D+04  0.23737D+04  0.37173D+04  0.58380D+04  0.91880D+04
  0.14486D+05  0.22869D+05  0.36146D+05  0.00000D+00  0.40202D-01  0.80656D-01
  0.12146D+00  0.16871D+00  0.20986D+00  0.24272D+00  0.26735D+00  0.28466D+00
  0.29647D+00  0.30222D+00  0.30316D+00  0.29806D+00  0.28140D+00  0.24667D+00
  0.19673D+00  0.11414D+00  0.12709D-01  0.20154D+00  0.47222D+00  0.94522D+00
  0.18946D+01  0.31061D+01  0.53749D+01  0.91304D+01  0.14678D+02  0.24451D+02
  0.40307D+02  0.66229D+02  0.10601D+03  0.16876D+03  0.25832D+03  0.39023D+03
  0.64719D+03  0.99446D+03  0.15378D+04  0.23903D+04  0.37307D+04  0.58432D+04
  0.91762D+04  0.14442D+05  0.22769D+05  0.35946D+05  0.00000D+00  0.11565D+00
  0.23182D+00  0.34883D+00  0.45414D+00  0.53965D+00  0.60337D+00  0.64698D+00
  0.67694D+00  0.69579D+00  0.70515D+00  0.70867D+00  0.70481D+00  0.68346D+00
  0.63757D+00  0.57368D+00  0.46656D+00  0.30513D+00  0.69596D-01  0.26007D+00
  0.89325D+00  0.24832D+01  0.33550D+01  0.59450D+01  0.10144D+02  0.16163D+02
  0.26662D+02  0.43406D+02  0.70404D+02  0.11119D+03  0.17484D+03  0.26434D+03
  0.39488D+03  0.65084D+03  0.99238D+03  0.15249D+04  0.23581D+04  0.36651D+04
  0.57210D+04  0.89599D+04  0.14071D+05  0.22145D+05  0.34913D+05  0.00000D+00
  0.57238D+00  0.11473D+01  0.17253D+01  0.17304D+01  0.17365D+01  0.17436D+01
  0.17517D+01  0.17600D+01  0.17678D+01  0.17724D+01  0.17737D+01  0.17700D+01
  0.17446D+01  0.16885D+01  0.16121D+01  0.14830D+01  0.12889D+01  0.10099D+01
  0.63203D+00  0.11799D+00  0.13179D+01  0.29298D+01  0.58488D+01  0.10492D+02
  0.16919D+02  0.28069D+02  0.45539D+02  0.73301D+02  0.11446D+03  0.17790D+03
  0.26533D+03  0.39114D+03  0.64138D+03  0.96887D+03  0.14774D+04  0.22701D+04
  0.35102D+04  0.54564D+04  0.85166D+04  0.13339D+05  0.20946D+05  0.32966D+05
  0.00000D+00  0.10911D+01  0.21861D+01  0.32854D+01  0.32931D+01  0.33022D+01
  0.33128D+01  0.33246D+01  0.33367D+01  0.33477D+01  0.33536D+01  0.33540D+01
  0.33468D+01  0.33061D+01  0.32195D+01  0.31047D+01  0.29151D+01  0.26375D+01
  0.22503D+01  0.17446D+01  0.74931D+00  0.80000D+00  0.27935D+01  0.63524D+01
  0.11857D+02  0.19175D+02  0.31695D+02  0.50845D+02  0.80679D+02  0.12391D+03
  0.18951D+03  0.27799D+03  0.40350D+03  0.65548D+03  0.97916D+03  0.14792D+04
  0.22554D+04  0.34655D+04  0.53592D+04  0.83300D+04  0.13003D+05  0.20363D+05
  0.31978D+05  0.00000D+00  0.20806D+01  0.41673D+01  0.62604D+01  0.62718D+01
  0.62854D+01  0.63010D+01  0.63185D+01  0.63359D+01  0.63514D+01  0.63584D+01
  0.63564D+01  0.63424D+01  0.62766D+01  0.61409D+01  0.59650D+01  0.56807D+01
  0.52743D+01  0.47231D+01  0.40276D+01  0.26715D+01  0.61725D+00  0.19114D+01
  0.63609D+01  0.13039D+02  0.21532D+02  0.35848D+02  0.57160D+02  0.89617D+02
  0.13540D+03  0.20361D+03  0.29317D+03  0.41801D+03  0.67205D+03  0.99069D+03
  0.14799D+04  0.22356D+04  0.34087D+04  0.52381D+04  0.81000D+04  0.12591D+05
  0.19652D+05  0.30777D+05  0.00000D+00  0.39691D+01  0.79476D+01  0.11935D+02
  0.11953D+02  0.11973D+02  0.11996D+02  0.12022D+02  0.12047D+02  0.12068D+02
  0.12075D+02  0.12068D+02  0.12042D+02  0.11934D+02  0.11719D+02  0.11445D+02
  0.11012D+02  0.10405D+02  0.96012D+01  0.86193D+01  0.67243D+01  0.39286D+01
  0.63628D+00  0.50725D+01  0.13378D+02  0.23433D+02  0.40128D+02  0.64237D+02
  0.10002D+03  0.14892D+03  0.22022D+03  0.31074D+03  0.43421D+03  0.69053D+03
  0.10023D+04  0.14775D+04  0.22072D+04  0.33340D+04  0.50840D+04  0.78120D+04
  0.12081D+05  0.18777D+05  0.29308D+05  0.00000D+00  0.75726D+01  0.15160D+02
  0.22761D+02  0.22786D+02  0.22816D+02  0.22850D+02  0.22888D+02  0.22924D+02
  0.22953D+02  0.22959D+02  0.22941D+02  0.22891D+02  0.22715D+02  0.22371D+02
  0.21940D+02  0.21268D+02  0.20346D+02  0.19151D+02  0.17730D+02  0.15020D+02
  0.11119D+02  0.67180D+01  0.80052D+00  0.11394D+02  0.23559D+02  0.43440D+02
  0.71194D+02  0.11121D+03  0.16387D+03  0.23873D+03  0.32982D+03  0.45067D+03
  0.70926D+03  0.10113D+04  0.14678D+04  0.21638D+04  0.32322D+04  0.48829D+04
  0.74454D+04  0.11441D+05  0.17691D+05  0.27498D+05  0.00000D+00  0.14450D+02
  0.28924D+02  0.43416D+02  0.43454D+02  0.43499D+02  0.43549D+02  0.43604D+02
  0.43655D+02  0.43694D+02  0.43695D+02  0.43656D+02  0.43566D+02  0.43275D+02
  0.42723D+02  0.42037D+02  0.40986D+02  0.39563D+02  0.37753D+02  0.35653D+02
  0.31692D+02  0.26122D+02  0.20084D+02  0.99226D+01  0.39440D+01  0.19000D+02
  0.43212D+02  0.75768D+02  0.12120D+03  0.17835D+03  0.25718D+03  0.34791D+03
  0.46401D+03  0.72437D+03  0.10122D+04  0.14432D+04  0.20947D+04  0.30878D+04
  0.46129D+04  0.69683D+04  0.10626D+05  0.16327D+05  0.25247D+05  0.00000D+00
  0.27580D+02  0.55196D+02  0.82839D+02  0.82896D+02  0.82962D+02  0.83036D+02
  0.83115D+02  0.83187D+02  0.83238D+02  0.83226D+02  0.83148D+02  0.82987D+02
  0.82506D+02  0.81615D+02  0.80516D+02  0.78855D+02  0.76637D+02  0.73855D+02
  0.70690D+02  0.64793D+02  0.56669D+02  0.48176D+02  0.34092D+02  0.15464D+02
  0.36272D+01  0.33820D+02  0.72783D+02  0.12518D+03  0.18763D+03  0.27067D+03
  0.35927D+03  0.46701D+03  0.72780D+03  0.99446D+03  0.13896D+04  0.19813D+04
  0.28757D+04  0.42394D+04  0.63329D+04  0.95670D+04  0.14587D+05  0.22415D+05
  0.00000D+00  0.52649D+02  0.10536D+03  0.15810D+03  0.15818D+03  0.15828D+03
  0.15839D+03  0.15851D+03  0.15861D+03  0.15867D+03  0.15863D+03  0.15848D+03
  0.15820D+03  0.15740D+03  0.15596D+03  0.15419D+03  0.15155D+03  0.14806D+03
  0.14373D+03  0.13888D+03  0.12996D+03  0.11789D+03  0.10566D+03  0.85669D+02
  0.60001D+02  0.35169D+02  0.34362D+01  0.51086D+02  0.11256D+03  0.18115D+03
  0.26829D+03  0.35156D+03  0.44505D+03  0.70344D+03  0.93814D+03  0.12819D+04
  0.17912D+04  0.25538D+04  0.37069D+04  0.54646D+04  0.81635D+04  0.12331D+05
  0.18803D+05  0.00000D+00  0.10050D+03  0.20110D+03  0.30175D+03  0.30187D+03
  0.30202D+03  0.30218D+03  0.30234D+03  0.30248D+03  0.30256D+03  0.30246D+03
  0.30219D+03  0.30169D+03  0.30038D+03  0.29804D+03  0.29518D+03  0.29096D+03
  0.28542D+03  0.27863D+03  0.27110D+03  0.25742D+03  0.23920D+03  0.22121D+03
  0.19223D+03  0.15600D+03  0.12284D+03  0.72195D+02  0.12558D+02  0.60898D+02
  0.13648D+03  0.22694D+03  0.29940D+03  0.36907D+03  0.61978D+03  0.80563D+03
  0.10744D+04  0.14681D+04  0.20514D+04  0.29250D+04  0.42455D+04  0.62588D+04
  0.93492D+04  0.14123D+05  0.00000D+00  0.19188D+03  0.38392D+03  0.57601D+03
  0.57620D+03  0.57641D+03  0.57664D+03  0.57688D+03  0.57707D+03  0.57715D+03
  0.57695D+03  0.57645D+03  0.57559D+03  0.57343D+03  0.56963D+03  0.56501D+03
  0.55823D+03  0.54941D+03  0.53866D+03  0.52685D+03  0.50564D+03  0.47775D+03
  0.45081D+03  0.40795D+03  0.35566D+03  0.31019D+03  0.24197D+03  0.16544D+03
  0.75875D+02  0.75115D+01  0.99439D+02  0.15198D+03  0.18253D+03  0.41631D+03
  0.52701D+03  0.68505D+03  0.91363D+03  0.12483D+04  0.17444D+04  0.24872D+04
  0.36102D+04  0.53218D+04  0.79498D+04  0.00000D+00  0.36635D+03  0.73295D+03
  0.10996D+04  0.10999D+04  0.11002D+04  0.11005D+04  0.11009D+04  0.11011D+04
  0.11012D+04  0.11008D+04  0.10999D+04  0.10985D+04  0.10949D+04  0.10887D+04
  0.10812D+04  0.10703D+04  0.10562D+04  0.10391D+04  0.10204D+04  0.98727D+03
  0.94412D+03  0.90310D+03  0.83866D+03  0.76166D+03  0.69768D+03  0.60334D+03
  0.50252D+03  0.39082D+03  0.29895D+03  0.20919D+03  0.19142D+03  0.22427D+03
  0.22996D+02  0.28346D+02  0.35884D+02  0.46645D+02  0.62207D+02  0.85003D+02
  0.11878D+03  0.16936D+03  0.24581D+03  0.36236D+03  0.00000D+00  0.69948D+03
  0.13994D+04  0.20993D+04  0.20997D+04  0.21002D+04  0.21007D+04  0.21012D+04
  0.21015D+04  0.21015D+04  0.21008D+04  0.20992D+04  0.20967D+04  0.20909D+04
  0.20809D+04  0.20687D+04  0.20512D+04  0.20285D+04  0.20012D+04  0.19715D+04
  0.19192D+04  0.18518D+04  0.17886D+04  0.16903D+04  0.15749D+04  0.14826D+04
  0.13488D+04  0.12123D+04  0.10694D+04  0.96848D+03  0.88728D+03  0.92806D+03
  0.10625D+04  0.91918D+03  0.11040D+04  0.13608D+04  0.17227D+04  0.22392D+04
  0.29865D+04  0.40807D+04  0.57023D+04  0.81301D+04  0.11801D+05  0.00000D+00
  0.13356D+04  0.26720D+04  0.40083D+04  0.40089D+04  0.40096D+04  0.40103D+04
  0.40110D+04  0.40114D+04  0.40112D+04  0.40099D+04  0.40073D+04  0.40030D+04
  0.39934D+04  0.39771D+04  0.39575D+04  0.39291D+04  0.38927D+04  0.38489D+04
  0.38014D+04  0.37187D+04  0.36128D+04  0.35142D+04  0.33625D+04  0.31869D+04
  0.30507D+04  0.28565D+04  0.26664D+04  0.24785D+04  0.23682D+04  0.23063D+04
  0.24432D+04  0.27390D+04  0.26946D+04  0.31570D+04  0.37916D+04  0.46739D+04
  0.59165D+04  0.76910D+04  0.10257D+05  0.14016D+05  0.19584D+05  0.27923D+05
  0.00000D+00  0.25503D+04  0.51018D+04  0.76531D+04  0.76540D+04  0.76550D+04
  0.76560D+04  0.76570D+04  0.76574D+04  0.76570D+04  0.76546D+04  0.76501D+04
  0.76430D+04  0.76273D+04  0.76009D+04  0.75690D+04  0.75233D+04  0.74647D+04
  0.73943D+04  0.73182D+04  0.71867D+04  0.70192D+04  0.68642D+04  0.66279D+04
  0.63575D+04  0.61524D+04  0.58643D+04  0.55925D+04  0.53378D+04  0.52178D+04
  0.51922D+04  0.54844D+04  0.60346D+04  0.61535D+04  0.70448D+04  0.82537D+04
  0.99129D+04  0.12219D+05  0.15469D+05  0.20108D+05  0.26818D+05  0.36643D+05
  0.51202D+05  0.00000D+00  0.48699D+04  0.97421D+04  0.14614D+05  0.14615D+05
  0.14616D+05  0.14618D+05  0.14619D+05  0.14620D+05  0.14619D+05  0.14614D+05
  0.14607D+05  0.14595D+05  0.14569D+05  0.14526D+05  0.14475D+05  0.14401D+05
  0.14306D+05  0.14193D+05  0.14071D+05  0.13861D+05  0.13595D+05  0.13350D+05
  0.12979D+05  0.12558D+05  0.12244D+05  0.11809D+05  0.11410D+05  0.11054D+05
  0.10923D+05  0.10960D+05  0.11499D+05  0.12448D+05  0.12831D+05  0.14384D+05
  0.16468D+05  0.19293D+05  0.23171D+05  0.28564D+05  0.36159D+05  0.47004D+05
  0.62686D+05  0.85654D+05  0.00000D+00  0.92994D+04  0.18603D+05  0.27904D+05
  0.27906D+05  0.27908D+05  0.27911D+05  0.27912D+05  0.27913D+05  0.27911D+05
  0.27903D+05  0.27890D+05  0.27870D+05  0.27829D+05  0.27759D+05  0.27676D+05
  0.27556D+05  0.27404D+05  0.27222D+05  0.27025D+05  0.26690D+05  0.26267D+05
  0.25877D+05  0.25291D+05  0.24630D+05  0.24143D+05  0.23475D+05  0.22877D+05
  0.22362D+05  0.22218D+05  0.22358D+05  0.23286D+05  0.24856D+05  0.25656D+05
  0.28230D+05  0.31648D+05  0.36232D+05  0.42449D+05  0.50983D+05  0.62846D+05
  0.79560D+05  0.10342D+06  0.13792D+06  0.00000D+00  0.17759D+05  0.35524D+05
  0.53286D+05  0.53289D+05  0.53292D+05  0.53295D+05  0.53297D+05  0.53297D+05
  0.53293D+05  0.53281D+05  0.53259D+05  0.53226D+05  0.53157D+05  0.53045D+05
  0.52910D+05  0.52718D+05  0.52473D+05  0.52180D+05  0.51862D+05  0.51325D+05
  0.50650D+05  0.50027D+05  0.49097D+05  0.48054D+05  0.47289D+05  0.46250D+05
  0.45335D+05  0.44571D+05  0.44405D+05  0.44707D+05  0.46242D+05  0.48775D+05
  0.50230D+05  0.54374D+05  0.59828D+05  0.67072D+05  0.76786D+05  0.89962D+05
  0.10805D+06  0.13319D+06  0.16860D+06  0.21916D+06  0.00000D+00  0.33910D+05
  0.67833D+05  0.10175D+06  0.10175D+06  0.10176D+06  0.10176D+06  0.10176D+06
  0.10176D+06  0.10176D+06  0.10173D+06  0.10170D+06  0.10164D+06  0.10153D+06
  0.10135D+06  0.10113D+06  0.10082D+06  0.10043D+06  0.99956D+05  0.99443D+05
  0.98584D+05  0.97504D+05  0.96506D+05  0.95027D+05  0.93373D+05  0.92160D+05
  0.90528D+05  0.89106D+05  0.87943D+05  0.87736D+05  0.88288D+05  0.90763D+05
  0.94786D+05  0.97253D+05  0.10381D+06  0.11237D+06  0.12365D+06  0.13861D+06
  0.15869D+06  0.18592D+06  0.22330D+06  0.27526D+06  0.34845D+06  0.00000D+00
  0.64755D+05  0.12953D+06  0.19430D+06  0.19430D+06  0.19431D+06  0.19431D+06
  0.19432D+06  0.19431D+06  0.19430D+06  0.19427D+06  0.19421D+06  0.19412D+06
  0.19394D+06  0.19364D+06  0.19329D+06  0.19279D+06  0.19215D+06  0.19139D+06
  0.19057D+06  0.18919D+06  0.18746D+06  0.18586D+06  0.18350D+06  0.18086D+06
  0.17893D+06  0.17635D+06  0.17411D+06  0.17230D+06  0.17201D+06  0.17293D+06
  0.17686D+06  0.18318D+06  0.18719D+06  0.19745D+06  0.21076D+06  0.22814D+06
  0.25103D+06  0.28142D+06  0.32219D+06  0.37748D+06  0.45335D+06  0.55884D+06
  0.00000D+00  0.12366D+06  0.24736D+06  0.37104D+06  0.37104D+06  0.37105D+06
  0.37106D+06  0.37106D+06  0.37106D+06  0.37103D+06  0.37097D+06  0.37087D+06
  0.37073D+06  0.37043D+06  0.36996D+06  0.36939D+06  0.36858D+06  0.36756D+06
  0.36634D+06  0.36501D+06  0.36280D+06  0.36002D+06  0.35746D+06  0.35368D+06
  0.34948D+06  0.34638D+06  0.34226D+06  0.33870D+06  0.33584D+06  0.33538D+06
  0.33685D+06  0.34300D+06  0.35284D+06  0.35921D+06  0.37513D+06  0.39569D+06
  0.42236D+06  0.45720D+06  0.50306D+06  0.56397D+06  0.64567D+06  0.75645D+06
  0.90851D+06
