  0.00000E+00  0.00000E+00  0.00000E+00  0.00000E+00  0.00000E+00  0.00000E+00
  0.00000E+00  0.00000E+00  0.00000E+00  0.00000E+00  0.00000E+00  0.00000E+00
  0.00000E+00  0.00000E+00  0.00000E+00  0.00000E+00  0.00000E+00  0.00000E+00
  0.00000E+00  0.00000E+00  0.00000E+00  0.00000E+00  0.00000E+00  0.00000E+00
  0.00000E+00  0.00000E+00  0.00000E+00  0.00000E+00  0.00000E+00  0.00000E+00
  0.00000E+00  0.00000E+00  0.00000E+00  0.00000E+00  0.00000E+00  0.00000E+00
  0.00000E+00  0.00000E+00  0.00000E+00  0.00000E+00  0.00000E+00  0.00000E+00
  0.00000E+00  0.00000E+00  0.00000E+00  0.00000E+00  0.00000E+00  0.00000E+00
  0.00000E+00  0.70729E-08  0.12885E-06  0.44016E-06  0.51621E-06  0.00000E+00
  0.00000E+00  0.00000E+00  0.12243E-03  0.30911E-03  0.70868E-03  0.15705E-02
  0.33680E-02  0.70123E-02  0.14088E-01  0.29625E-01  0.61549E-01  0.12185E+00
  0.24445E+00  0.48048E+00  0.89051E+00  0.16750E+01  0.30735E+01  0.55369E+01
  0.95987E+01  0.16338E+02  0.26505E+02  0.42052E+02  0.72126E+02  0.11445E+03
  0.18163E+03  0.28826E+03  0.45749E+03  0.72616E+03  0.11526E+04  0.18295E+04
  0.29039E+04  0.46093E+04  0.00000E+00  0.00000E+00  0.00000E+00  0.00000E+00
  0.00000E+00  0.00000E+00  0.15720E-07  0.28482E-06  0.96394E-06  0.11172E-05
  0.00000E+00  0.00000E+00  0.00000E+00  0.25441E-03  0.63771E-03  0.14542E-02
  0.32054E-02  0.68465E-02  0.14210E-01  0.28473E-01  0.59750E-01  0.12393E+00
  0.24494E+00  0.49085E+00  0.96395E+00  0.17853E+01  0.33563E+01  0.61557E+01
  0.11086E+02  0.19213E+02  0.32694E+02  0.53032E+02  0.84126E+02  0.14427E+03
  0.22892E+03  0.36326E+03  0.57649E+03  0.91487E+03  0.14521E+04  0.23047E+04
  0.36583E+04  0.58064E+04  0.92165E+04  0.00000E+00  0.00000E+00  0.00000E+00
  0.00000E+00  0.00000E+00  0.00000E+00  0.25942E-07  0.47331E-06  0.15957E-05
  0.18327E-05  0.00000E+00  0.00000E+00  0.00000E+00  0.39989E-03  0.99409E-03
  0.22492E-02  0.49309E-02  0.10483E-01  0.21671E-01  0.43271E-01  0.90586E-01
  0.18740E+00  0.37002E+00  0.74050E+00  0.14527E+01  0.26881E+01  0.50500E+01
  0.92570E+01  0.16664E+02  0.28869E+02  0.49113E+02  0.79646E+02  0.12632E+03
  0.21661E+03  0.34365E+03  0.54529E+03  0.86529E+03  0.13731E+04  0.21793E+04
  0.34589E+04  0.54901E+04  0.87137E+04  0.13831E+05  0.00000E+00  0.00000E+00
  0.00000E+00  0.00000E+00  0.00000E+00  0.00000E+00  0.36312E-07  0.68849E-06
  0.23474E-05  0.26902E-05  0.00000E+00  0.00000E+00  0.00000E+00  0.56347E-03
  0.13882E-02  0.31149E-02  0.67803E-02  0.14327E-01  0.29474E-01  0.58632E-01
  0.12233E+00  0.25253E+00  0.49740E+00  0.99374E+00  0.19468E+01  0.35987E+01
  0.67548E+01  0.12374E+02  0.22261E+02  0.38551E+02  0.65561E+02  0.10629E+03
  0.16854E+03  0.28895E+03  0.45837E+03  0.72722E+03  0.11539E+04  0.18310E+04
  0.29058E+04  0.46117E+04  0.73197E+04  0.11617E+05  0.18439E+05  0.00000E+00
  0.00000E+00  0.00000E+00  0.00000E+00  0.00000E+00  0.00000E+00  0.42979E-07
  0.90751E-06  0.32156E-05  0.37197E-05  0.00000E+00  0.00000E+00  0.00000E+00
  0.75256E-03  0.18346E-02  0.40771E-02  0.88031E-02  0.18469E-01  0.37772E-01
  0.74766E-01  0.15540E+00  0.31970E+00  0.62811E+00  0.12523E+01  0.24493E+01
  0.45213E+01  0.84776E+01  0.15516E+02  0.27896E+02  0.48282E+02  0.82075E+02
  0.13302E+03  0.21086E+03  0.36143E+03  0.57324E+03  0.90934E+03  0.14427E+04
  0.22890E+04  0.36326E+04  0.57647E+04  0.91494E+04  0.14521E+05  0.23047E+05
  0.00000E+00  0.00000E+00  0.00000E+00  0.00000E+00  0.00000E+00  0.00000E+00
  0.32917E-07  0.10297E-05  0.40806E-05  0.48977E-05  0.00000E+00  0.00000E+00
  0.00000E+00  0.97551E-03  0.23512E-02  0.51700E-02  0.11056E-01  0.23002E-01
  0.46716E-01  0.91942E-01  0.19017E+00  0.38983E+00  0.76333E+00  0.15180E+01
  0.29629E+01  0.54603E+01  0.10225E+02  0.18694E+02  0.33580E+02  0.58081E+02
  0.98677E+02  0.15985E+03  0.25331E+03  0.43408E+03  0.68830E+03  0.10917E+04
  0.17317E+04  0.27473E+04  0.43595E+04  0.69178E+04  0.10979E+05  0.17423E+05
  0.27653E+05  0.00000E+00  0.00000E+00  0.00000E+00  0.00000E+00  0.00000E+00
  0.00000E+00  0.28594E-07  0.77226E-06  0.45490E-05  0.60690E-05  0.00000E+00
  0.00000E+00  0.00000E+00  0.12425E-02  0.29627E-02  0.64387E-02  0.13622E-01
  0.28076E-01  0.56553E-01  0.11052E+00  0.22733E+00  0.46372E+00  0.90472E+00
  0.17936E+01  0.34919E+01  0.64220E+01  0.12006E+02  0.21921E+02  0.39337E+02
  0.67979E+02  0.11542E+03  0.18686E+03  0.29599E+03  0.50704E+03  0.80376E+03
  0.12745E+04  0.20214E+04  0.32064E+04  0.50874E+04  0.80722E+04  0.12810E+05
  0.20328E+05  0.32262E+05  0.00000E+00  0.00000E+00  0.00000E+00  0.00000E+00
  0.00000E+00  0.00000E+00  0.24434E-06  0.73830E-06  0.32976E-05  0.65772E-05
  0.00000E+00  0.00000E+00  0.00000E+00  0.15616E-02  0.36924E-02  0.79314E-02
  0.16594E-01  0.33848E-01  0.67533E-01  0.13092E+00  0.26749E+00  0.54274E+00
  0.10538E+01  0.20813E+01  0.40396E+01  0.74105E+01  0.13826E+02  0.25204E+02
  0.45169E+02  0.77975E+02  0.13227E+03  0.21401E+03  0.33880E+03  0.58014E+03
  0.91931E+03  0.14573E+04  0.23109E+04  0.36649E+04  0.58140E+04  0.92240E+04
  0.14637E+05  0.23225E+05  0.36857E+05  0.00000E+00  0.00000E+00  0.00000E+00
  0.00000E+00  0.00000E+00  0.00000E+00  0.87102E-06  0.56884E-05  0.30426E-05
  0.47021E-05  0.00000E+00  0.00000E+00  0.00000E+00  0.19347E-02  0.45630E-02
  0.97083E-02  0.20089E-01  0.40523E-01  0.80033E-01  0.15372E+00  0.31171E+00
  0.62828E+00  0.12131E+01  0.23853E+01  0.46125E+01  0.84354E+01  0.15700E+02
  0.28563E+02  0.51106E+02  0.88110E+02  0.14931E+03  0.24137E+03  0.38183E+03
  0.65351E+03  0.10351E+04  0.16403E+04  0.26003E+04  0.41230E+04  0.65395E+04
  0.10374E+05  0.16459E+05  0.26114E+05  0.41440E+05  0.00000E+00  0.00000E+00
  0.00000E+00  0.00000E+00  0.00000E+00  0.00000E+00  0.26330E-05  0.20270E-04
  0.24149E-04  0.46938E-05  0.00000E+00  0.00000E+00  0.00000E+00  0.23294E-02
  0.55620E-02  0.11788E-01  0.24188E-01  0.48296E-01  0.94368E-01  0.17945E+00
  0.36086E+00  0.72217E+00  0.13853E+01  0.27096E+01  0.52168E+01  0.95053E+01
  0.17639E+02  0.32014E+02  0.57171E+02  0.98410E+02  0.16655E+03  0.26894E+03
  0.42508E+03  0.72710E+03  0.11510E+04  0.18232E+04  0.28891E+04  0.45797E+04
  0.72623E+04  0.11518E+05  0.18272E+05  0.28988E+05  0.45996E+05  0.00000E+00
  0.00000E+00  0.00000E+00  0.00000E+00  0.00000E+00  0.00000E+00  0.70729E-05
  0.57461E-04  0.79973E-04  0.31965E-04  0.00000E+00  0.00000E+00  0.00000E+00
  0.26836E-02  0.66614E-02  0.14202E-01  0.29031E-01  0.57462E-01  0.11113E+00
  0.20906E+00  0.41667E+00  0.82696E+00  0.15747E+01  0.30613E+01  0.58636E+01
  0.10636E+02  0.19668E+02  0.35593E+02  0.63412E+02  0.10894E+03  0.18408E+03
  0.29685E+03  0.46866E+03  0.80106E+03  0.12672E+04  0.20061E+04  0.31776E+04
  0.50351E+04  0.79822E+04  0.12657E+05  0.20075E+05  0.31844E+05  0.50522E+05
  0.00000E+00  0.00000E+00  0.00000E+00  0.00000E+00  0.00000E+00  0.00000E+00
  0.17728E-04  0.14685E-03  0.21573E-03  0.10065E-03  0.00000E+00  0.00000E+00
  0.00000E+00  0.28280E-02  0.77282E-02  0.16890E-01  0.34696E-01  0.68336E-01
  0.13092E+00  0.24365E+00  0.48104E+00  0.94628E+00  0.17863E+01  0.34482E+01
  0.65646E+01  0.11844E+02  0.21808E+02  0.39327E+02  0.69864E+02  0.11973E+03
  0.20192E+03  0.32508E+03  0.51252E+03  0.87525E+03  0.13833E+04  0.21884E+04
  0.34644E+04  0.54871E+04  0.86956E+04  0.13784E+05  0.21859E+05  0.34667E+05
  0.54992E+05  0.00000E+00  0.00000E+00  0.00000E+00  0.00000E+00  0.00000E+00
  0.00000E+00  0.45755E-04  0.38269E-03  0.57731E-03  0.28801E-03  0.00000E+00
  0.00000E+00  0.00000E+00  0.19844E-02  0.79049E-02  0.18924E-01  0.40236E-01
  0.79953E-01  0.15284E+00  0.28226E+00  0.55337E+00  0.10797E+01  0.20202E+01
  0.38714E+01  0.73221E+01  0.13131E+02  0.24061E+02  0.43214E+02  0.76512E+02
  0.13075E+03  0.21999E+03  0.35344E+03  0.55626E+03  0.94897E+03  0.14982E+04
  0.23680E+04  0.37460E+04  0.59298E+04  0.93931E+04  0.14885E+05  0.23597E+05
  0.37415E+05  0.59341E+05  0.00000E+00  0.00000E+00  0.00000E+00  0.00000E+00
  0.19206E-03  0.11283E-02  0.21115E-02  0.30614E-02  0.38819E-02  0.44619E-02
  0.45953E-02  0.38345E-02  0.00000E+00  0.00000E+00  0.52335E-02  0.17474E-01
  0.41287E-01  0.85048E-01  0.16407E+00  0.30265E+00  0.59185E+00  0.11456E+01
  0.21171E+01  0.40280E+01  0.75658E+01  0.13476E+02  0.24561E+02  0.43907E+02
  0.77436E+02  0.13188E+03  0.22127E+03  0.35459E+03  0.55686E+03  0.94889E+03
  0.14960E+04  0.23619E+04  0.37330E+04  0.59051E+04  0.93486E+04  0.14808E+05
  0.23466E+05  0.37197E+05  0.58983E+05  0.00000E+00  0.58458E-04  0.11845E-03
  0.18050E-03  0.21491E-02  0.43319E-02  0.64908E-02  0.84988E-02  0.10183E-01
  0.11487E-01  0.12237E-01  0.12241E-01  0.10998E-01  0.00000E+00  0.13730E-02
  0.12429E-01  0.39226E-01  0.88140E-01  0.17516E+00  0.32527E+00  0.63617E+00
  0.12261E+01  0.22375E+01  0.42243E+01  0.78730E+01  0.13912E+02  0.25194E+02
  0.44785E+02  0.78610E+02  0.13332E+03  0.22292E+03  0.35610E+03  0.55771E+03
  0.94894E+03  0.14934E+04  0.23546E+04  0.37173E+04  0.58751E+04  0.92945E+04
  0.14714E+05  0.23307E+05  0.36932E+05  0.58545E+05  0.00000E+00  0.62124E-03
  0.12555E-02  0.19074E-02  0.60389E-02  0.10398E-01  0.14541E-01  0.18232E-01
  0.21274E-01  0.23620E-01  0.25122E-01  0.25608E-01  0.24755E-01  0.20366E-01
  0.00000E+00  0.42254E-02  0.35756E-01  0.92277E-01  0.19069E+00  0.35710E+00
  0.69939E+00  0.13394E+01  0.24122E+01  0.45075E+01  0.83148E+01  0.14543E+02
  0.26115E+02  0.46081E+02  0.80381E+02  0.13559E+03  0.22569E+03  0.35910E+03
  0.56051E+03  0.95174E+03  0.14946E+04  0.23523E+04  0.37085E+04  0.58546E+04
  0.92540E+04  0.14639E+05  0.23176E+05  0.36708E+05  0.58169E+05  0.00000E+00
  0.21867E-02  0.44102E-02  0.66822E-02  0.14403E-01  0.22059E-01  0.29024E-01
  0.35006E-01  0.39717E-01  0.43215E-01  0.45381E-01  0.46136E-01  0.45108E-01
  0.39521E-01  0.26478E-01  0.43718E-02  0.34818E-01  0.10240E+00  0.21879E+00
  0.41059E+00  0.79985E+00  0.15103E+01  0.26777E+01  0.49308E+01  0.89685E+01
  0.15479E+02  0.27483E+02  0.48024E+02  0.83079E+02  0.13916E+03  0.23027E+03
  0.36455E+03  0.56665E+03  0.95936E+03  0.15025E+04  0.23595E+04  0.37135E+04
  0.58543E+04  0.92432E+04  0.14609E+05  0.23112E+05  0.36586E+05  0.57950E+05
  0.00000E+00  0.63423E-02  0.12767E-01  0.19296E-01  0.33154E-01  0.46243E-01
  0.57592E-01  0.66818E-01  0.73792E-01  0.79003E-01  0.81988E-01  0.82791E-01
  0.81192E-01  0.73269E-01  0.55546E-01  0.27322E-01  0.21294E-01  0.12137E+00
  0.25200E+00  0.47691E+00  0.92873E+00  0.17386E+01  0.30273E+01  0.54875E+01
  0.98255E+01  0.16701E+02  0.29265E+02  0.50546E+02  0.86574E+02  0.14377E+03
  0.23621E+03  0.37165E+03  0.57472E+03  0.96949E+03  0.15132E+04  0.23700E+04
  0.37218E+04  0.58571E+04  0.92347E+04  0.14580E+05  0.23045E+05  0.36454E+05
  0.57708E+05  0.00000E+00  0.15943E-01  0.32063E-01  0.48381E-01  0.72639E-01
  0.94312E-01  0.11212E+00  0.12623E+00  0.13662E+00  0.14386E+00  0.14770E+00
  0.14878E+00  0.14613E+00  0.13421E+00  0.10887E+00  0.70170E-01  0.24591E-02
  0.10579E+00  0.10567E+01  0.56131E+00  0.10975E+01  0.20354E+01  0.34891E+01
  0.62228E+01  0.10954E+02  0.18303E+02  0.31591E+02  0.53828E+02  0.91110E+02
  0.14975E+03  0.24391E+03  0.38089E+03  0.58528E+03  0.98285E+03  0.15277E+04
  0.23845E+04  0.37345E+04  0.58644E+04  0.92300E+04  0.14552E+05  0.22975E+05
  0.36311E+05  0.57442E+05  0.00000E+00  0.36428E-01  0.73149E-01  0.11022E+00
  0.15121E+00  0.18656E+00  0.21448E+00  0.23611E+00  0.25135E+00  0.26172E+00
  0.26660E+00  0.26742E+00  0.26283E+00  0.24492E+00  0.20790E+00  0.15316E+00
  0.59981E-01  0.86890E-01  0.31123E+00  0.54250E+00  0.13212E+01  0.24258E+01
  0.41006E+01  0.71984E+01  0.12448E+02  0.20413E+02  0.34641E+02  0.58112E+02
  0.97012E+02  0.15752E+03  0.25388E+03  0.39288E+03  0.59906E+03  0.10004E+04
  0.15469E+04  0.24045E+04  0.37531E+04  0.58776E+04  0.92307E+04  0.14527E+05
  0.22905E+05  0.36160E+05  0.57152E+05  0.00000E+00  0.79067E-01  0.15868E+00
  0.23887E+00  0.30782E+00  0.36420E+00  0.40805E+00  0.43993E+00  0.46130E+00
  0.47633E+00  0.48265E+00  0.48220E+00  0.47406E+00  0.44584E+00  0.39080E+00
  0.31165E+00  0.18047E+00  0.20135E-01  0.31928E+00  0.74814E+00  0.15125E+01
  0.29721E+01  0.49111E+01  0.84985E+01  0.14436E+02  0.23209E+02  0.38661E+02
  0.63731E+02  0.10472E+03  0.16762E+03  0.26684E+03  0.40844E+03  0.61700E+03
  0.10233E+04  0.15724E+04  0.24315E+04  0.37794E+04  0.58988E+04  0.92389E+04
  0.14509E+05  0.22835E+05  0.36000E+05  0.56836E+05  0.00000E+00  0.21352E+00
  0.42802E+00  0.64404E+00  0.78801E+00  0.89785E+00  0.98047E+00  0.10377E+01
  0.10768E+01  0.11023E+01  0.11171E+01  0.11205E+01  0.11144E+01  0.10806E+01
  0.10081E+01  0.90708E+00  0.73769E+00  0.48245E+00  0.11004E+00  0.41043E+00
  0.14097E+01  0.31945E+01  0.53048E+01  0.94000E+01  0.16039E+02  0.25556E+02
  0.42156E+02  0.68632E+02  0.11132E+03  0.17580E+03  0.27644E+03  0.41796E+03
  0.62436E+03  0.10291E+04  0.15691E+04  0.24111E+04  0.37284E+04  0.57950E+04
  0.90457E+04  0.14167E+05  0.22249E+05  0.35014E+05  0.55202E+05  0.00000E+00
  0.90502E+00  0.18141E+01  0.27279E+01  0.27360E+01  0.27456E+01  0.27569E+01
  0.27696E+01  0.27827E+01  0.27951E+01  0.28024E+01  0.28044E+01  0.27986E+01
  0.27584E+01  0.26697E+01  0.25490E+01  0.23448E+01  0.20379E+01  0.15969E+01
  0.99932E+00  0.18656E+00  0.20838E+01  0.46324E+01  0.92477E+01  0.16590E+02
  0.26751E+02  0.44381E+02  0.72003E+02  0.11590E+03  0.18097E+03  0.28128E+03
  0.41953E+03  0.61845E+03  0.10141E+04  0.15319E+04  0.23359E+04  0.35893E+04
  0.55501E+04  0.86273E+04  0.13466E+05  0.21091E+05  0.33119E+05  0.52124E+05
  0.00000E+00  0.17251E+01  0.34565E+01  0.51947E+01  0.52068E+01  0.52213E+01
  0.52379E+01  0.52567E+01  0.52758E+01  0.52932E+01  0.53025E+01  0.53031E+01
  0.52917E+01  0.52275E+01  0.50905E+01  0.49090E+01  0.46091E+01  0.41702E+01
  0.35581E+01  0.27585E+01  0.11848E+01  0.12649E+01  0.44169E+01  0.10044E+02
  0.18747E+02  0.30318E+02  0.50114E+02  0.80394E+02  0.12756E+03  0.19591E+03
  0.29965E+03  0.43954E+03  0.63799E+03  0.10364E+04  0.15482E+04  0.23388E+04
  0.35661E+04  0.54794E+04  0.84736E+04  0.13171E+05  0.20559E+05  0.32197E+05
  0.50562E+05  0.00000E+00  0.32897E+01  0.65890E+01  0.98985E+01  0.99166E+01
  0.99381E+01  0.99628E+01  0.99904E+01  0.10018E+02  0.10042E+02  0.10053E+02
  0.10050E+02  0.10028E+02  0.99242E+01  0.97097E+01  0.94315E+01  0.89819E+01
  0.83395E+01  0.74679E+01  0.63683E+01  0.42240E+01  0.97596E+00  0.30222E+01
  0.10057E+02  0.20617E+02  0.34045E+02  0.56681E+02  0.90379E+02  0.14170E+03
  0.21408E+03  0.32194E+03  0.46354E+03  0.66093E+03  0.10626E+04  0.15664E+04
  0.23400E+04  0.35349E+04  0.53897E+04  0.82822E+04  0.12807E+05  0.19908E+05
  0.31072E+05  0.48663E+05  0.00000E+00  0.62757E+01  0.12566E+02  0.18872E+02
  0.18899E+02  0.18931E+02  0.18967E+02  0.19008E+02  0.19047E+02  0.19081E+02
  0.19093E+02  0.19082E+02  0.19039E+02  0.18870E+02  0.18530E+02  0.18097E+02
  0.17411E+02  0.16451E+02  0.15181E+02  0.13628E+02  0.10632E+02  0.62117E+01
  0.10061E+01  0.80204E+01  0.21152E+02  0.37051E+02  0.63447E+02  0.10157E+03
  0.15815E+03  0.23546E+03  0.34819E+03  0.49133E+03  0.68655E+03  0.10918E+04
  0.15847E+04  0.23362E+04  0.34898E+04  0.52716E+04  0.80385E+04  0.12352E+05
  0.19101E+05  0.29689E+05  0.46340E+05  0.00000E+00  0.11973E+02  0.23970E+02
  0.35988E+02  0.36028E+02  0.36075E+02  0.36129E+02  0.36189E+02  0.36245E+02
  0.36291E+02  0.36301E+02  0.36273E+02  0.36195E+02  0.35915E+02  0.35372E+02
  0.34690E+02  0.33628E+02  0.32170E+02  0.30280E+02  0.28034E+02  0.23748E+02
  0.17581E+02  0.10622E+02  0.12657E+01  0.18015E+02  0.37250E+02  0.68684E+02
  0.11257E+03  0.17584E+03  0.25910E+03  0.37747E+03  0.52149E+03  0.71257E+03
  0.11214E+04  0.15989E+04  0.23209E+04  0.34213E+04  0.51106E+04  0.77205E+04
  0.11772E+05  0.18090E+05  0.27972E+05  0.43479E+05  0.00000E+00  0.22848E+02
  0.45732E+02  0.68647E+02  0.68708E+02  0.68778E+02  0.68858E+02  0.68944E+02
  0.69024E+02  0.69086E+02  0.69088E+02  0.69027E+02  0.68884E+02  0.68424E+02
  0.67551E+02  0.66466E+02  0.64804E+02  0.62555E+02  0.59693E+02  0.56373E+02
  0.50110E+02  0.41303E+02  0.31756E+02  0.15689E+02  0.62360E+01  0.30042E+02
  0.68324E+02  0.11980E+03  0.19163E+03  0.28199E+03  0.40664E+03  0.55010E+03
  0.73366E+03  0.11453E+04  0.16004E+04  0.22818E+04  0.33120E+04  0.48823E+04
  0.72936E+04  0.11018E+05  0.16801E+05  0.25815E+05  0.39919E+05  0.00000E+00
  0.43608E+02  0.87272E+02  0.13098E+03  0.13107E+03  0.13117E+03  0.13129E+03
  0.13142E+03  0.13153E+03  0.13161E+03  0.13159E+03  0.13147E+03  0.13121E+03
  0.13045E+03  0.12904E+03  0.12731E+03  0.12468E+03  0.12117E+03  0.11678E+03
  0.11177E+03  0.10245E+03  0.89601E+02  0.76173E+02  0.53905E+02  0.24451E+02
  0.57351E+01  0.53475E+02  0.11508E+03  0.19793E+03  0.29666E+03  0.42797E+03
  0.56806E+03  0.73841E+03  0.11507E+04  0.15724E+04  0.21971E+04  0.31327E+04
  0.45469E+04  0.67031E+04  0.10013E+05  0.15127E+05  0.23064E+05  0.35441E+05
  0.00000E+00  0.83246E+02  0.16658E+03  0.24998E+03  0.25011E+03  0.25027E+03
  0.25044E+03  0.25062E+03  0.25078E+03  0.25088E+03  0.25082E+03  0.25058E+03
  0.25013E+03  0.24888E+03  0.24659E+03  0.24380E+03  0.23962E+03  0.23410E+03
  0.22726E+03  0.21959E+03  0.20548E+03  0.18640E+03  0.16706E+03  0.13545E+03
  0.94870E+02  0.55606E+02  0.54331E+01  0.80774E+02  0.17798E+03  0.28642E+03
  0.42421E+03  0.55587E+03  0.70368E+03  0.11122E+04  0.14833E+04  0.20268E+04
  0.28321E+04  0.40379E+04  0.58612E+04  0.86403E+04  0.12908E+05  0.19498E+05
  0.29730E+05  0.00000E+00  0.15891E+03  0.31797E+03  0.47711E+03  0.47731E+03
  0.47753E+03  0.47779E+03  0.47805E+03  0.47827E+03  0.47838E+03  0.47823E+03
  0.47780E+03  0.47701E+03  0.47494E+03  0.47124E+03  0.46673E+03  0.46005E+03
  0.45130E+03  0.44055E+03  0.42865E+03  0.40702E+03  0.37820E+03  0.34977E+03
  0.30394E+03  0.24666E+03  0.19423E+03  0.11415E+03  0.19857E+02  0.96289E+02
  0.21579E+03  0.35883E+03  0.47340E+03  0.58356E+03  0.97995E+03  0.12738E+04
  0.16988E+04  0.23213E+04  0.32435E+04  0.46248E+04  0.67128E+04  0.98961E+04
  0.14782E+05  0.22331E+05  0.00000E+00  0.30339E+03  0.60702E+03  0.91075E+03
  0.91105E+03  0.91139E+03  0.91175E+03  0.91213E+03  0.91242E+03  0.91255E+03
  0.91223E+03  0.91146E+03  0.91009E+03  0.90668E+03  0.90067E+03  0.89336E+03
  0.88265E+03  0.86869E+03  0.85169E+03  0.83303E+03  0.79949E+03  0.75539E+03
  0.71279E+03  0.64502E+03  0.56235E+03  0.49046E+03  0.38259E+03  0.26159E+03
  0.11997E+03  0.11877E+02  0.15723E+03  0.24030E+03  0.28860E+03  0.65824E+03
  0.83327E+03  0.10832E+04  0.14446E+04  0.19738E+04  0.27581E+04  0.39325E+04
  0.57082E+04  0.84145E+04  0.12570E+05  0.00000E+00  0.57925E+03  0.11589E+04
  0.17386E+04  0.17391E+04  0.17396E+04  0.17401E+04  0.17406E+04  0.17410E+04
  0.17411E+04  0.17405E+04  0.17391E+04  0.17368E+04  0.17312E+04  0.17214E+04
  0.17096E+04  0.16924E+04  0.16700E+04  0.16430E+04  0.16135E+04  0.15610E+04
  0.14928E+04  0.14279E+04  0.13260E+04  0.12043E+04  0.11031E+04  0.95397E+03
  0.79456E+03  0.61794E+03  0.47268E+03  0.33075E+03  0.30266E+03  0.35460E+03
  0.36359E+02  0.44820E+02  0.56738E+02  0.73753E+02  0.98358E+02  0.13440E+03
  0.18780E+03  0.26778E+03  0.38866E+03  0.57295E+03  0.00000E+00  0.11060E+04
  0.22126E+04  0.33193E+04  0.33200E+04  0.33207E+04  0.33215E+04  0.33222E+04
  0.33227E+04  0.33228E+04  0.33216E+04  0.33192E+04  0.33152E+04  0.33060E+04
  0.32901E+04  0.32709E+04  0.32432E+04  0.32073E+04  0.31641E+04  0.31171E+04
  0.30346E+04  0.29280E+04  0.28280E+04  0.26726E+04  0.24901E+04  0.23442E+04
  0.21326E+04  0.19167E+04  0.16908E+04  0.15313E+04  0.14029E+04  0.14674E+04
  0.16799E+04  0.14534E+04  0.17455E+04  0.21517E+04  0.27238E+04  0.35405E+04
  0.47220E+04  0.64522E+04  0.90161E+04  0.12855E+05  0.18658E+05  0.00000E+00
  0.21118E+04  0.42247E+04  0.63377E+04  0.63386E+04  0.63397E+04  0.63408E+04
  0.63419E+04  0.63425E+04  0.63423E+04  0.63402E+04  0.63360E+04  0.63293E+04
  0.63141E+04  0.62884E+04  0.62573E+04  0.62125E+04  0.61550E+04  0.60857E+04
  0.60106E+04  0.58798E+04  0.57123E+04  0.55564E+04  0.53166E+04  0.50390E+04
  0.48236E+04  0.45165E+04  0.42159E+04  0.39188E+04  0.37444E+04  0.36465E+04
  0.38631E+04  0.43308E+04  0.42606E+04  0.49916E+04  0.59950E+04  0.73900E+04
  0.93549E+04  0.12161E+05  0.16218E+05  0.22161E+05  0.30965E+05  0.44150E+05
  0.00000E+00  0.40323E+04  0.80666E+04  0.12101E+05  0.12102E+05  0.12104E+05
  0.12105E+05  0.12107E+05  0.12107E+05  0.12107E+05  0.12103E+05  0.12096E+05
  0.12085E+05  0.12060E+05  0.12018E+05  0.11968E+05  0.11895E+05  0.11803E+05
  0.11691E+05  0.11571E+05  0.11363E+05  0.11098E+05  0.10853E+05  0.10480E+05
  0.10052E+05  0.97278E+04  0.92723E+04  0.88425E+04  0.84397E+04  0.82500E+04
  0.82095E+04  0.86715E+04  0.95415E+04  0.97295E+04  0.11139E+05  0.13050E+05
  0.15674E+05  0.19320E+05  0.24459E+05  0.31793E+05  0.42403E+05  0.57938E+05
  0.80957E+05  0.00000E+00  0.77001E+04  0.15404E+05  0.23106E+05  0.23108E+05
  0.23110E+05  0.23113E+05  0.23115E+05  0.23116E+05  0.23114E+05  0.23107E+05
  0.23095E+05  0.23076E+05  0.23036E+05  0.22968E+05  0.22886E+05  0.22770E+05
  0.22621E+05  0.22442E+05  0.22248E+05  0.21917E+05  0.21496E+05  0.21108E+05
  0.20522E+05  0.19856E+05  0.19360E+05  0.18671E+05  0.18041E+05  0.17478E+05
  0.17271E+05  0.17330E+05  0.18182E+05  0.19682E+05  0.20287E+05  0.22743E+05
  0.26038E+05  0.30505E+05  0.36637E+05  0.45163E+05  0.57173E+05  0.74319E+05
  0.99115E+05  0.13543E+06  0.00000E+00  0.14704E+05  0.29413E+05  0.44121E+05
  0.44124E+05  0.44127E+05  0.44130E+05  0.44133E+05  0.44134E+05  0.44131E+05
  0.44119E+05  0.44099E+05  0.44067E+05  0.44001E+05  0.43891E+05  0.43759E+05
  0.43571E+05  0.43330E+05  0.43042E+05  0.42731E+05  0.42201E+05  0.41531E+05
  0.40914E+05  0.39988E+05  0.38944E+05  0.38173E+05  0.37117E+05  0.36171E+05
  0.35358E+05  0.35129E+05  0.35351E+05  0.36818E+05  0.39300E+05  0.40566E+05
  0.44636E+05  0.50040E+05  0.57288E+05  0.67117E+05  0.80611E+05  0.99369E+05
  0.12580E+06  0.16351E+06  0.21807E+06  0.00000E+00  0.28079E+05  0.56168E+05
  0.84253E+05  0.84257E+05  0.84262E+05  0.84266E+05  0.84270E+05  0.84270E+05
  0.84264E+05  0.84244E+05  0.84210E+05  0.84157E+05  0.84049E+05  0.83872E+05
  0.83658E+05  0.83354E+05  0.82967E+05  0.82503E+05  0.82001E+05  0.81153E+05
  0.80084E+05  0.79099E+05  0.77629E+05  0.75981E+05  0.74770E+05  0.73127E+05
  0.71681E+05  0.70473E+05  0.70210E+05  0.70689E+05  0.73115E+05  0.77120E+05
  0.79421E+05  0.85973E+05  0.94597E+05  0.10605E+06  0.12141E+06  0.14224E+06
  0.17084E+06  0.21059E+06  0.26659E+06  0.34653E+06  0.00000E+00  0.53617E+05
  0.10725E+06  0.16088E+06  0.16089E+06  0.16089E+06  0.16090E+06  0.16090E+06
  0.16090E+06  0.16089E+06  0.16086E+06  0.16080E+06  0.16071E+06  0.16054E+06
  0.16025E+06  0.15990E+06  0.15941E+06  0.15879E+06  0.15804E+06  0.15723E+06
  0.15588E+06  0.15417E+06  0.15259E+06  0.15025E+06  0.14764E+06  0.14572E+06
  0.14314E+06  0.14089E+06  0.13905E+06  0.13872E+06  0.13960E+06  0.14351E+06
  0.14987E+06  0.15377E+06  0.16414E+06  0.17768E+06  0.19550E+06  0.21917E+06
  0.25092E+06  0.29397E+06  0.35307E+06  0.43522E+06  0.55095E+06  0.00000E+00
  0.10239E+06  0.20481E+06  0.30721E+06  0.30722E+06  0.30723E+06  0.30724E+06
  0.30724E+06  0.30724E+06  0.30722E+06  0.30716E+06  0.30707E+06  0.30692E+06
  0.30664E+06  0.30618E+06  0.30561E+06  0.30483E+06  0.30382E+06  0.30262E+06
  0.30131E+06  0.29913E+06  0.29640E+06  0.29387E+06  0.29014E+06  0.28597E+06
  0.28291E+06  0.27883E+06  0.27529E+06  0.27243E+06  0.27197E+06  0.27343E+06
  0.27964E+06  0.28963E+06  0.29598E+06  0.31219E+06  0.33324E+06  0.36073E+06
  0.39691E+06  0.44497E+06  0.50942E+06  0.59684E+06  0.71681E+06  0.88361E+06
  0.00000E+00  0.19552E+06  0.39112E+06  0.58666E+06  0.58667E+06  0.58669E+06
  0.58670E+06  0.58670E+06  0.58669E+06  0.58666E+06  0.58656E+06  0.58640E+06
  0.58617E+06  0.58571E+06  0.58496E+06  0.58405E+06  0.58278E+06  0.58117E+06
  0.57923E+06  0.57712E+06  0.57363E+06  0.56925E+06  0.56519E+06  0.55922E+06
  0.55257E+06  0.54767E+06  0.54116E+06  0.53554E+06  0.53101E+06  0.53029E+06
  0.53261E+06  0.54232E+06  0.55789E+06  0.56797E+06  0.59314E+06  0.62563E+06
  0.66781E+06  0.72289E+06  0.79542E+06  0.89172E+06  0.10209E+07  0.11961E+07
  0.14365E+07
