  0.00000E+00  0.00000E+00  0.00000E+00  0.00000E+00  0.00000E+00  0.00000E+00
  0.00000E+00  0.00000E+00  0.00000E+00  0.00000E+00  0.00000E+00  0.00000E+00
  0.00000E+00  0.00000E+00  0.00000E+00  0.00000E+00  0.00000E+00  0.00000E+00
  0.00000E+00  0.00000E+00  0.00000E+00  0.00000E+00  0.00000E+00  0.00000E+00
  0.00000E+00  0.00000E+00  0.00000E+00  0.00000E+00  0.00000E+00  0.00000E+00
  0.00000E+00  0.00000E+00  0.00000E+00  0.00000E+00  0.00000E+00  0.00000E+00
  0.00000E+00  0.00000E+00  0.00000E+00  0.00000E+00  0.00000E+00  0.00000E+00
  0.00000E+00  0.00000E+00  0.29304E-10  0.44719E-09  0.25785E-08  0.15770E-07
  0.59482E-07  0.18426E-06  0.51140E-06  0.13604E-05  0.34755E-05  0.87940E-05
  0.21120E-04  0.48022E-04  0.00000E+00  0.26588E-03  0.63809E-03  0.14383E-02
  0.31025E-02  0.64803E-02  0.13052E-01  0.27505E-01  0.57124E-01  0.11258E+00
  0.22609E+00  0.44476E+00  0.82484E+00  0.15523E+01  0.28495E+01  0.51351E+01
  0.89044E+01  0.15159E+02  0.24597E+02  0.39030E+02  0.66950E+02  0.10625E+03
  0.16862E+03  0.26763E+03  0.42476E+03  0.67423E+03  0.10702E+04  0.16988E+04
  0.26964E+04  0.42800E+04  0.00000E+00  0.65118E-09  0.31003E-09  0.35483E-08
  0.29781E-07  0.12208E-06  0.38923E-06  0.10884E-05  0.28933E-05  0.73492E-05
  0.18467E-04  0.44025E-04  0.99456E-04  0.00000E+00  0.54430E-03  0.13003E-02
  0.29210E-02  0.62820E-02  0.13085E-01  0.26308E-01  0.55356E-01  0.11484E+00
  0.22613E+00  0.45374E+00  0.89201E+00  0.16534E+01  0.31104E+01  0.57077E+01
  0.10283E+02  0.17828E+02  0.30345E+02  0.49232E+02  0.78111E+02  0.13398E+03
  0.21260E+03  0.33740E+03  0.53547E+03  0.84983E+03  0.13489E+04  0.21410E+04
  0.33985E+04  0.53943E+04  0.85624E+04  0.00000E+00  0.32626E-08  0.53656E-08
  0.22150E-08  0.30170E-07  0.16880E-06  0.59108E-06  0.17102E-05  0.45973E-05
  0.11687E-04  0.29247E-04  0.69279E-04  0.15531E-03  0.00000E+00  0.83986E-03
  0.19960E-02  0.44643E-02  0.95642E-02  0.19877E-01  0.39855E-01  0.83682E-01
  0.17329E+00  0.34079E+00  0.68313E+00  0.13419E+01  0.24857E+01  0.46737E+01
  0.85728E+01  0.15440E+02  0.26761E+02  0.45541E+02  0.73873E+02  0.11719E+03
  0.20098E+03  0.31890E+03  0.50607E+03  0.80312E+03  0.12745E+04  0.20230E+04
  0.32109E+04  0.50966E+04  0.80894E+04  0.12840E+05  0.00000E+00  0.11204E-07
  0.21976E-07  0.26505E-07  0.10044E-07  0.15637E-06  0.73391E-06  0.23184E-05
  0.64449E-05  0.16550E-04  0.41432E-04  0.97547E-04  0.21713E-03  0.00000E+00
  0.11592E-02  0.27381E-02  0.60905E-02  0.12994E-01  0.26899E-01  0.53787E-01
  0.11265E+00  0.23289E+00  0.45712E+00  0.91518E+00  0.17959E+01  0.33241E+01
  0.62459E+01  0.11451E+02  0.20615E+02  0.35719E+02  0.60770E+02  0.98555E+02
  0.15632E+03  0.26806E+03  0.42528E+03  0.67482E+03  0.10709E+04  0.16993E+04
  0.26971E+04  0.42807E+04  0.67946E+04  0.10784E+05  0.17117E+05  0.00000E+00
  0.33941E-07  0.70598E-07  0.10278E-06  0.16904E-06  0.45743E-07  0.63373E-06
  0.26844E-05  0.81964E-05  0.21751E-04  0.55029E-04  0.12943E-03  0.28634E-03
  0.00000E+00  0.15087E-02  0.35394E-02  0.78267E-02  0.16611E-01  0.34240E-01
  0.68211E-01  0.14249E+00  0.29384E+00  0.57568E+00  0.11508E+01  0.22555E+01
  0.41705E+01  0.78302E+01  0.14346E+02  0.25815E+02  0.44709E+02  0.76041E+02
  0.12329E+03  0.19551E+03  0.33520E+03  0.53174E+03  0.84366E+03  0.13387E+04
  0.21242E+04  0.33712E+04  0.53503E+04  0.84921E+04  0.13478E+05  0.21393E+05
  0.00000E+00  0.96457E-07  0.20478E-06  0.31767E-06  0.64827E-06  0.77398E-06
  0.18986E-06  0.21884E-05  0.91222E-05  0.26550E-04  0.69505E-04  0.16486E-03
  0.36408E-03  0.00000E+00  0.18972E-02  0.44187E-02  0.97069E-02  0.20484E-01
  0.42001E-01  0.83327E-01  0.17345E+00  0.35666E+00  0.69734E+00  0.13914E+01
  0.27230E+01  0.50287E+01  0.94323E+01  0.17268E+02  0.31053E+02  0.53754E+02
  0.91387E+02  0.14812E+03  0.23482E+03  0.40253E+03  0.63843E+03  0.10128E+04
  0.16069E+04  0.25495E+04  0.40460E+04  0.64210E+04  0.10191E+05  0.16174E+05
  0.25671E+05  0.00000E+00  0.26664E-06  0.56832E-06  0.90206E-06  0.19811E-05
  0.29179E-05  0.30101E-05  0.83894E-06  0.71880E-05  0.28629E-04  0.82516E-04
  0.20181E-03  0.44914E-03  0.00000E+00  0.23323E-02  0.53942E-02  0.11769E-01
  0.24671E-01  0.50310E-01  0.99285E-01  0.20588E+00  0.42200E+00  0.82261E+00
  0.16377E+01  0.31992E+01  0.58992E+01  0.11052E+02  0.20214E+02  0.36323E+02
  0.62838E+02  0.10678E+03  0.17299E+03  0.27415E+03  0.46985E+03  0.74504E+03
  0.11817E+04  0.18746E+04  0.29740E+04  0.47193E+04  0.74889E+04  0.11885E+05
  0.18862E+05  0.29937E+05  0.00000E+00  0.73756E-06  0.15674E-05  0.25032E-05
  0.56544E-05  0.89425E-05  0.11360E-04  0.11061E-04  0.34178E-05  0.21059E-04
  0.86218E-04  0.23190E-03  0.53308E-03  0.00000E+00  0.28126E-02  0.64738E-02
  0.14038E-01  0.29241E-01  0.59254E-01  0.11630E+00  0.24009E+00  0.49024E+00
  0.95250E+00  0.18914E+01  0.36868E+01  0.67862E+01  0.12696E+02  0.23194E+02
  0.41639E+02  0.71979E+02  0.12223E+03  0.19793E+03  0.31354E+03  0.53721E+03
  0.85162E+03  0.13505E+04  0.21420E+04  0.33977E+04  0.53910E+04  0.85541E+04
  0.13575E+05  0.21542E+05  0.34189E+05  0.00000E+00  0.19616E-05  0.41422E-05
  0.65958E-05  0.14987E-04  0.24253E-04  0.32804E-04  0.38208E-04  0.34510E-04
  0.98581E-05  0.65514E-04  0.23918E-03  0.60038E-03  0.00000E+00  0.33352E-02
  0.76696E-02  0.16557E-01  0.34276E-01  0.69013E-01  0.13464E+00  0.27659E+00
  0.56241E+00  0.10885E+01  0.21550E+01  0.41900E+01  0.76955E+01  0.14373E+02
  0.26221E+02  0.47020E+02  0.81204E+02  0.13780E+03  0.22299E+03  0.35305E+03
  0.60469E+03  0.95827E+03  0.15192E+04  0.24090E+04  0.38207E+04  0.60613E+04
  0.96166E+04  0.15260E+05  0.24214E+05  0.38427E+05  0.00000E+00  0.52050E-05
  0.10911E-04  0.17265E-04  0.39172E-04  0.63732E-04  0.88156E-04  0.10911E-03
  0.11893E-03  0.10297E-03  0.24230E-04  0.17338E-03  0.59562E-03  0.00000E+00
  0.38436E-02  0.89251E-02  0.19281E-01  0.39766E-01  0.79613E-01  0.15437E+00
  0.31561E+00  0.63884E+00  0.12312E+01  0.24291E+01  0.47094E+01  0.86273E+01
  0.16081E+02  0.29289E+02  0.52453E+02  0.90486E+02  0.15341E+03  0.24805E+03
  0.39246E+03  0.67193E+03  0.10644E+04  0.16868E+04  0.26741E+04  0.42402E+04
  0.67257E+04  0.10669E+05  0.16928E+05  0.26860E+05  0.42623E+05  0.00000E+00
  0.13777E-04  0.28675E-04  0.45066E-04  0.10169E-03  0.16510E-03  0.22951E-03
  0.29011E-03  0.33700E-03  0.35232E-03  0.29047E-03  0.86578E-04  0.38453E-03
  0.00000E+00  0.41873E-02  0.10065E-01  0.22025E-01  0.45527E-01  0.90906E-01
  0.17538E+00  0.35714E+00  0.71989E+00  0.13809E+01  0.27149E+01  0.52470E+01
  0.95840E+01  0.17824E+02  0.32404E+02  0.57940E+02  0.99819E+02  0.16905E+03
  0.27306E+03  0.43167E+03  0.73875E+03  0.11696E+04  0.18528E+04  0.29362E+04
  0.46545E+04  0.73812E+04  0.11707E+05  0.18572E+05  0.29465E+05  0.46753E+05
  0.00000E+00  0.36605E-04  0.75677E-04  0.11810E-03  0.26478E-03  0.42741E-03
  0.59279E-03  0.75298E-03  0.89486E-03  0.99739E-03  0.10057E-02  0.84751E-03
  0.37402E-03  0.00000E+00  0.39541E-02  0.10587E-01  0.24218E-01  0.50910E-01
  0.10210E+00  0.19671E+00  0.40010E+00  0.80420E+00  0.15362E+01  0.30104E+01
  0.58001E+01  0.10560E+02  0.19593E+02  0.35546E+02  0.63450E+02  0.10914E+03
  0.18461E+03  0.29783E+03  0.47032E+03  0.80453E+03  0.12729E+04  0.20153E+04
  0.31924E+04  0.50589E+04  0.80203E+04  0.12718E+05  0.20173E+05  0.32000E+05
  0.50769E+05  0.00000E+00  0.94251E-04  0.19369E-03  0.30025E-03  0.66857E-03
  0.10715E-02  0.14769E-02  0.18693E-02  0.22306E-02  0.25373E-02  0.27251E-02
  0.27187E-02  0.23377E-02  0.00000E+00  0.24036E-02  0.96291E-02  0.24911E-01
  0.54893E-01  0.11214E+00  0.21719E+00  0.44345E+00  0.89104E+00  0.16965E+01
  0.33158E+01  0.63698E+01  0.11558E+02  0.21390E+02  0.38718E+02  0.68980E+02
  0.11844E+03  0.20004E+03  0.32224E+03  0.50818E+03  0.86891E+03  0.13735E+04
  0.21732E+04  0.34406E+04  0.54500E+04  0.86374E+04  0.13693E+05  0.21714E+05
  0.34439E+05  0.54632E+05  0.00000E+00  0.22052E-03  0.45091E-03  0.69477E-03
  0.15367E-02  0.24439E-02  0.33419E-02  0.41971E-02  0.49822E-02  0.56705E-02
  0.61873E-02  0.64586E-02  0.62577E-02  0.00000E+00  0.10771E-02  0.66744E-02
  0.23847E-01  0.57679E-01  0.12192E+00  0.23881E+00  0.49106E+00  0.98747E+00
  0.18728E+01  0.36491E+01  0.69848E+01  0.12620E+02  0.23280E+02  0.42017E+02
  0.74672E+02  0.12793E+03  0.21564E+03  0.34672E+03  0.54586E+03  0.93273E+03
  0.14729E+04  0.23283E+04  0.36838E+04  0.58319E+04  0.92388E+04  0.14641E+05
  0.23212E+05  0.36806E+05  0.58377E+05  0.00000E+00  0.72489E-03  0.14756E-02
  0.22619E-02  0.39983E-02  0.57268E-02  0.73534E-02  0.88237E-02  0.10142E-01
  0.11300E-01  0.12237E-01  0.12902E-01  0.13118E-01  0.11705E-01  0.00000E+00
  0.92204E-03  0.19368E-01  0.55859E-01  0.12447E+00  0.24779E+00  0.51297E+00
  0.10316E+01  0.19425E+01  0.37673E+01  0.71738E+01  0.12887E+02  0.23667E+02
  0.42546E+02  0.75356E+02  0.12871E+03  0.21640E+03  0.34712E+03  0.54534E+03
  0.93094E+03  0.14681E+04  0.23183E+04  0.36647E+04  0.57978E+04  0.91797E+04
  0.14541E+05  0.23046E+05  0.36533E+05  0.57931E+05  0.00000E+00  0.17840E-02
  0.36193E-02  0.55243E-02  0.89709E-02  0.12248E-01  0.15201E-01  0.17797E-01
  0.20049E-01  0.22030E-01  0.23671E-01  0.24971E-01  0.25779E-01  0.24643E-01
  0.19875E-01  0.00000E+00  0.91017E-02  0.48607E-01  0.12234E+00  0.25308E+00
  0.53486E+00  0.10812E+01  0.20238E+01  0.39093E+01  0.74042E+01  0.13215E+02
  0.24143E+02  0.43197E+02  0.76200E+02  0.12967E+03  0.21734E+03  0.34758E+03
  0.54464E+03  0.92865E+03  0.14620E+04  0.23056E+04  0.36407E+04  0.57550E+04
  0.91057E+04  0.14416E+05  0.22838E+05  0.36191E+05  0.57373E+05  0.00000E+00
  0.42826E-02  0.86630E-02  0.13177E-01  0.19498E-01  0.25326E-01  0.30303E-01
  0.34508E-01  0.38127E-01  0.41215E-01  0.43725E-01  0.45863E-01  0.47334E-01
  0.46420E-01  0.41115E-01  0.30393E-01  0.34493E-02  0.36478E-01  0.11775E+00
  0.25944E+00  0.56578E+00  0.11493E+01  0.21411E+01  0.41134E+01  0.77355E+01
  0.13691E+02  0.24844E+02  0.44176E+02  0.77511E+02  0.13126E+03  0.21913E+03
  0.34913E+03  0.54530E+03  0.92820E+03  0.14582E+04  0.22958E+04  0.36204E+04
  0.57167E+04  0.90374E+04  0.14298E+05  0.22639E+05  0.35860E+05  0.56829E+05
  0.00000E+00  0.10012E-01  0.20205E-01  0.30645E-01  0.41765E-01  0.51513E-01
  0.59481E-01  0.66041E-01  0.71519E-01  0.76127E-01  0.79934E-01  0.83080E-01
  0.85393E-01  0.84642E-01  0.78233E-01  0.65910E-01  0.38616E-01  0.12107E-01
  0.10464E+00  0.26121E+00  0.59965E+00  0.12372E+01  0.22930E+01  0.43817E+01
  0.81740E+01  0.14326E+02  0.25782E+02  0.45498E+02  0.79302E+02  0.13349E+03
  0.22173E+03  0.35164E+03  0.54700E+03  0.92904E+03  0.14557E+04  0.22870E+04
  0.36006E+04  0.56777E+04  0.89662E+04  0.14174E+05  0.22426E+05  0.35504E+05
  0.56241E+05  0.00000E+00  0.22416E-01  0.45155E-01  0.68331E-01  0.87317E-01
  0.10322E+00  0.11594E+00  0.12604E+00  0.13402E+00  0.14096E+00  0.14630E+00
  0.15105E+00  0.15449E+00  0.15399E+00  0.14596E+00  0.13100E+00  0.98026E-01
  0.37066E-01  0.69280E-01  0.26731E+00  0.62710E+00  0.13330E+01  0.24745E+01
  0.47146E+01  0.87273E+01  0.15131E+02  0.26980E+02  0.47191E+02  0.81606E+02
  0.13638E+03  0.22513E+03  0.35500E+03  0.54948E+03  0.93069E+03  0.14536E+04
  0.22777E+04  0.35783E+04  0.56332E+04  0.88840E+04  0.14029E+05  0.22178E+05
  0.35087E+05  0.55550E+05  0.00000E+00  0.48941E-01  0.98468E-01  0.14872E+00
  0.18102E+00  0.20705E+00  0.22741E+00  0.24302E+00  0.25567E+00  0.26606E+00
  0.27440E+00  0.28115E+00  0.28685E+00  0.28659E+00  0.27658E+00  0.25847E+00
  0.21806E+00  0.14478E+00  0.19653E-01  0.18176E+00  0.62878E+00  0.14061E+01
  0.26559E+01  0.50847E+01  0.93702E+01  0.16079E+02  0.28403E+02  0.49209E+02
  0.84345E+02  0.13978E+03  0.22907E+03  0.35871E+03  0.55185E+03  0.93166E+03
  0.14492E+04  0.22635E+04  0.35468E+04  0.55718E+04  0.87724E+04  0.13834E+05
  0.21846E+05  0.34533E+05  0.54636E+05  0.00000E+00  0.10650E+00  0.21396E+00
  0.32274E+00  0.37818E+00  0.42171E+00  0.45361E+00  0.47906E+00  0.49821E+00
  0.51454E+00  0.52689E+00  0.53829E+00  0.54718E+00  0.54856E+00  0.53664E+00
  0.51427E+00  0.46588E+00  0.37763E+00  0.23027E+00  0.00000E+00  0.50273E+00
  0.14146E+01  0.27734E+01  0.54316E+01  0.10046E+02  0.17108E+02  0.29989E+02
  0.51474E+02  0.87415E+02  0.14352E+03  0.23324E+03  0.36223E+03  0.55312E+03
  0.93039E+03  0.14401E+04  0.22401E+04  0.34987E+04  0.54820E+04  0.86129E+04
  0.13560E+05  0.21384E+05  0.33767E+05  0.53378E+05  0.00000E+00  0.21849E+00
  0.43864E+00  0.66081E+00  0.74779E+00  0.81251E+00  0.85847E+00  0.89294E+00
  0.92021E+00  0.94151E+00  0.95884E+00  0.97412E+00  0.98479E+00  0.98402E+00
  0.96573E+00  0.93521E+00  0.86719E+00  0.75041E+00  0.56277E+00  0.28118E+00
  0.33079E+00  0.13994E+01  0.29675E+01  0.59748E+01  0.11086E+02  0.18697E+02
  0.32438E+02  0.55009E+02  0.92307E+02  0.14977E+03  0.24084E+03  0.37025E+03
  0.56027E+03  0.93751E+03  0.14422E+04  0.22324E+04  0.34726E+04  0.54234E+04
  0.84985E+04  0.13351E+05  0.21021E+05  0.33148E+05  0.52344E+05  0.00000E+00
  0.58239E+00  0.11683E+01  0.17584E+01  0.17658E+01  0.17748E+01  0.17856E+01
  0.17983E+01  0.18127E+01  0.18284E+01  0.18433E+01  0.18576E+01  0.18706E+01
  0.18668E+01  0.18377E+01  0.17937E+01  0.17024E+01  0.15502E+01  0.13134E+01
  0.97198E+00  0.22340E+00  0.10512E+01  0.28531E+01  0.62806E+01  0.11980E+02
  0.20205E+02  0.34917E+02  0.58676E+02  0.97402E+02  0.15613E+03  0.24823E+03
  0.37714E+03  0.56454E+03  0.93952E+03  0.14346E+04  0.22070E+04  0.34160E+04
  0.53136E+04  0.82994E+04  0.13005E+05  0.20432E+05  0.32165E+05  0.50724E+05
  0.00000E+00  0.10850E+01  0.21753E+01  0.32717E+01  0.32825E+01  0.32956E+01
  0.33113E+01  0.33297E+01  0.33502E+01  0.33722E+01  0.33925E+01  0.34113E+01
  0.34276E+01  0.34177E+01  0.33700E+01  0.33021E+01  0.31684E+01  0.29544E+01
  0.26348E+01  0.21946E+01  0.12343E+01  0.35462E+00  0.25031E+01  0.65419E+01
  0.13086E+02  0.22187E+02  0.38280E+02  0.63741E+02  0.10455E+03  0.16527E+03
  0.25928E+03  0.38849E+03  0.57408E+03  0.94875E+03  0.14356E+04  0.21922E+04
  0.33725E+04  0.52197E+04  0.81200E+04  0.12682E+05  0.19873E+05  0.31220E+05
  0.49151E+05  0.00000E+00  0.20630E+01  0.41340E+01  0.62141E+01  0.62302E+01
  0.62498E+01  0.62730E+01  0.63003E+01  0.63305E+01  0.63625E+01  0.63912E+01
  0.64171E+01  0.64386E+01  0.64198E+01  0.63443E+01  0.62413E+01  0.60457E+01
  0.57432E+01  0.53079E+01  0.47349E+01  0.34837E+01  0.14696E+01  0.11259E+01
  0.59601E+01  0.13580E+02  0.23740E+02  0.41510E+02  0.68978E+02  0.11219E+03
  0.17501E+03  0.27082E+03  0.39947E+03  0.58145E+03  0.95405E+03  0.14281E+04
  0.21610E+04  0.32998E+04  0.50761E+04  0.78574E+04  0.12223E+05  0.19091E+05
  0.29912E+05  0.46993E+05  0.00000E+00  0.39511E+01  0.79145E+01  0.11892E+02
  0.11916E+02  0.11945E+02  0.11980E+02  0.12021E+02  0.12066E+02  0.12113E+02
  0.12154E+02  0.12190E+02  0.12218E+02  0.12184E+02  0.12064E+02  0.11906E+02
  0.11615E+02  0.11179E+02  0.10573E+02  0.98107E+01  0.81425E+01  0.55300E+01
  0.23328E+01  0.35743E+01  0.12615E+02  0.24093E+02  0.43965E+02  0.73879E+02
  0.11993E+03  0.18506E+03  0.28260E+03  0.40974E+03  0.58608E+03  0.95495E+03
  0.14111E+04  0.21123E+04  0.31964E+04  0.48805E+04  0.75085E+04  0.11622E+05
  0.18079E+05  0.28236E+05  0.44243E+05  0.00000E+00  0.75607E+01  0.15140E+02
  0.22740E+02  0.22777E+02  0.22821E+02  0.22873E+02  0.22934E+02  0.23000E+02
  0.23069E+02  0.23127E+02  0.23176E+02  0.23212E+02  0.23150E+02  0.22955E+02
  0.22705E+02  0.22262E+02  0.21615E+02  0.20744E+02  0.19696E+02  0.17406E+02
  0.13920E+02  0.98756E+01  0.24687E+01  0.85109E+01  0.21693E+02  0.44284E+02
  0.77267E+02  0.12679E+03  0.19451E+03  0.29376E+03  0.41819E+03  0.58645E+03
  0.94995E+03  0.13827E+04  0.20432E+04  0.30584E+04  0.46279E+04  0.70669E+04
  0.10872E+05  0.16828E+05  0.26176E+05  0.40883E+05  0.00000E+00  0.14389E+02
  0.28808E+02  0.43256E+02  0.43311E+02  0.43377E+02  0.43454E+02  0.43544E+02
  0.43641E+02  0.43739E+02  0.43819E+02  0.43881E+02  0.43921E+02  0.43805E+02
  0.43481E+02  0.43075E+02  0.42378E+02  0.41387E+02  0.40093E+02  0.38591E+02
  0.35344E+02  0.30539E+02  0.25253E+02  0.15677E+02  0.19594E+01  0.13511E+02
  0.39735E+02  0.76689E+02  0.13057E+03  0.20126E+03  0.30219E+03  0.42233E+03
  0.57936E+03  0.93576E+03  0.13385E+04  0.19482E+04  0.28789E+04  0.43092E+04
  0.65210E+04  0.99572E+04  0.15319E+05  0.23710E+05  0.36882E+05  0.00000E+00
  0.27714E+02  0.55476E+02  0.83279E+02  0.83362E+02  0.83462E+02  0.83579E+02
  0.83714E+02  0.83858E+02  0.84002E+02  0.84114E+02  0.84197E+02  0.84241E+02
  0.84037E+02  0.83509E+02  0.82858E+02  0.81765E+02  0.80246E+02  0.78308E+02
  0.76135E+02  0.71467E+02  0.64734E+02  0.57710E+02  0.45096E+02  0.27650E+02
  0.93310E+01  0.21446E+02  0.63074E+02  0.12174E+03  0.19470E+03  0.29552E+03
  0.40669E+03  0.54470E+03  0.88680E+03  0.12436E+04  0.17788E+04  0.25891E+04
  0.38258E+04  0.57271E+04  0.86662E+04  0.13234E+05  0.20358E+05  0.31510E+05
  0.00000E+00  0.52589E+02  0.10525E+03  0.15797E+03  0.15810E+03  0.15824E+03
  0.15842E+03  0.15862E+03  0.15882E+03  0.15903E+03  0.15917E+03  0.15926E+03
  0.15929E+03  0.15891E+03  0.15802E+03  0.15694E+03  0.15516E+03  0.15275E+03
  0.14973E+03  0.14642E+03  0.13945E+03  0.12965E+03  0.11989E+03  0.10260E+03
  0.79540E+02  0.57059E+02  0.19749E+02  0.28370E+02  0.93451E+02  0.16909E+03
  0.26919E+03  0.36767E+03  0.48006E+03  0.80446E+03  0.11036E+04  0.15476E+04
  0.22136E+04  0.32219E+04  0.47612E+04  0.71270E+04  0.10785E+05  0.16468E+05
  0.25334E+05  0.00000E+00  0.10122E+03  0.20256E+03  0.30398E+03  0.30417E+03
  0.30439E+03  0.30465E+03  0.30494E+03  0.30525E+03  0.30555E+03  0.30574E+03
  0.30585E+03  0.30584E+03  0.30519E+03  0.30372E+03  0.30195E+03  0.29911E+03
  0.29530E+03  0.29060E+03  0.28557E+03  0.27511E+03  0.26071E+03  0.24697E+03
  0.22292E+03  0.19195E+03  0.16414E+03  0.11844E+03  0.62699E+02  0.90068E+01
  0.84764E+02  0.17893E+03  0.25322E+03  0.32201E+03  0.61186E+03  0.81947E+03
  0.11242E+04  0.15765E+04  0.22549E+04  0.32822E+04  0.48501E+04  0.72603E+04
  0.10986E+05  0.16775E+05  0.00000E+00  0.19318E+03  0.38655E+03  0.58004E+03
  0.58032E+03  0.58065E+03  0.58104E+03  0.58147E+03  0.58191E+03  0.58233E+03
  0.58258E+03  0.58266E+03  0.58255E+03  0.58141E+03  0.57896E+03  0.57601E+03
  0.57138E+03  0.56524E+03  0.55776E+03  0.54986E+03  0.53376E+03  0.51202E+03
  0.49195E+03  0.45739E+03  0.41430E+03  0.37858E+03  0.32069E+03  0.25438E+03
  0.17418E+03  0.10008E+03  0.16820E+02  0.20289E+02  0.25123E+02  0.26469E+03
  0.34559E+03  0.46286E+03  0.63495E+03  0.89038E+03  0.12736E+04  0.18538E+04
  0.27395E+04  0.41006E+04  0.62050E+04  0.00000E+00  0.36888E+03  0.73806E+03
  0.11074E+04  0.11078E+04  0.11083E+04  0.11089E+04  0.11095E+04  0.11102E+04
  0.11107E+04  0.11110E+04  0.11111E+04  0.11107E+04  0.11087E+04  0.11047E+04
  0.10998E+04  0.10922E+04  0.10822E+04  0.10702E+04  0.10577E+04  0.10326E+04
  0.99921E+03  0.96923E+03  0.91839E+03  0.85687E+03  0.80961E+03  0.73419E+03
  0.65366E+03  0.56340E+03  0.49551E+03  0.43326E+03  0.45629E+03  0.55041E+03
  0.39102E+03  0.49724E+03  0.64923E+03  0.86953E+03  0.11928E+04  0.16728E+04
  0.23927E+04  0.34828E+04  0.51463E+04  0.77034E+04  0.00000E+00  0.70427E+03
  0.14090E+04  0.21140E+04  0.21146E+04  0.21154E+04  0.21162E+04  0.21171E+04
  0.21181E+04  0.21189E+04  0.21192E+04  0.21190E+04  0.21183E+04  0.21148E+04
  0.21080E+04  0.20999E+04  0.20875E+04  0.20713E+04  0.20520E+04  0.20318E+04
  0.19922E+04  0.19403E+04  0.18946E+04  0.18182E+04  0.17282E+04  0.16636E+04
  0.15623E+04  0.14619E+04  0.13594E+04  0.13051E+04  0.12800E+04  0.13989E+04
  0.16457E+04  0.16127E+04  0.19970E+04  0.25395E+04  0.33157E+04  0.44406E+04
  0.60919E+04  0.85429E+04  0.12220E+05  0.17786E+05  0.26283E+05  0.00000E+00
  0.13446E+04  0.26901E+04  0.40358E+04  0.40367E+04  0.40378E+04  0.40390E+04
  0.40404E+04  0.40417E+04  0.40428E+04  0.40431E+04  0.40425E+04  0.40410E+04
  0.40351E+04  0.40239E+04  0.40104E+04  0.39901E+04  0.39637E+04  0.39323E+04
  0.38996E+04  0.38367E+04  0.37552E+04  0.36842E+04  0.35675E+04  0.34329E+04
  0.33415E+04  0.32011E+04  0.30720E+04  0.29540E+04  0.29255E+04  0.29632E+04
  0.32338E+04  0.37162E+04  0.38817E+04  0.46823E+04  0.57979E+04  0.73729E+04
  0.96261E+04  0.12893E+05  0.17687E+05  0.24803E+05  0.35477E+05  0.51639E+05
  0.00000E+00  0.25675E+04  0.51364E+04  0.77055E+04  0.77069E+04  0.77085E+04
  0.77103E+04  0.77123E+04  0.77142E+04  0.77156E+04  0.77157E+04  0.77144E+04
  0.77114E+04  0.77015E+04  0.76828E+04  0.76605E+04  0.76272E+04  0.75842E+04
  0.75331E+04  0.74799E+04  0.73795E+04  0.72503E+04  0.71387E+04  0.69578E+04
  0.67527E+04  0.66193E+04  0.64184E+04  0.62467E+04  0.61081E+04  0.61239E+04
  0.62646E+04  0.67733E+04  0.76193E+04  0.80947E+04  0.95226E+04  0.11487E+05
  0.14224E+05  0.18087E+05  0.23616E+05  0.31630E+05  0.43391E+05  0.60847E+05
  0.87034E+05  0.00000E+00  0.49023E+04  0.98071E+04  0.14712E+05  0.14714E+05
  0.14716E+05  0.14719E+05  0.14722E+05  0.14724E+05  0.14726E+05  0.14726E+05
  0.14723E+05  0.14718E+05  0.14701E+05  0.14670E+05  0.14633E+05  0.14579E+05
  0.14508E+05  0.14425E+05  0.14338E+05  0.14177E+05  0.13971E+05  0.13794E+05
  0.13510E+05  0.13193E+05  0.12992E+05  0.12697E+05  0.12459E+05  0.12291E+05
  0.12379E+05  0.12685E+05  0.13565E+05  0.14971E+05  0.15927E+05  0.18304E+05
  0.21533E+05  0.25974E+05  0.32162E+05  0.40900E+05  0.53401E+05  0.71523E+05
  0.98114E+05  0.13759E+06  0.00000E+00  0.93616E+04  0.18728E+05  0.28093E+05
  0.28096E+05  0.28099E+05  0.28103E+05  0.28108E+05  0.28111E+05  0.28113E+05
  0.28112E+05  0.28107E+05  0.28097E+05  0.28068E+05  0.28018E+05  0.27957E+05
  0.27868E+05  0.27753E+05  0.27617E+05  0.27476E+05  0.27216E+05  0.26886E+05
  0.26602E+05  0.26154E+05  0.25657E+05  0.25347E+05  0.24900E+05  0.24558E+05
  0.24344E+05  0.24548E+05  0.25113E+05  0.26570E+05  0.28837E+05  0.30536E+05
  0.34350E+05  0.39474E+05  0.46438E+05  0.56015E+05  0.69362E+05  0.88205E+05
  0.11517E+06  0.15424E+06  0.21159E+06  0.00000E+00  0.17876E+05  0.35761E+05
  0.53642E+05  0.53647E+05  0.53652E+05  0.53658E+05  0.53664E+05  0.53669E+05
  0.53672E+05  0.53668E+05  0.53658E+05  0.53640E+05  0.53593E+05  0.53510E+05
  0.53410E+05  0.53264E+05  0.53077E+05  0.52856E+05  0.52624E+05  0.52205E+05
  0.51676E+05  0.51218E+05  0.50504E+05  0.49717E+05  0.49231E+05  0.48541E+05
  0.48029E+05  0.47740E+05  0.48121E+05  0.49087E+05  0.51435E+05  0.55025E+05
  0.57866E+05  0.63862E+05  0.71838E+05  0.82555E+05  0.97117E+05  0.11715E+06
  0.14506E+06  0.18447E+06  0.24085E+06  0.32258E+06  0.00000E+00  0.34134E+05
  0.68282E+05  0.10242E+06  0.10243E+06  0.10244E+06  0.10245E+06  0.10246E+06
  0.10246E+06  0.10246E+06  0.10246E+06  0.10244E+06  0.10241E+06  0.10233E+06
  0.10219E+06  0.10203E+06  0.10179E+06  0.10149E+06  0.10113E+06  0.10075E+06
  0.10007E+06  0.99219E+05  0.98479E+05  0.97336E+05  0.96083E+05  0.95307E+05
  0.94221E+05  0.93432E+05  0.93012E+05  0.93659E+05  0.95242E+05  0.98960E+05
  0.10458E+06  0.10916E+06  0.11848E+06  0.13076E+06  0.14709E+06  0.16903E+06
  0.19885E+06  0.23987E+06  0.29703E+06  0.37771E+06  0.49316E+06  0.00000E+00
  0.65187E+05  0.13040E+06  0.19560E+06  0.19561E+06  0.19562E+06  0.19563E+06
  0.19564E+06  0.19565E+06  0.19565E+06  0.19564E+06  0.19561E+06  0.19555E+06
  0.19542E+06  0.19520E+06  0.19493E+06  0.19454E+06  0.19405E+06  0.19346E+06
  0.19284E+06  0.19175E+06  0.19037E+06  0.18918E+06  0.18734E+06  0.18533E+06
  0.18408E+06  0.18235E+06  0.18110E+06  0.18045E+06  0.18149E+06  0.18400E+06
  0.18982E+06  0.19855E+06  0.20579E+06  0.22016E+06  0.23894E+06  0.26370E+06
  0.29663E+06  0.34089E+06  0.40103E+06  0.48375E+06  0.59899E+06  0.76171E+06
  0.00000E+00  0.12448E+06  0.24900E+06  0.37349E+06  0.37350E+06  0.37352E+06
  0.37354E+06  0.37356E+06  0.37357E+06  0.37357E+06  0.37354E+06  0.37348E+06
  0.37339E+06  0.37317E+06  0.37281E+06  0.37237E+06  0.37174E+06  0.37093E+06
  0.36998E+06  0.36897E+06  0.36720E+06  0.36498E+06  0.36304E+06  0.36008E+06
  0.35685E+06  0.35481E+06  0.35203E+06  0.35001E+06  0.34895E+06  0.35055E+06
  0.35447E+06  0.36351E+06  0.37698E+06  0.38826E+06  0.41030E+06  0.43893E+06
  0.47639E+06  0.52575E+06  0.59142E+06  0.67966E+06  0.79957E+06  0.96448E+06
  0.11943E+07
