  0.00000E+00  0.00000E+00  0.00000E+00  0.00000E+00  0.00000E+00  0.00000E+00
  0.00000E+00  0.00000E+00  0.00000E+00  0.00000E+00  0.00000E+00  0.00000E+00
  0.00000E+00  0.00000E+00  0.00000E+00  0.00000E+00  0.00000E+00  0.00000E+00
  0.00000E+00  0.00000E+00  0.00000E+00  0.00000E+00  0.00000E+00  0.00000E+00
  0.00000E+00  0.00000E+00  0.00000E+00  0.00000E+00  0.00000E+00  0.00000E+00
  0.00000E+00  0.00000E+00  0.00000E+00  0.00000E+00  0.00000E+00  0.00000E+00
  0.00000E+00  0.00000E+00  0.00000E+00  0.00000E+00  0.00000E+00  0.00000E+00
  0.00000E+00  0.00000E+00  0.51758E-11  0.78966E-10  0.45545E-09  0.60303E-08
  0.27984E-07  0.96058E-07  0.28237E-06  0.78060E-06  0.20417E-05  0.52425E-05
  0.12624E-04  0.27858E-04  0.00000E+00  0.17205E-03  0.40273E-03  0.90246E-03
  0.19468E-02  0.40747E-02  0.82235E-02  0.17327E-01  0.36057E-01  0.71203E-01
  0.14299E+00  0.28129E+00  0.52167E+00  0.98177E+00  0.18022E+01  0.32477E+01
  0.56317E+01  0.95875E+01  0.15557E+02  0.24685E+02  0.42343E+02  0.67197E+02
  0.10665E+03  0.16926E+03  0.26864E+03  0.42642E+03  0.67684E+03  0.10744E+04
  0.17053E+04  0.27069E+04  0.00000E+00  0.11499E-09  0.54778E-10  0.62688E-09
  0.11381E-07  0.57427E-07  0.20289E-06  0.60098E-06  0.16592E-05  0.43188E-05
  0.11009E-04  0.26325E-04  0.57696E-04  0.00000E+00  0.35221E-03  0.82117E-03
  0.18328E-02  0.39420E-02  0.82290E-02  0.16580E-01  0.34862E-01  0.72477E-01
  0.14302E+00  0.28697E+00  0.56415E+00  0.10457E+01  0.19672E+01  0.36099E+01
  0.65037E+01  0.11275E+02  0.19192E+02  0.31137E+02  0.49402E+02  0.84734E+02
  0.13446E+03  0.21339E+03  0.33866E+03  0.53748E+03  0.85313E+03  0.13541E+04
  0.21494E+04  0.34116E+04  0.54153E+04  0.00000E+00  0.57628E-09  0.94794E-09
  0.39131E-09  0.11532E-07  0.79419E-07  0.30823E-06  0.94432E-06  0.26380E-05
  0.68661E-05  0.17435E-04  0.41403E-04  0.90094E-04  0.00000E+00  0.54360E-03
  0.12599E-02  0.28005E-02  0.60030E-02  0.12494E-01  0.25112E-01  0.52726E-01
  0.10939E+00  0.21553E+00  0.43205E+00  0.84868E+00  0.15721E+01  0.29559E+01
  0.54219E+01  0.97652E+01  0.16925E+02  0.28803E+02  0.46721E+02  0.74118E+02
  0.12711E+03  0.20169E+03  0.32007E+03  0.50794E+03  0.80609E+03  0.12795E+04
  0.20307E+04  0.32234E+04  0.51162E+04  0.81209E+04  0.00000E+00  0.19795E-08
  0.38813E-08  0.46797E-08  0.38382E-08  0.73564E-07  0.38272E-06  0.12801E-05
  0.36976E-05  0.97213E-05  0.24690E-04  0.58328E-04  0.12595E-03  0.00000E+00
  0.74979E-03  0.17279E-02  0.38215E-02  0.81540E-02  0.16910E-01  0.33873E-01
  0.70971E-01  0.14698E+00  0.28911E+00  0.57881E+00  0.11358E+01  0.21023E+01
  0.39503E+01  0.72422E+01  0.13038E+02  0.22591E+02  0.38434E+02  0.62332E+02
  0.98864E+02  0.16953E+03  0.26897E+03  0.42679E+03  0.67727E+03  0.10748E+04
  0.17058E+04  0.27074E+04  0.42973E+04  0.68205E+04  0.10826E+05  0.00000E+00
  0.59955E-08  0.12469E-07  0.18159E-07  0.64586E-07  0.21529E-07  0.33047E-06
  0.14822E-05  0.47021E-05  0.12780E-04  0.32794E-04  0.77365E-04  0.16611E-03
  0.00000E+00  0.97606E-03  0.22339E-02  0.49103E-02  0.10425E-01  0.21526E-01
  0.42969E-01  0.89760E-01  0.18547E+00  0.36409E+00  0.72782E+00  0.14265E+01
  0.26377E+01  0.49522E+01  0.90734E+01  0.16327E+02  0.28277E+02  0.48093E+02
  0.77974E+02  0.12365E+03  0.21200E+03  0.33630E+03  0.53357E+03  0.84664E+03
  0.13434E+04  0.21321E+04  0.33839E+04  0.53709E+04  0.85243E+04  0.13530E+05
  0.00000E+00  0.17041E-07  0.36156E-07  0.56127E-07  0.24771E-06  0.36412E-06
  0.98958E-07  0.12083E-05  0.52328E-05  0.15597E-04  0.41424E-04  0.98527E-04
  0.21121E-03  0.00000E+00  0.12276E-02  0.27891E-02  0.60908E-02  0.12854E-01
  0.26413E-01  0.52489E-01  0.10926E+00  0.22515E+00  0.44103E+00  0.88000E+00
  0.17221E+01  0.31804E+01  0.59655E+01  0.10921E+02  0.19640E+02  0.33997E+02
  0.57798E+02  0.93679E+02  0.14851E+03  0.25458E+03  0.40378E+03  0.64055E+03
  0.10163E+04  0.16125E+04  0.25589E+04  0.40610E+04  0.64453E+04  0.10229E+05
  0.16236E+05  0.00000E+00  0.47100E-07  0.10037E-06  0.15936E-06  0.75695E-06
  0.13725E-05  0.15690E-05  0.46324E-06  0.41242E-05  0.16818E-04  0.49180E-04
  0.12065E-03  0.26055E-03  0.00000E+00  0.15090E-02  0.34052E-02  0.73836E-02
  0.15483E-01  0.31632E-01  0.62552E-01  0.12971E+00  0.26636E+00  0.52026E+00
  0.10358E+01  0.20233E+01  0.37310E+01  0.69899E+01  0.12785E+02  0.22973E+02
  0.39742E+02  0.67531E+02  0.10941E+03  0.17339E+03  0.29716E+03  0.47121E+03
  0.74738E+03  0.11856E+04  0.18809E+04  0.29847E+04  0.47364E+04  0.75169E+04
  0.11929E+05  0.18934E+05  0.00000E+00  0.13027E-06  0.27689E-06  0.44217E-06
  0.21599E-05  0.42074E-05  0.59216E-05  0.61075E-05  0.19614E-05  0.12370E-04
  0.51399E-04  0.13861E-03  0.30924E-03  0.00000E+00  0.18200E-02  0.40861E-02
  0.88084E-02  0.18349E-01  0.37256E-01  0.73270E-01  0.15126E+00  0.30945E+00
  0.60241E+00  0.11962E+01  0.23318E+01  0.42920E+01  0.80295E+01  0.14669E+02
  0.26335E+02  0.45523E+02  0.77308E+02  0.12518E+03  0.19830E+03  0.33976E+03
  0.53861E+03  0.85411E+03  0.13547E+04  0.21489E+04  0.34096E+04  0.54101E+04
  0.85855E+04  0.13624E+05  0.21623E+05  0.00000E+00  0.34653E-06  0.73186E-06
  0.11650E-05  0.57297E-05  0.11413E-04  0.17101E-04  0.21097E-04  0.19799E-04
  0.57914E-05  0.39056E-04  0.14299E-03  0.34828E-03  0.00000E+00  0.21580E-02
  0.48411E-02  0.10388E-01  0.21510E-01  0.43393E-01  0.84821E-01  0.17425E+00
  0.35498E+00  0.68845E+00  0.13629E+01  0.26500E+01  0.48671E+01  0.90900E+01
  0.16583E+02  0.29738E+02  0.51358E+02  0.87151E+02  0.14103E+03  0.22329E+03
  0.38244E+03  0.60606E+03  0.96081E+03  0.15236E+04  0.24164E+04  0.38335E+04
  0.60821E+04  0.96511E+04  0.15314E+05  0.24304E+05  0.00000E+00  0.91933E-06
  0.19267E-05  0.30497E-05  0.14979E-04  0.29984E-04  0.45957E-04  0.60244E-04
  0.68242E-04  0.60491E-04  0.14445E-04  0.10364E-03  0.34552E-03  0.00000E+00
  0.24871E-02  0.56331E-02  0.12098E-01  0.24953E-01  0.50059E-01  0.97258E-01
  0.19882E+00  0.40324E+00  0.77866E+00  0.15363E+01  0.29785E+01  0.54564E+01
  0.10170E+02  0.18524E+02  0.33174E+02  0.57228E+02  0.97024E+02  0.15688E+03
  0.24821E+03  0.42497E+03  0.67317E+03  0.10668E+04  0.16913E+04  0.26817E+04
  0.42537E+04  0.67478E+04  0.10706E+05  0.16987E+05  0.26957E+05  0.00000E+00
  0.24337E-05  0.50644E-05  0.79582E-05  0.38865E-04  0.77666E-04  0.11965E-03
  0.16022E-03  0.19335E-03  0.20696E-03  0.17314E-03  0.51747E-04  0.22307E-03
  0.00000E+00  0.27093E-02  0.63526E-02  0.13821E-01  0.28567E-01  0.57153E-01
  0.11048E+00  0.22500E+00  0.45437E+00  0.87337E+00  0.17171E+01  0.33185E+01
  0.60615E+01  0.11273E+02  0.20494E+02  0.36644E+02  0.63131E+02  0.10691E+03
  0.17270E+03  0.27301E+03  0.46723E+03  0.73971E+03  0.11718E+04  0.18570E+04
  0.29437E+04  0.46683E+04  0.74042E+04  0.11746E+05  0.18635E+05  0.29569E+05
  0.00000E+00  0.64630E-05  0.13368E-04  0.20856E-04  0.10121E-03  0.20109E-03
  0.30905E-03  0.41577E-03  0.51341E-03  0.58594E-03  0.59947E-03  0.50663E-03
  0.21697E-03  0.00000E+00  0.25583E-02  0.66829E-02  0.15196E-01  0.31942E-01
  0.64192E-01  0.12391E+00  0.25207E+00  0.50761E+00  0.97158E+00  0.19039E+01
  0.36683E+01  0.66790E+01  0.12392E+02  0.22481E+02  0.40130E+02  0.69029E+02
  0.11675E+03  0.18837E+03  0.29745E+03  0.50883E+03  0.80504E+03  0.12746E+04
  0.20190E+04  0.31995E+04  0.50725E+04  0.80436E+04  0.12758E+05  0.20238E+05
  0.32109E+05  0.00000E+00  0.16649E-04  0.34218E-04  0.53042E-04  0.25561E-03
  0.50402E-03  0.76998E-03  0.10321E-02  0.12797E-02  0.14905E-02  0.16244E-02
  0.16250E-02  0.13560E-02  0.00000E+00  0.15552E-02  0.60775E-02  0.15632E-01
  0.34443E-01  0.70506E-01  0.13682E+00  0.27937E+00  0.56244E+00  0.10729E+01
  0.20971E+01  0.40286E+01  0.73100E+01  0.13528E+02  0.24488E+02  0.43627E+02
  0.74911E+02  0.12651E+03  0.20381E+03  0.32140E+03  0.54954E+03  0.86871E+03
  0.13744E+04  0.21760E+04  0.34469E+04  0.54627E+04  0.86601E+04  0.13733E+05
  0.21781E+05  0.34552E+05  0.00000E+00  0.38947E-04  0.79636E-04  0.12274E-03
  0.58728E-03  0.11498E-02  0.17423E-02  0.23174E-02  0.28586E-02  0.33310E-02
  0.36881E-02  0.38611E-02  0.36301E-02  0.00000E+00  0.69686E-03  0.42129E-02
  0.14963E-01  0.36190E-01  0.76657E-01  0.15044E+00  0.30935E+00  0.62328E+00
  0.11845E+01  0.23079E+01  0.44176E+01  0.79815E+01  0.14724E+02  0.26574E+02
  0.47227E+02  0.80907E+02  0.13638E+03  0.21928E+03  0.34523E+03  0.58991E+03
  0.93152E+03  0.14726E+04  0.23298E+04  0.36884E+04  0.58431E+04  0.92599E+04
  0.14680E+05  0.23278E+05  0.36921E+05  0.00000E+00  0.19644E-03  0.39999E-03
  0.61309E-03  0.16500E-02  0.27853E-02  0.39108E-02  0.49599E-02  0.59025E-02
  0.67369E-02  0.74110E-02  0.78825E-02  0.80164E-02  0.70215E-02  0.00000E+00
  0.58783E-03  0.12201E-01  0.35192E-01  0.78413E-01  0.15610E+00  0.32378E+00
  0.65241E+00  0.12285E+01  0.23827E+01  0.45371E+01  0.81506E+01  0.14968E+02
  0.26908E+02  0.47659E+02  0.81401E+02  0.13686E+03  0.21954E+03  0.34490E+03
  0.58878E+03  0.92849E+03  0.14662E+04  0.23178E+04  0.36669E+04  0.58058E+04
  0.91968E+04  0.14575E+05  0.23105E+05  0.36639E+05  0.00000E+00  0.63827E-03
  0.12946E-02  0.19767E-02  0.41347E-02  0.63464E-02  0.84403E-02  0.10312E-01
  0.11968E-01  0.13394E-01  0.14550E-01  0.15479E-01  0.16045E-01  0.15339E-01
  0.12222E-01  0.00000E+00  0.57341E-02  0.30621E-01  0.77069E-01  0.15976E+00
  0.33827E+00  0.68379E+00  0.12800E+01  0.24725E+01  0.46828E+01  0.83576E+01
  0.15270E+02  0.27320E+02  0.48193E+02  0.82007E+02  0.13746E+03  0.21983E+03
  0.34446E+03  0.58733E+03  0.92464E+03  0.14582E+04  0.23026E+04  0.36398E+04
  0.57589E+04  0.91177E+04  0.14444E+05  0.22889E+05  0.36286E+05  0.00000E+00
  0.18456E-02  0.37329E-02  0.56789E-02  0.98209E-02  0.13791E-01  0.17388E-01
  0.20487E-01  0.23074E-01  0.25329E-01  0.27158E-01  0.28603E-01  0.29641E-01
  0.29128E-01  0.25799E-01  0.19070E-01  0.41390E-02  0.22935E-01  0.74182E-01
  0.16377E+00  0.35711E+00  0.72685E+00  0.13542E+01  0.26015E+01  0.48923E+01
  0.86590E+01  0.15713E+02  0.27940E+02  0.49022E+02  0.83018E+02  0.13859E+03
  0.22081E+03  0.34488E+03  0.58704E+03  0.92226E+03  0.14520E+04  0.22897E+04
  0.36155E+04  0.57157E+04  0.90431E+04  0.14318E+05  0.22680E+05  0.35942E+05
  0.00000E+00  0.47943E-02  0.96802E-02  0.14680E-01  0.22181E-01  0.29031E-01
  0.34865E-01  0.39766E-01  0.43762E-01  0.47086E-01  0.49849E-01  0.52027E-01
  0.53688E-01  0.53218E-01  0.49284E-01  0.41521E-01  0.24376E-01  0.77022E-02
  0.67371E-01  0.16455E+00  0.37849E+00  0.78101E+00  0.14502E+01  0.27712E+01
  0.51697E+01  0.90604E+01  0.16306E+02  0.28776E+02  0.50155E+02  0.84429E+02
  0.14023E+03  0.22240E+03  0.34595E+03  0.58758E+03  0.92068E+03  0.14464E+04
  0.22772E+04  0.35909E+04  0.56707E+04  0.89643E+04  0.14183E+05  0.22455E+05
  0.35570E+05  0.00000E+00  0.11385E-01  0.22934E-01  0.34705E-01  0.47829E-01
  0.59392E-01  0.68847E-01  0.76449E-01  0.82540E-01  0.87548E-01  0.91610E-01
  0.94779E-01  0.97319E-01  0.97007E-01  0.92129E-01  0.82692E-01  0.61879E-01
  0.23398E-01  0.43733E-01  0.18126E+00  0.39506E+00  0.84148E+00  0.15650E+01
  0.29818E+01  0.55196E+01  0.95699E+01  0.17064E+02  0.29846E+02  0.51612E+02
  0.86255E+02  0.14239E+03  0.22452E+03  0.34752E+03  0.58862E+03  0.91932E+03
  0.14405E+04  0.22631E+04  0.35628E+04  0.56187E+04  0.88725E+04  0.14026E+05
  0.22191E+05  0.35133E+05  0.00000E+00  0.25946E-01  0.52204E-01  0.78848E-01
  0.10204E+00  0.12111E+00  0.13667E+00  0.14870E+00  0.15815E+00  0.16593E+00
  0.17184E+00  0.17677E+00  0.18071E+00  0.18054E+00  0.17459E+00  0.16314E+00
  0.13764E+00  0.91570E-01  0.12430E-01  0.11472E+00  0.39845E+00  0.89277E+00
  0.16798E+01  0.32158E+01  0.59262E+01  0.10169E+02  0.17964E+02  0.31123E+02
  0.53345E+02  0.88405E+02  0.14488E+03  0.22687E+03  0.34902E+03  0.58923E+03
  0.91657E+03  0.14316E+04  0.22432E+04  0.35239E+04  0.55481E+04  0.87493E+04
  0.13817E+05  0.21841E+05  0.34555E+05  0.00000E+00  0.58971E-01  0.11848E+00
  0.17871E+00  0.21969E+00  0.25211E+00  0.27688E+00  0.29626E+00  0.31070E+00
  0.32221E+00  0.33126E+00  0.33913E+00  0.34540E+00  0.34628E+00  0.33872E+00
  0.32525E+00  0.29409E+00  0.23838E+00  0.14564E+00  0.00000E+00  0.31796E+00
  0.92574E+00  0.17541E+01  0.34352E+01  0.63537E+01  0.10820E+02  0.18967E+02
  0.32555E+02  0.55286E+02  0.90769E+02  0.14752E+03  0.22910E+03  0.34982E+03
  0.58843E+03  0.91078E+03  0.14168E+04  0.22128E+04  0.34671E+04  0.54473E+04
  0.85758E+04  0.13525E+05  0.21356E+05  0.33759E+05  0.00000E+00  0.12732E+00
  0.25555E+00  0.38495E+00  0.45266E+00  0.50214E+00  0.53633E+00  0.56134E+00
  0.57970E+00  0.59425E+00  0.60642E+00  0.61491E+00  0.62284E+00  0.62235E+00
  0.61078E+00  0.59148E+00  0.54846E+00  0.47460E+00  0.35592E+00  0.17784E+00
  0.20921E+00  0.35384E+01  0.18768E+01  0.37788E+01  0.70113E+01  0.11825E+02
  0.20515E+02  0.34791E+02  0.58380E+02  0.94722E+02  0.15232E+03  0.23417E+03
  0.35435E+03  0.59294E+03  0.91216E+03  0.14119E+04  0.21963E+04  0.34300E+04
  0.53749E+04  0.84442E+04  0.13295E+05  0.20965E+05  0.33105E+05  0.00000E+00
  0.36834E+00  0.73889E+00  0.11121E+01  0.11168E+01  0.11225E+01  0.11293E+01
  0.11374E+01  0.11465E+01  0.11564E+01  0.11658E+01  0.11749E+01  0.11831E+01
  0.11807E+01  0.11623E+01  0.11344E+01  0.10767E+01  0.98042E+00  0.83065E+00
  0.61474E+00  0.14129E+00  0.66486E+00  0.18045E+01  0.39722E+01  0.75771E+01
  0.12778E+02  0.22083E+02  0.37110E+02  0.61602E+02  0.98745E+02  0.15699E+03
  0.23852E+03  0.35705E+03  0.59420E+03  0.90731E+03  0.13958E+04  0.21605E+04
  0.33606E+04  0.52490E+04  0.82248E+04  0.12922E+05  0.20343E+05  0.32080E+05
  0.00000E+00  0.68624E+00  0.13758E+01  0.20692E+01  0.20760E+01  0.20843E+01
  0.20942E+01  0.21059E+01  0.21189E+01  0.21328E+01  0.21456E+01  0.21575E+01
  0.21678E+01  0.21615E+01  0.21314E+01  0.20884E+01  0.20039E+01  0.18685E+01
  0.16664E+01  0.13880E+01  0.78067E+00  0.22428E+00  0.15831E+01  0.41375E+01
  0.82761E+01  0.14032E+02  0.24211E+02  0.40313E+02  0.66125E+02  0.10453E+03
  0.16398E+03  0.24570E+03  0.36308E+03  0.60004E+03  0.90798E+03  0.13865E+04
  0.21329E+04  0.33012E+04  0.51355E+04  0.80209E+04  0.12569E+05  0.19745E+05
  0.31086E+05  0.00000E+00  0.13048E+01  0.26145E+01  0.39301E+01  0.39403E+01
  0.39527E+01  0.39674E+01  0.39847E+01  0.40038E+01  0.40240E+01  0.40421E+01
  0.40585E+01  0.40722E+01  0.40602E+01  0.40125E+01  0.39473E+01  0.38237E+01
  0.36323E+01  0.33570E+01  0.29946E+01  0.22033E+01  0.92943E+00  0.71206E+00
  0.37695E+01  0.85889E+01  0.15014E+02  0.26253E+02  0.43626E+02  0.70952E+02
  0.11069E+03  0.17128E+03  0.25265E+03  0.36774E+03  0.60340E+03  0.90320E+03
  0.13668E+04  0.20870E+04  0.32104E+04  0.49694E+04  0.77302E+04  0.12074E+05
  0.18918E+05  0.29721E+05  0.00000E+00  0.24989E+01  0.50056E+01  0.75209E+01
  0.75362E+01  0.75549E+01  0.75770E+01  0.76028E+01  0.76311E+01  0.76608E+01
  0.76867E+01  0.77095E+01  0.77277E+01  0.77061E+01  0.76302E+01  0.75302E+01
  0.73463E+01  0.70704E+01  0.66871E+01  0.62048E+01  0.51498E+01  0.34975E+01
  0.14754E+01  0.22606E+01  0.79783E+01  0.15238E+02  0.27806E+02  0.46725E+02
  0.75849E+02  0.11704E+03  0.17873E+03  0.25914E+03  0.37067E+03  0.60396E+03
  0.89247E+03  0.13359E+04  0.20216E+04  0.30867E+04  0.47488E+04  0.73503E+04
  0.11434E+05  0.17858E+05  0.27982E+05  0.00000E+00  0.47818E+01  0.95756E+01
  0.14382E+02  0.14405E+02  0.14433E+02  0.14466E+02  0.14505E+02  0.14547E+02
  0.14590E+02  0.14627E+02  0.14658E+02  0.14681E+02  0.14641E+02  0.14518E+02
  0.14360E+02  0.14079E+02  0.13670E+02  0.13120E+02  0.12457E+02  0.11008E+02
  0.88035E+01  0.62459E+01  0.15613E+01  0.53828E+01  0.13720E+02  0.28008E+02
  0.48868E+02  0.80188E+02  0.12302E+03  0.18579E+03  0.26448E+03  0.37090E+03
  0.60080E+03  0.87448E+03  0.12922E+04  0.19343E+04  0.29269E+04  0.44695E+04
  0.68758E+04  0.10643E+05  0.16555E+05  0.25857E+05  0.00000E+00  0.91005E+01
  0.18220E+02  0.27357E+02  0.27392E+02  0.27434E+02  0.27483E+02  0.27540E+02
  0.27601E+02  0.27663E+02  0.27713E+02  0.27753E+02  0.27778E+02  0.27705E+02
  0.27500E+02  0.27243E+02  0.26802E+02  0.26176E+02  0.25357E+02  0.24407E+02
  0.22354E+02  0.19315E+02  0.15972E+02  0.99150E+01  0.12393E+01  0.85449E+01
  0.25131E+02  0.48503E+02  0.82583E+02  0.12729E+03  0.19112E+03  0.26710E+03
  0.36642E+03  0.59183E+03  0.84652E+03  0.12322E+04  0.18208E+04  0.27254E+04
  0.41242E+04  0.62975E+04  0.96885E+04  0.14995E+05  0.23326E+05  0.00000E+00
  0.17528E+02  0.35086E+02  0.52670E+02  0.52723E+02  0.52786E+02  0.52860E+02
  0.52945E+02  0.53036E+02  0.53128E+02  0.53198E+02  0.53251E+02  0.53278E+02
  0.53149E+02  0.52816E+02  0.52404E+02  0.51713E+02  0.50752E+02  0.49526E+02
  0.48152E+02  0.45200E+02  0.40942E+02  0.36499E+02  0.28521E+02  0.17487E+02
  0.59015E+01  0.13564E+02  0.39891E+02  0.76993E+02  0.12314E+03  0.18690E+03
  0.25722E+03  0.34450E+03  0.56086E+03  0.78651E+03  0.11250E+04  0.16375E+04
  0.24197E+04  0.36221E+04  0.54810E+04  0.83696E+04  0.12875E+05  0.19929E+05
  0.00000E+00  0.33260E+02  0.66567E+02  0.99911E+02  0.99989E+02  0.10008E+03
  0.10019E+03  0.10032E+03  0.10045E+03  0.10058E+03  0.10067E+03  0.10073E+03
  0.10074E+03  0.10051E+03  0.99943E+02  0.99256E+02  0.98135E+02  0.96606E+02
  0.94695E+02  0.92603E+02  0.88196E+02  0.81999E+02  0.75822E+02  0.64891E+02
  0.50306E+02  0.36087E+02  0.12491E+02  0.17943E+02  0.59103E+02  0.10694E+03
  0.17025E+03  0.23254E+03  0.30361E+03  0.50879E+03  0.69795E+03  0.97878E+03
  0.14000E+04  0.20377E+04  0.30113E+04  0.45075E+04  0.68210E+04  0.10415E+05
  0.16022E+05  0.00000E+00  0.64017E+02  0.12811E+03  0.19225E+03  0.19237E+03
  0.19251E+03  0.19268E+03  0.19286E+03  0.19306E+03  0.19324E+03  0.19337E+03
  0.19344E+03  0.19343E+03  0.19302E+03  0.19209E+03  0.19097E+03  0.18917E+03
  0.18676E+03  0.18379E+03  0.18061E+03  0.17399E+03  0.16489E+03  0.15619E+03
  0.14099E+03  0.12140E+03  0.10381E+03  0.74909E+02  0.39654E+02  0.56964E+01
  0.53610E+02  0.11317E+03  0.16015E+03  0.20366E+03  0.38697E+03  0.51828E+03
  0.71098E+03  0.99705E+03  0.14261E+04  0.20758E+04  0.30675E+04  0.45918E+04
  0.69481E+04  0.10610E+05  0.00000E+00  0.12218E+03  0.24448E+03  0.36685E+03
  0.36702E+03  0.36724E+03  0.36748E+03  0.36775E+03  0.36803E+03  0.36830E+03
  0.36845E+03  0.36851E+03  0.36844E+03  0.36771E+03  0.36616E+03  0.36430E+03
  0.36137E+03  0.35749E+03  0.35276E+03  0.34776E+03  0.33758E+03  0.32383E+03
  0.31114E+03  0.28928E+03  0.26203E+03  0.23943E+03  0.20282E+03  0.16088E+03
  0.11016E+03  0.63298E+02  0.10638E+02  0.12832E+02  0.15889E+02  0.16740E+03
  0.21857E+03  0.29274E+03  0.40158E+03  0.56312E+03  0.80551E+03  0.11725E+04
  0.17326E+04  0.25934E+04  0.39244E+04  0.00000E+00  0.23330E+03  0.46679E+03
  0.70038E+03  0.70064E+03  0.70096E+03  0.70132E+03  0.70172E+03  0.70213E+03
  0.70249E+03  0.70268E+03  0.70269E+03  0.70248E+03  0.70123E+03  0.69864E+03
  0.69555E+03  0.69076E+03  0.68447E+03  0.67688E+03  0.66893E+03  0.65305E+03
  0.63196E+03  0.61299E+03  0.58084E+03  0.54193E+03  0.51204E+03  0.46434E+03
  0.41341E+03  0.35633E+03  0.31339E+03  0.27402E+03  0.28859E+03  0.34811E+03
  0.24730E+03  0.31449E+03  0.41061E+03  0.54994E+03  0.75438E+03  0.10579E+04
  0.15133E+04  0.22027E+04  0.32548E+04  0.48721E+04  0.00000E+00  0.44542E+03
  0.89116E+03  0.13370E+04  0.13374E+04  0.13379E+04  0.13384E+04  0.13390E+04
  0.13396E+04  0.13401E+04  0.13403E+04  0.13402E+04  0.13397E+04  0.13375E+04
  0.13332E+04  0.13281E+04  0.13203E+04  0.13100E+04  0.12978E+04  0.12850E+04
  0.12600E+04  0.12272E+04  0.11982E+04  0.11499E+04  0.10930E+04  0.10521E+04
  0.98806E+03  0.92458E+03  0.85974E+03  0.82544E+03  0.80957E+03  0.88477E+03
  0.10409E+04  0.10200E+04  0.12630E+04  0.16061E+04  0.20970E+04  0.28085E+04
  0.38528E+04  0.54030E+04  0.77286E+04  0.11249E+05  0.16623E+05  0.00000E+00
  0.85042E+03  0.17014E+04  0.25524E+04  0.25530E+04  0.25537E+04  0.25545E+04
  0.25554E+04  0.25562E+04  0.25569E+04  0.25571E+04  0.25567E+04  0.25557E+04
  0.25520E+04  0.25449E+04  0.25364E+04  0.25235E+04  0.25069E+04  0.24870E+04
  0.24663E+04  0.24265E+04  0.23750E+04  0.23301E+04  0.22563E+04  0.21712E+04
  0.21134E+04  0.20245E+04  0.19429E+04  0.18683E+04  0.18502E+04  0.18741E+04
  0.20452E+04  0.23503E+04  0.24550E+04  0.29613E+04  0.36669E+04  0.46630E+04
  0.60881E+04  0.81542E+04  0.11186E+05  0.15687E+05  0.22438E+05  0.32659E+05
  0.00000E+00  0.16238E+04  0.32486E+04  0.48734E+04  0.48743E+04  0.48753E+04
  0.48765E+04  0.48777E+04  0.48789E+04  0.48798E+04  0.48799E+04  0.48790E+04
  0.48771E+04  0.48708E+04  0.48590E+04  0.48449E+04  0.48239E+04  0.47967E+04
  0.47644E+04  0.47307E+04  0.46672E+04  0.45855E+04  0.45149E+04  0.44005E+04
  0.42708E+04  0.41864E+04  0.40594E+04  0.39507E+04  0.38631E+04  0.38731E+04
  0.39621E+04  0.42838E+04  0.48189E+04  0.51195E+04  0.60226E+04  0.72649E+04
  0.89958E+04  0.11439E+05  0.14936E+05  0.20004E+05  0.27443E+05  0.38483E+05
  0.55045E+05  0.00000E+00  0.31005E+04  0.62025E+04  0.93045E+04  0.93058E+04
  0.93073E+04  0.93090E+04  0.93109E+04  0.93125E+04  0.93137E+04  0.93134E+04
  0.93117E+04  0.93082E+04  0.92976E+04  0.92781E+04  0.92548E+04  0.92203E+04
  0.91759E+04  0.91233E+04  0.90684E+04  0.89664E+04  0.88362E+04  0.87240E+04
  0.85447E+04  0.83440E+04  0.82171E+04  0.80301E+04  0.78797E+04  0.77733E+04
  0.78294E+04  0.80226E+04  0.85794E+04  0.94685E+04  0.10073E+05  0.11576E+05
  0.13618E+05  0.16427E+05  0.20341E+05  0.25867E+05  0.33774E+05  0.45235E+05
  0.62052E+05  0.87019E+05  0.00000E+00  0.59208E+04  0.11844E+05  0.17767E+05
  0.17769E+05  0.17772E+05  0.17774E+05  0.17777E+05  0.17779E+05  0.17781E+05
  0.17780E+05  0.17776E+05  0.17770E+05  0.17752E+05  0.17720E+05  0.17681E+05
  0.17625E+05  0.17553E+05  0.17467E+05  0.17377E+05  0.17213E+05  0.17005E+05
  0.16825E+05  0.16541E+05  0.16227E+05  0.16031E+05  0.15748E+05  0.15532E+05
  0.15397E+05  0.15525E+05  0.15883E+05  0.16804E+05  0.18238E+05  0.19313E+05
  0.21725E+05  0.24966E+05  0.29370E+05  0.35427E+05  0.43869E+05  0.55786E+05
  0.72839E+05  0.97552E+05  0.13382E+06  0.00000E+00  0.11306E+05  0.22617E+05
  0.33926E+05  0.33929E+05  0.33933E+05  0.33936E+05  0.33940E+05  0.33943E+05
  0.33945E+05  0.33943E+05  0.33936E+05  0.33925E+05  0.33895E+05  0.33842E+05
  0.33779E+05  0.33687E+05  0.33569E+05  0.33429E+05  0.33282E+05  0.33018E+05
  0.32683E+05  0.32393E+05  0.31941E+05  0.31444E+05  0.31137E+05  0.30700E+05
  0.30376E+05  0.30193E+05  0.30434E+05  0.31046E+05  0.32531E+05  0.34801E+05
  0.36597E+05  0.40390E+05  0.45434E+05  0.52213E+05  0.61422E+05  0.74093E+05
  0.91745E+05  0.11667E+06  0.15233E+06  0.20402E+06  0.00000E+00  0.21588E+05
  0.43185E+05  0.64778E+05  0.64783E+05  0.64788E+05  0.64793E+05  0.64799E+05
  0.64803E+05  0.64805E+05  0.64800E+05  0.64788E+05  0.64768E+05  0.64719E+05
  0.64632E+05  0.64528E+05  0.64378E+05  0.64186E+05  0.63958E+05  0.63718E+05
  0.63290E+05  0.62751E+05  0.62284E+05  0.61560E+05  0.60768E+05  0.60277E+05
  0.59590E+05  0.59092E+05  0.58826E+05  0.59235E+05  0.60236E+05  0.62588E+05
  0.66141E+05  0.69042E+05  0.74933E+05  0.82699E+05  0.93028E+05  0.10690E+06
  0.12577E+06  0.15171E+06  0.18786E+06  0.23888E+06  0.31190E+06  0.00000E+00
  0.41228E+05  0.82471E+05  0.12371E+06  0.12371E+06  0.12372E+06  0.12373E+06
  0.12374E+06  0.12374E+06  0.12374E+06  0.12373E+06  0.12371E+06  0.12368E+06
  0.12360E+06  0.12345E+06  0.12328E+06  0.12304E+06  0.12273E+06  0.12235E+06
  0.12196E+06  0.12127E+06  0.12040E+06  0.11965E+06  0.11848E+06  0.11721E+06
  0.11642E+06  0.11533E+06  0.11454E+06  0.11413E+06  0.11478E+06  0.11637E+06
  0.12005E+06  0.12557E+06  0.13016E+06  0.13924E+06  0.15112E+06  0.16678E+06
  0.18761E+06  0.21560E+06  0.25363E+06  0.30595E+06  0.37884E+06  0.48175E+06
  0.00000E+00  0.78725E+05  0.15748E+06  0.23621E+06  0.23622E+06  0.23624E+06
  0.23625E+06  0.23626E+06  0.23626E+06  0.23626E+06  0.23625E+06  0.23621E+06
  0.23615E+06  0.23602E+06  0.23578E+06  0.23551E+06  0.23511E+06  0.23460E+06
  0.23399E+06  0.23336E+06  0.23224E+06  0.23084E+06  0.22961E+06  0.22774E+06
  0.22569E+06  0.22440E+06  0.22264E+06  0.22137E+06  0.22070E+06  0.22171E+06
  0.22419E+06  0.22990E+06  0.23842E+06  0.24556E+06  0.25950E+06  0.27761E+06
  0.30129E+06  0.33251E+06  0.37405E+06  0.42985E+06  0.50569E+06  0.60999E+06
  0.75532E+06
