  0.00000E+00  0.00000E+00  0.00000E+00  0.00000E+00  0.00000E+00  0.00000E+00
  0.00000E+00  0.00000E+00  0.00000E+00  0.00000E+00  0.00000E+00  0.00000E+00
  0.00000E+00  0.00000E+00  0.00000E+00  0.00000E+00  0.00000E+00  0.00000E+00
  0.00000E+00  0.00000E+00  0.00000E+00  0.00000E+00  0.00000E+00  0.00000E+00
  0.00000E+00  0.00000E+00  0.00000E+00  0.00000E+00  0.00000E+00  0.00000E+00
  0.00000E+00  0.00000E+00  0.00000E+00  0.00000E+00  0.00000E+00  0.00000E+00
  0.00000E+00  0.00000E+00  0.00000E+00  0.00000E+00  0.00000E+00  0.00000E+00
  0.00000E+00  0.00000E+00  0.14190E-10  0.21655E-09  0.12490E-08  0.98651E-08
  0.40471E-07  0.13092E-06  0.37242E-06  0.10077E-05  0.26069E-05  0.66293E-05
  0.15956E-04  0.35902E-04  0.00000E+00  0.20940E-03  0.49426E-03  0.11096E-02
  0.23936E-02  0.50004E-02  0.10090E-01  0.21263E-01  0.44160E-01  0.87206E-01
  0.17513E+00  0.34451E+00  0.63892E+00  0.12024E+01  0.22072E+01  0.39777E+01
  0.68974E+01  0.11742E+02  0.19053E+02  0.30233E+02  0.51859E+02  0.82299E+02
  0.13062E+03  0.20731E+03  0.32902E+03  0.52225E+03  0.82896E+03  0.13159E+04
  0.20886E+04  0.33153E+04  0.00000E+00  0.31533E-09  0.15020E-09  0.17190E-08
  0.18625E-07  0.83036E-07  0.27657E-06  0.79245E-06  0.21426E-05  0.55124E-05
  0.13928E-04  0.33278E-04  0.74332E-04  0.00000E+00  0.42868E-03  0.10072E-02
  0.22529E-02  0.48453E-02  0.10100E-01  0.20335E-01  0.42788E-01  0.88766E-01
  0.17516E+00  0.35147E+00  0.69095E+00  0.12807E+01  0.24093E+01  0.44212E+01
  0.79654E+01  0.13809E+02  0.23505E+02  0.38135E+02  0.60505E+02  0.10378E+03
  0.16468E+03  0.26135E+03  0.41478E+03  0.65827E+03  0.10449E+04  0.16584E+04
  0.26325E+04  0.41784E+04  0.66324E+04  0.00000E+00  0.15803E-08  0.25995E-08
  0.10729E-08  0.18874E-07  0.11483E-06  0.42006E-06  0.12446E-05  0.34056E-05
  0.87663E-05  0.22052E-04  0.52325E-04  0.11610E-03  0.00000E+00  0.66162E-03
  0.15461E-02  0.34448E-02  0.73802E-02  0.15331E-01  0.30813E-01  0.64697E-01
  0.13398E+00  0.26397E+00  0.52915E+00  0.10394E+01  0.19254E+01  0.36202E+01
  0.66405E+01  0.11960E+02  0.20729E+02  0.35276E+02  0.57222E+02  0.90775E+02
  0.15568E+03  0.24702E+03  0.39200E+03  0.62210E+03  0.98726E+03  0.15670E+04
  0.24871E+04  0.39478E+04  0.62660E+04  0.99460E+04  0.00000E+00  0.54277E-08
  0.10645E-07  0.12838E-07  0.62824E-08  0.10638E-06  0.52168E-06  0.16881E-05
  0.47750E-05  0.12414E-04  0.31224E-04  0.73704E-04  0.16234E-03  0.00000E+00
  0.91293E-03  0.21209E-02  0.46990E-02  0.10026E-01  0.20754E-01  0.41575E-01
  0.87106E-01  0.18001E+00  0.35409E+00  0.70890E+00  0.13911E+01  0.25748E+01
  0.48381E+01  0.88699E+01  0.15969E+02  0.27668E+02  0.47072E+02  0.76340E+02
  0.12108E+03  0.20763E+03  0.32942E+03  0.52271E+03  0.82948E+03  0.13163E+04
  0.20892E+04  0.33158E+04  0.52631E+04  0.83534E+04  0.13259E+05  0.00000E+00
  0.16444E-07  0.34187E-07  0.49777E-07  0.10570E-06  0.31112E-07  0.45029E-06
  0.19544E-05  0.60710E-05  0.16315E-04  0.41470E-04  0.97784E-04  0.21411E-03
  0.00000E+00  0.11880E-02  0.27416E-02  0.60382E-02  0.12819E-01  0.26417E-01
  0.52731E-01  0.11015E+00  0.22716E+00  0.44592E+00  0.89140E+00  0.17471E+01
  0.32304E+01  0.60652E+01  0.11113E+02  0.19996E+02  0.34632E+02  0.58901E+02
  0.95499E+02  0.15144E+03  0.25965E+03  0.41188E+03  0.65349E+03  0.10369E+04
  0.16454E+04  0.26113E+04  0.41444E+04  0.65780E+04  0.10440E+05  0.16571E+05
  0.00000E+00  0.46731E-07  0.99184E-07  0.15387E-06  0.40558E-06  0.52666E-06
  0.13493E-06  0.15938E-05  0.67575E-05  0.19914E-04  0.52394E-04  0.12455E-03
  0.27218E-03  0.00000E+00  0.14941E-02  0.34227E-02  0.74884E-02  0.15803E-01
  0.32411E-01  0.64408E-01  0.13410E+00  0.27575E+00  0.54015E+00  0.10778E+01
  0.21092E+01  0.38952E+01  0.73062E+01  0.13376E+02  0.24053E+02  0.41638E+02
  0.70788E+02  0.11473E+03  0.18189E+03  0.31180E+03  0.49453E+03  0.78451E+03
  0.12447E+04  0.19749E+04  0.31340E+04  0.49737E+04  0.78939E+04  0.12528E+05
  0.19885E+05  0.00000E+00  0.12912E-06  0.27521E-06  0.43693E-06  0.12384E-05
  0.19843E-05  0.21386E-05  0.61075E-06  0.53237E-05  0.21474E-04  0.62198E-04
  0.15249E-03  0.33579E-03  0.00000E+00  0.18366E-02  0.41784E-02  0.90786E-02
  0.19036E-01  0.38812E-01  0.76766E-01  0.15916E+00  0.32623E+00  0.63719E+00
  0.12686E+01  0.24781E+01  0.45695E+01  0.85609E+01  0.15658E+02  0.28136E+02
  0.48674E+02  0.82709E+02  0.13400E+03  0.21236E+03  0.36394E+03  0.57711E+03
  0.91535E+03  0.14521E+04  0.23037E+04  0.36555E+04  0.58009E+04  0.92063E+04
  0.14610E+05  0.23189E+05  0.00000E+00  0.35726E-06  0.75915E-06  0.12124E-05
  0.35350E-05  0.60834E-05  0.80721E-05  0.80542E-05  0.25316E-05  0.15796E-04
  0.64987E-04  0.17522E-03  0.39857E-03  0.00000E+00  0.22151E-02  0.50146E-02
  0.10831E-01  0.22562E-01  0.45719E-01  0.89912E-01  0.18561E+00  0.37900E+00
  0.73780E+00  0.14651E+01  0.28558E+01  0.52566E+01  0.98341E+01  0.17966E+02
  0.32253E+02  0.55754E+02  0.94683E+02  0.15332E+03  0.24287E+03  0.41612E+03
  0.65967E+03  0.10461E+04  0.16592E+04  0.26319E+04  0.41758E+04  0.66260E+04
  0.10515E+05  0.16687E+05  0.26483E+05  0.00000E+00  0.95015E-06  0.20064E-05
  0.31945E-05  0.93752E-05  0.16497E-04  0.23313E-04  0.27820E-04  0.25559E-04
  0.73942E-05  0.49380E-04  0.18071E-03  0.44891E-03  0.00000E+00  0.26269E-02
  0.59408E-02  0.12774E-01  0.26445E-01  0.53247E-01  0.10408E+00  0.21384E+00
  0.43475E+00  0.84318E+00  0.16692E+01  0.32456E+01  0.59609E+01  0.11133E+02
  0.20310E+02  0.36421E+02  0.62901E+02  0.10674E+03  0.17273E+03  0.27347E+03
  0.46839E+03  0.74227E+03  0.11767E+04  0.18660E+04  0.29595E+04  0.46950E+04
  0.74490E+04  0.11820E+05  0.18756E+05  0.29766E+05  0.00000E+00  0.25205E-05
  0.52835E-05  0.83629E-05  0.24505E-04  0.43363E-04  0.62638E-04  0.79455E-04
  0.88092E-04  0.77236E-04  0.18266E-04  0.13099E-03  0.44529E-03  0.00000E+00
  0.30271E-02  0.69134E-02  0.14875E-01  0.30680E-01  0.61431E-01  0.11934E+00
  0.24399E+00  0.49386E+00  0.95366E+00  0.18816E+01  0.36479E+01  0.66827E+01
  0.12456E+02  0.22687E+02  0.40630E+02  0.70090E+02  0.11883E+03  0.19214E+03
  0.30399E+03  0.52048E+03  0.82446E+03  0.13066E+04  0.20714E+04  0.32845E+04
  0.52097E+04  0.82644E+04  0.13113E+05  0.20805E+05  0.33015E+05  0.00000E+00
  0.66745E-05  0.13887E-04  0.21824E-04  0.63616E-04  0.11229E-03  0.16309E-03
  0.21126E-03  0.24963E-03  0.26427E-03  0.21893E-03  0.65410E-04  0.28750E-03
  0.00000E+00  0.32976E-02  0.77960E-02  0.16994E-01  0.35129E-01  0.70134E-01
  0.13558E+00  0.27611E+00  0.55648E+00  0.10697E+01  0.21030E+01  0.40643E+01
  0.74238E+01  0.13807E+02  0.25100E+02  0.44880E+02  0.77319E+02  0.13094E+03
  0.21151E+03  0.33437E+03  0.57223E+03  0.90596E+03  0.14351E+04  0.22743E+04
  0.36053E+04  0.57174E+04  0.90683E+04  0.14386E+05  0.22824E+05  0.36215E+05
  0.00000E+00  0.17730E-04  0.36654E-04  0.57195E-04  0.16564E-03  0.29068E-03
  0.42128E-03  0.54819E-03  0.66279E-03  0.74811E-03  0.75800E-03  0.64037E-03
  0.27965E-03  0.00000E+00  0.31141E-02  0.82010E-02  0.18685E-01  0.39280E-01
  0.78778E-01  0.15206E+00  0.30934E+00  0.62169E+00  0.11899E+01  0.23319E+01
  0.44927E+01  0.81801E+01  0.15177E+02  0.27534E+02  0.49148E+02  0.84543E+02
  0.14299E+03  0.23070E+03  0.36430E+03  0.62319E+03  0.98596E+03  0.15610E+04
  0.24728E+04  0.39186E+04  0.62125E+04  0.98513E+04  0.15626E+05  0.24787E+05
  0.39326E+05  0.00000E+00  0.45640E-04  0.93802E-04  0.14541E-03  0.41825E-03
  0.72884E-03  0.10494E-02  0.13611E-02  0.16522E-02  0.19029E-02  0.20539E-02
  0.20541E-02  0.17477E-02  0.00000E+00  0.18929E-02  0.74586E-02  0.19221E-01
  0.42352E-01  0.86522E-01  0.16790E+00  0.34282E+00  0.68885E+00  0.13141E+01
  0.25684E+01  0.49340E+01  0.89528E+01  0.16569E+02  0.29991E+02  0.53432E+02
  0.91747E+02  0.15495E+03  0.24961E+03  0.39364E+03  0.67305E+03  0.10639E+04
  0.16833E+04  0.26651E+04  0.42215E+04  0.66905E+04  0.10606E+05  0.16820E+05
  0.26676E+05  0.42318E+05  0.00000E+00  0.10679E-03  0.21839E-03  0.33648E-03
  0.96135E-03  0.16623E-02  0.23748E-02  0.30559E-02  0.36905E-02  0.42527E-02
  0.46638E-02  0.48803E-02  0.46785E-02  0.00000E+00  0.84825E-03  0.51700E-02
  0.18400E-01  0.44501E-01  0.94076E-01  0.18461E+00  0.37965E+00  0.76335E+00
  0.14507E+01  0.28266E+01  0.54104E+01  0.97753E+01  0.18033E+02  0.32546E+02
  0.57841E+02  0.99091E+02  0.16703E+03  0.26857E+03  0.42282E+03  0.72249E+03
  0.11409E+04  0.18035E+04  0.28534E+04  0.45174E+04  0.71563E+04  0.11341E+05
  0.17980E+05  0.28510E+05  0.45219E+05  0.00000E+00  0.38529E-03  0.78455E-03
  0.12026E-02  0.25307E-02  0.39065E-02  0.52260E-02  0.64416E-02  0.75390E-02
  0.85002E-02  0.92858E-02  0.98132E-02  0.99790E-02  0.88499E-02  0.00000E+00
  0.71994E-03  0.15003E-01  0.43185E-01  0.96231E-01  0.19155E+00  0.39735E+00
  0.79904E+00  0.15046E+01  0.29181E+01  0.55568E+01  0.99824E+01  0.18332E+02
  0.32956E+02  0.58371E+02  0.99695E+02  0.16762E+03  0.26888E+03  0.42242E+03
  0.72111E+03  0.11372E+04  0.17957E+04  0.28387E+04  0.44910E+04  0.71106E+04
  0.11264E+05  0.17851E+05  0.28298E+05  0.44874E+05  0.00000E+00  0.10582E-02
  0.21463E-02  0.32767E-02  0.59587E-02  0.86088E-02  0.11044E-01  0.13217E-01
  0.15106E-01  0.16716E-01  0.18076E-01  0.19149E-01  0.19808E-01  0.18936E-01
  0.15150E-01  0.00000E+00  0.70365E-02  0.37575E-01  0.94571E-01  0.19566E+00
  0.41430E+00  0.83747E+00  0.15677E+01  0.30281E+01  0.57353E+01  0.10236E+02
  0.18701E+02  0.33461E+02  0.59024E+02  0.10044E+03  0.16835E+03  0.26924E+03
  0.42188E+03  0.71933E+03  0.11325E+04  0.17859E+04  0.28201E+04  0.44578E+04
  0.70532E+04  0.11167E+05  0.17690E+05  0.28033E+05  0.44441E+05  0.00000E+00
  0.27689E-02  0.56017E-02  0.85203E-02  0.13562E-01  0.18251E-01  0.22422E-01
  0.25933E-01  0.28921E-01  0.31471E-01  0.33597E-01  0.35242E-01  0.36521E-01
  0.35814E-01  0.31724E-01  0.23450E-01  0.47162E-02  0.28144E-01  0.91029E-01
  0.20096E+00  0.43825E+00  0.89021E+00  0.16585E+01  0.31862E+01  0.59919E+01
  0.10605E+02  0.19244E+02  0.34219E+02  0.60040E+02  0.10168E+03  0.16974E+03
  0.27044E+03  0.42239E+03  0.71898E+03  0.11295E+04  0.17783E+04  0.28043E+04
  0.44281E+04  0.70003E+04  0.11076E+05  0.17536E+05  0.27777E+05  0.44020E+05
  0.00000E+00  0.68161E-02  0.13750E-01  0.20858E-01  0.29820E-01  0.37786E-01
  0.44475E-01  0.49977E-01  0.54495E-01  0.58378E-01  0.61420E-01  0.63970E-01
  0.65889E-01  0.65437E-01  0.60477E-01  0.50956E-01  0.29912E-01  0.94333E-02
  0.81372E-01  0.20194E+00  0.46448E+00  0.95653E+00  0.17761E+01  0.33940E+01
  0.63316E+01  0.11097E+02  0.19971E+02  0.35243E+02  0.61427E+02  0.10340E+03
  0.17175E+03  0.27238E+03  0.42370E+03  0.71963E+03  0.11276E+04  0.17715E+04
  0.27890E+04  0.43980E+04  0.69452E+04  0.10979E+05  0.17371E+05  0.27501E+05
  0.43564E+05  0.00000E+00  0.15699E-01  0.31615E-01  0.47847E-01  0.63264E-01
  0.76382E-01  0.87145E-01  0.95618E-01  0.10256E+00  0.10831E+00  0.11288E+00
  0.11653E+00  0.11943E+00  0.11905E+00  0.11283E+00  0.10128E+00  0.75931E-01
  0.28656E-01  0.53664E-01  0.65086E+00  0.48478E+00  0.10306E+01  0.19168E+01
  0.36519E+01  0.67602E+01  0.11721E+02  0.20899E+02  0.36554E+02  0.63211E+02
  0.10564E+03  0.17439E+03  0.27498E+03  0.42563E+03  0.72091E+03  0.11259E+04
  0.17643E+04  0.27718E+04  0.43635E+04  0.68815E+04  0.10867E+05  0.17179E+05
  0.27178E+05  0.43029E+05  0.00000E+00  0.34882E-01  0.70164E-01  0.10596E+00
  0.13279E+00  0.15448E+00  0.17175E+00  0.18516E+00  0.19607E+00  0.20444E+00
  0.21131E+00  0.21733E+00  0.22175E+00  0.22154E+00  0.21424E+00  0.19981E+00
  0.16891E+00  0.11215E+00  0.15223E-01  0.14079E+00  0.48705E+00  0.10912E+01
  0.20573E+01  0.39386E+01  0.72581E+01  0.12455E+02  0.22001E+02  0.38117E+02
  0.65334E+02  0.10827E+03  0.17744E+03  0.27786E+03  0.42746E+03  0.72166E+03
  0.11226E+04  0.17533E+04  0.27473E+04  0.43159E+04  0.67951E+04  0.10716E+05
  0.16922E+05  0.26749E+05  0.42321E+05  0.00000E+00  0.77378E-01  0.15546E+00
  0.23449E+00  0.28118E+00  0.31765E+00  0.34555E+00  0.36656E+00  0.38360E+00
  0.39618E+00  0.40734E+00  0.41615E+00  0.42384E+00  0.42410E+00  0.41485E+00
  0.39835E+00  0.36018E+00  0.29251E+00  0.17837E+00  0.00000E+00  0.38942E+00
  0.11088E+01  0.21483E+01  0.42073E+01  0.77817E+01  0.13252E+02  0.23229E+02
  0.39872E+02  0.67711E+02  0.11117E+03  0.18067E+03  0.28058E+03  0.42844E+03
  0.72068E+03  0.11155E+04  0.17352E+04  0.27101E+04  0.42463E+04  0.66715E+04
  0.10503E+05  0.16564E+05  0.26155E+05  0.41346E+05  0.00000E+00  0.16311E+00
  0.32733E+00  0.49319E+00  0.56796E+00  0.62276E+00  0.66229E+00  0.69028E+00
  0.71139E+00  0.72929E+00  0.74272E+00  0.75311E+00  0.76282E+00  0.76222E+00
  0.74805E+00  0.72441E+00  0.67173E+00  0.58127E+00  0.43592E+00  0.21780E+00
  0.25623E+00  0.10818E+01  0.22986E+01  0.46281E+01  0.85870E+01  0.14482E+02
  0.25126E+02  0.42610E+02  0.71501E+02  0.11601E+03  0.18655E+03  0.28679E+03
  0.43398E+03  0.72619E+03  0.11172E+04  0.17292E+04  0.26899E+04  0.42009E+04
  0.65829E+04  0.10342E+05  0.16283E+05  0.25676E+05  0.40545E+05  0.00000E+00
  0.45112E+00  0.90495E+00  0.13621E+01  0.13678E+01  0.13747E+01  0.13831E+01
  0.13930E+01  0.14041E+01  0.14163E+01  0.14278E+01  0.14389E+01  0.14490E+01
  0.14460E+01  0.14235E+01  0.13894E+01  0.13187E+01  0.12008E+01  0.10173E+01
  0.75290E+00  0.17305E+00  0.81428E+00  0.22100E+01  0.48650E+01  0.92800E+01
  0.15650E+02  0.27046E+02  0.45450E+02  0.75447E+02  0.12094E+03  0.19228E+03
  0.29213E+03  0.43729E+03  0.72775E+03  0.11112E+04  0.17095E+04  0.26461E+04
  0.41159E+04  0.64287E+04  0.10073E+05  0.15826E+05  0.24915E+05  0.39290E+05
  0.00000E+00  0.84047E+00  0.16850E+01  0.25343E+01  0.25426E+01  0.25528E+01
  0.25649E+01  0.25792E+01  0.25951E+01  0.26121E+01  0.26278E+01  0.26424E+01
  0.26550E+01  0.26473E+01  0.26104E+01  0.25578E+01  0.24542E+01  0.22884E+01
  0.20409E+01  0.16999E+01  0.95612E+00  0.27469E+00  0.19389E+01  0.50674E+01
  0.10136E+02  0.17186E+02  0.29652E+02  0.49373E+02  0.80986E+02  0.12802E+03
  0.20084E+03  0.30092E+03  0.44468E+03  0.73490E+03  0.11120E+04  0.16981E+04
  0.26123E+04  0.40432E+04  0.62897E+04  0.98235E+04  0.15393E+05  0.24183E+05
  0.38072E+05  0.00000E+00  0.15980E+01  0.32022E+01  0.48134E+01  0.48259E+01
  0.48410E+01  0.48591E+01  0.48802E+01  0.49036E+01  0.49284E+01  0.49506E+01
  0.49707E+01  0.49874E+01  0.49728E+01  0.49143E+01  0.48345E+01  0.46830E+01
  0.44487E+01  0.41115E+01  0.36676E+01  0.26985E+01  0.11383E+01  0.87209E+00
  0.46167E+01  0.10519E+02  0.18389E+02  0.32153E+02  0.53430E+02  0.86898E+02
  0.13556E+03  0.20977E+03  0.30943E+03  0.45039E+03  0.73901E+03  0.11062E+04
  0.16739E+04  0.25560E+04  0.39319E+04  0.60863E+04  0.94676E+04  0.14787E+05
  0.23170E+05  0.36401E+05  0.00000E+00  0.30605E+01  0.61306E+01  0.92111E+01
  0.92300E+01  0.92528E+01  0.92799E+01  0.93115E+01  0.93461E+01  0.93825E+01
  0.94143E+01  0.94422E+01  0.94644E+01  0.94380E+01  0.93450E+01  0.92225E+01
  0.89973E+01  0.86595E+01  0.81900E+01  0.75993E+01  0.63071E+01  0.42835E+01
  0.18069E+01  0.27687E+01  0.97714E+01  0.18663E+02  0.34055E+02  0.57226E+02
  0.92896E+02  0.14335E+03  0.21890E+03  0.31738E+03  0.45398E+03  0.73970E+03
  0.10931E+04  0.16362E+04  0.24759E+04  0.37804E+04  0.58160E+04  0.90022E+04
  0.14004E+05  0.21871E+05  0.34271E+05  0.00000E+00  0.58565E+01  0.11728E+02
  0.17614E+02  0.17643E+02  0.17677E+02  0.17718E+02  0.17765E+02  0.17816E+02
  0.17869E+02  0.17914E+02  0.17952E+02  0.17980E+02  0.17932E+02  0.17781E+02
  0.17588E+02  0.17244E+02  0.16743E+02  0.16069E+02  0.15256E+02  0.13482E+02
  0.10782E+02  0.76496E+01  0.19122E+01  0.65925E+01  0.16804E+02  0.34302E+02
  0.59851E+02  0.98210E+02  0.15066E+03  0.22755E+03  0.32393E+03  0.45426E+03
  0.73583E+03  0.10710E+04  0.15827E+04  0.23691E+04  0.35847E+04  0.54740E+04
  0.84211E+04  0.13035E+05  0.20276E+05  0.31668E+05  0.00000E+00  0.11146E+02
  0.22315E+02  0.33506E+02  0.33548E+02  0.33599E+02  0.33660E+02  0.33729E+02
  0.33804E+02  0.33880E+02  0.33942E+02  0.33990E+02  0.34021E+02  0.33931E+02
  0.33680E+02  0.33366E+02  0.32826E+02  0.32058E+02  0.31056E+02  0.29892E+02
  0.27377E+02  0.23656E+02  0.19561E+02  0.12143E+02  0.15178E+01  0.10465E+02
  0.30779E+02  0.59403E+02  0.10114E+03  0.15590E+03  0.23408E+03  0.32713E+03
  0.44877E+03  0.72484E+03  0.10368E+04  0.15091E+04  0.22300E+04  0.33379E+04
  0.50511E+04  0.77128E+04  0.11866E+05  0.18366E+05  0.28569E+05  0.00000E+00
  0.21467E+02  0.42971E+02  0.64508E+02  0.64572E+02  0.64649E+02  0.64740E+02
  0.64845E+02  0.64956E+02  0.65068E+02  0.65155E+02  0.65218E+02  0.65253E+02
  0.65095E+02  0.64686E+02  0.64182E+02  0.63335E+02  0.62158E+02  0.60657E+02
  0.58974E+02  0.55358E+02  0.50143E+02  0.44702E+02  0.34932E+02  0.21418E+02
  0.72278E+01  0.16612E+02  0.48857E+02  0.94297E+02  0.15082E+03  0.22891E+03
  0.31502E+03  0.42192E+03  0.68691E+03  0.96328E+03  0.13779E+04  0.20055E+04
  0.29635E+04  0.44362E+04  0.67128E+04  0.10251E+05  0.15769E+05  0.24408E+05
  0.00000E+00  0.40735E+02  0.81527E+02  0.12237E+03  0.12246E+03  0.12258E+03
  0.12271E+03  0.12286E+03  0.12302E+03  0.12318E+03  0.12329E+03  0.12337E+03
  0.12338E+03  0.12309E+03  0.12240E+03  0.12156E+03  0.12019E+03  0.11832E+03
  0.11598E+03  0.11342E+03  0.10802E+03  0.10043E+03  0.92863E+02  0.79475E+02
  0.61612E+02  0.44198E+02  0.15298E+02  0.21975E+02  0.72387E+02  0.13097E+03
  0.20851E+03  0.28480E+03  0.37185E+03  0.62313E+03  0.85481E+03  0.11988E+04
  0.17147E+04  0.24957E+04  0.36880E+04  0.55205E+04  0.83540E+04  0.12756E+05
  0.19623E+05  0.00000E+00  0.78404E+02  0.15690E+03  0.23546E+03  0.23561E+03
  0.23578E+03  0.23598E+03  0.23621E+03  0.23645E+03  0.23668E+03  0.23683E+03
  0.23691E+03  0.23690E+03  0.23640E+03  0.23526E+03  0.23389E+03  0.23169E+03
  0.22873E+03  0.22510E+03  0.22120E+03  0.21310E+03  0.20194E+03  0.19130E+03
  0.17268E+03  0.14868E+03  0.12714E+03  0.91745E+02  0.48566E+02  0.69766E+01
  0.65658E+02  0.13860E+03  0.19614E+03  0.24943E+03  0.47394E+03  0.63476E+03
  0.87077E+03  0.12211E+04  0.17466E+04  0.25424E+04  0.37569E+04  0.56238E+04
  0.85097E+04  0.12994E+05  0.00000E+00  0.14964E+03  0.29942E+03  0.44929E+03
  0.44951E+03  0.44977E+03  0.45007E+03  0.45040E+03  0.45075E+03  0.45107E+03
  0.45126E+03  0.45133E+03  0.45124E+03  0.45036E+03  0.44846E+03  0.44618E+03
  0.44259E+03  0.43783E+03  0.43204E+03  0.42592E+03  0.41345E+03  0.39661E+03
  0.38106E+03  0.35429E+03  0.32092E+03  0.29325E+03  0.24840E+03  0.19704E+03
  0.13492E+03  0.77524E+02  0.13028E+02  0.15716E+02  0.19460E+02  0.20503E+03
  0.26769E+03  0.35853E+03  0.49183E+03  0.68968E+03  0.98655E+03  0.14360E+04
  0.21220E+04  0.31763E+04  0.48064E+04  0.00000E+00  0.28573E+03  0.57170E+03
  0.85779E+03  0.85811E+03  0.85849E+03  0.85894E+03  0.85943E+03  0.85993E+03
  0.86038E+03  0.86060E+03  0.86062E+03  0.86036E+03  0.85882E+03  0.85566E+03
  0.85187E+03  0.84601E+03  0.83830E+03  0.82901E+03  0.81927E+03  0.79982E+03
  0.77399E+03  0.75076E+03  0.71138E+03  0.66373E+03  0.62712E+03  0.56870E+03
  0.50632E+03  0.43641E+03  0.38382E+03  0.33560E+03  0.35344E+03  0.42635E+03
  0.30289E+03  0.38516E+03  0.50289E+03  0.67354E+03  0.92393E+03  0.12957E+04
  0.18534E+04  0.26978E+04  0.39863E+04  0.59671E+04  0.00000E+00  0.54552E+03
  0.10914E+04  0.16375E+04  0.16380E+04  0.16385E+04  0.16392E+04  0.16399E+04
  0.16406E+04  0.16413E+04  0.16415E+04  0.16414E+04  0.16408E+04  0.16381E+04
  0.16329E+04  0.16266E+04  0.16170E+04  0.16045E+04  0.15894E+04  0.15738E+04
  0.15431E+04  0.15030E+04  0.14675E+04  0.14084E+04  0.13387E+04  0.12886E+04
  0.12101E+04  0.11324E+04  0.10530E+04  0.10109E+04  0.99151E+03  0.10836E+04
  0.12748E+04  0.12492E+04  0.15468E+04  0.19671E+04  0.25683E+04  0.34397E+04
  0.47187E+04  0.66173E+04  0.94655E+04  0.13777E+05  0.20358E+05  0.00000E+00
  0.10415E+04  0.20837E+04  0.31261E+04  0.31268E+04  0.31277E+04  0.31286E+04
  0.31297E+04  0.31307E+04  0.31315E+04  0.31318E+04  0.31313E+04  0.31301E+04
  0.31256E+04  0.31169E+04  0.31064E+04  0.30907E+04  0.30703E+04  0.30459E+04
  0.30206E+04  0.29719E+04  0.29088E+04  0.28538E+04  0.27634E+04  0.26591E+04
  0.25883E+04  0.24795E+04  0.23796E+04  0.22882E+04  0.22661E+04  0.22953E+04
  0.25049E+04  0.28786E+04  0.30067E+04  0.36269E+04  0.44910E+04  0.57110E+04
  0.74564E+04  0.99868E+04  0.13700E+05  0.19213E+05  0.27480E+05  0.39999E+05
  0.00000E+00  0.19888E+04  0.39787E+04  0.59686E+04  0.59697E+04  0.59710E+04
  0.59724E+04  0.59740E+04  0.59754E+04  0.59765E+04  0.59766E+04  0.59756E+04
  0.59732E+04  0.59655E+04  0.59511E+04  0.59338E+04  0.59080E+04  0.58747E+04
  0.58351E+04  0.57939E+04  0.57161E+04  0.56161E+04  0.55296E+04  0.53895E+04
  0.52306E+04  0.51273E+04  0.49717E+04  0.48386E+04  0.47313E+04  0.47435E+04
  0.48525E+04  0.52466E+04  0.59019E+04  0.62701E+04  0.73762E+04  0.88977E+04
  0.11018E+05  0.14010E+05  0.18293E+05  0.24500E+05  0.33610E+05  0.47132E+05
  0.67416E+05  0.00000E+00  0.37973E+04  0.75965E+04  0.11396E+05  0.11397E+05
  0.11399E+05  0.11401E+05  0.11403E+05  0.11405E+05  0.11407E+05  0.11407E+05
  0.11404E+05  0.11400E+05  0.11387E+05  0.11363E+05  0.11335E+05  0.11292E+05
  0.11238E+05  0.11174E+05  0.11106E+05  0.10982E+05  0.10822E+05  0.10685E+05
  0.10465E+05  0.10219E+05  0.10064E+05  0.98348E+04  0.96506E+04  0.95203E+04
  0.95890E+04  0.98257E+04  0.10508E+05  0.11597E+05  0.12337E+05  0.14178E+05
  0.16679E+05  0.20119E+05  0.24912E+05  0.31681E+05  0.41364E+05  0.55402E+05
  0.75998E+05  0.10658E+06  0.00000E+00  0.72515E+04  0.14506E+05  0.21761E+05
  0.21763E+05  0.21766E+05  0.21769E+05  0.21772E+05  0.21775E+05  0.21777E+05
  0.21775E+05  0.21771E+05  0.21764E+05  0.21742E+05  0.21702E+05  0.21655E+05
  0.21586E+05  0.21498E+05  0.21392E+05  0.21283E+05  0.21081E+05  0.20826E+05
  0.20606E+05  0.20259E+05  0.19873E+05  0.19634E+05  0.19288E+05  0.19023E+05
  0.18857E+05  0.19015E+05  0.19452E+05  0.20581E+05  0.22337E+05  0.23653E+05
  0.26607E+05  0.30577E+05  0.35971E+05  0.43389E+05  0.53728E+05  0.68323E+05
  0.89209E+05  0.11948E+06  0.16390E+06  0.00000E+00  0.13847E+05  0.27700E+05
  0.41551E+05  0.41555E+05  0.41559E+05  0.41563E+05  0.41568E+05  0.41572E+05
  0.41574E+05  0.41571E+05  0.41563E+05  0.41550E+05  0.41513E+05  0.41448E+05
  0.41371E+05  0.41258E+05  0.41113E+05  0.40942E+05  0.40762E+05  0.40438E+05
  0.40028E+05  0.39674E+05  0.39120E+05  0.38511E+05  0.38134E+05  0.37599E+05
  0.37203E+05  0.36979E+05  0.37274E+05  0.38023E+05  0.39842E+05  0.42622E+05
  0.44822E+05  0.49467E+05  0.55646E+05  0.63947E+05  0.75226E+05  0.90745E+05
  0.11236E+06  0.14289E+06  0.18656E+06  0.24987E+06  0.00000E+00  0.26440E+05
  0.52891E+05  0.79337E+05  0.79342E+05  0.79348E+05  0.79355E+05  0.79362E+05
  0.79367E+05  0.79369E+05  0.79363E+05  0.79349E+05  0.79325E+05  0.79264E+05
  0.79158E+05  0.79031E+05  0.78847E+05  0.78611E+05  0.78332E+05  0.78038E+05
  0.77514E+05  0.76854E+05  0.76282E+05  0.75396E+05  0.74425E+05  0.73824E+05
  0.72983E+05  0.72372E+05  0.72047E+05  0.72548E+05  0.73774E+05  0.76654E+05
  0.81006E+05  0.84559E+05  0.91773E+05  0.10128E+06  0.11393E+06  0.13093E+06
  0.15403E+06  0.18580E+06  0.23008E+06  0.29257E+06  0.38200E+06  0.00000E+00
  0.50494E+05  0.10101E+06  0.15151E+06  0.15152E+06  0.15153E+06  0.15154E+06
  0.15154E+06  0.15155E+06  0.15155E+06  0.15154E+06  0.15152E+06  0.15147E+06
  0.15137E+06  0.15120E+06  0.15099E+06  0.15069E+06  0.15031E+06  0.14985E+06
  0.14937E+06  0.14853E+06  0.14746E+06  0.14653E+06  0.14511E+06  0.14356E+06
  0.14259E+06  0.14125E+06  0.14028E+06  0.13978E+06  0.14058E+06  0.14253E+06
  0.14704E+06  0.15379E+06  0.15941E+06  0.17053E+06  0.18508E+06  0.20426E+06
  0.22977E+06  0.26405E+06  0.31063E+06  0.37471E+06  0.46398E+06  0.59002E+06
  0.00000E+00  0.96418E+05  0.19287E+06  0.28930E+06  0.28931E+06  0.28933E+06
  0.28934E+06  0.28935E+06  0.28936E+06  0.28936E+06  0.28934E+06  0.28930E+06
  0.28923E+06  0.28906E+06  0.28878E+06  0.28844E+06  0.28795E+06  0.28732E+06
  0.28658E+06  0.28580E+06  0.28443E+06  0.28271E+06  0.28121E+06  0.27892E+06
  0.27642E+06  0.27484E+06  0.27268E+06  0.27112E+06  0.27030E+06  0.27153E+06
  0.27457E+06  0.28157E+06  0.29201E+06  0.30075E+06  0.31782E+06  0.34000E+06
  0.36901E+06  0.40724E+06  0.45811E+06  0.52646E+06  0.61934E+06  0.74708E+06
  0.92507E+06
