  0.00000E+00  0.00000E+00  0.00000E+00  0.00000E+00  0.00000E+00  0.00000E+00
  0.00000E+00  0.00000E+00  0.00000E+00  0.00000E+00  0.00000E+00  0.00000E+00
  0.00000E+00  0.23035E-04  0.34326E-03  0.94828E-03  0.22109E-02  0.62473E-02
  0.13959E-01  0.30502E-01  0.70133E-01  0.14528E+00  0.29136E+00  0.64406E+00
  0.15959E+01  0.37281E+01  0.89767E+01  0.23950E+02  0.43156E+02  0.74826E+02
  0.12738E+03  0.20667E+03  0.32793E+03  0.93746E+03  0.14877E+04  0.23610E+04
  0.37472E+04  0.59471E+04  0.94399E+04  0.14984E+05  0.23784E+05  0.37751E+05
  0.59924E+05  0.00000E+00  0.00000E+00  0.00000E+00  0.00000E+00  0.00000E+00
  0.00000E+00  0.00000E+00  0.00000E+00  0.00000E+00  0.00000E+00  0.00000E+00
  0.00000E+00  0.11880E-07  0.12459E-03  0.44095E-03  0.11633E-02  0.30964E-02
  0.90396E-02  0.19719E-01  0.41581E-01  0.90509E-01  0.19483E+00  0.38429E+00
  0.80549E+00  0.19130E+01  0.43160E+01  0.11033E+02  0.26079E+02  0.48896E+02
  0.87377E+02  0.14872E+03  0.24126E+03  0.38276E+03  0.93779E+03  0.14881E+04
  0.23615E+04  0.37478E+04  0.59479E+04  0.94409E+04  0.14985E+05  0.23786E+05
  0.37753E+05  0.59926E+05  0.00000E+00  0.00000E+00  0.00000E+00  0.00000E+00
  0.00000E+00  0.00000E+00  0.00000E+00  0.00000E+00  0.00000E+00  0.00000E+00
  0.00000E+00  0.00000E+00  0.58707E-04  0.20188E-03  0.68390E-03  0.15935E-02
  0.40295E-02  0.11949E-01  0.25678E-01  0.53822E-01  0.11903E+00  0.25441E+00
  0.51406E+00  0.10607E+01  0.22888E+01  0.51708E+01  0.13241E+02  0.28224E+02
  0.54662E+02  0.99968E+02  0.17011E+03  0.27591E+03  0.43766E+03  0.93820E+03
  0.14886E+04  0.23622E+04  0.37486E+04  0.59489E+04  0.94421E+04  0.14986E+05
  0.23787E+05  0.37755E+05  0.59928E+05  0.00000E+00  0.00000E+00  0.00000E+00
  0.00000E+00  0.00000E+00  0.00000E+00  0.00000E+00  0.00000E+00  0.00000E+00
  0.00000E+00  0.00000E+00  0.00000E+00  0.62583E-04  0.21279E-03  0.76181E-03
  0.17546E-02  0.45941E-02  0.15066E-01  0.32507E-01  0.68127E-01  0.14864E+00
  0.31495E+00  0.63127E+00  0.12979E+01  0.28783E+01  0.61536E+01  0.15477E+02
  0.32219E+02  0.59906E+02  0.10639E+03  0.18098E+03  0.29348E+03  0.46544E+03
  0.93872E+03  0.14892E+04  0.23630E+04  0.37496E+04  0.59501E+04  0.94436E+04
  0.14988E+05  0.23790E+05  0.37758E+05  0.59931E+05  0.00000E+00  0.00000E+00
  0.00000E+00  0.00000E+00  0.00000E+00  0.00000E+00  0.00000E+00  0.00000E+00
  0.00000E+00  0.00000E+00  0.00000E+00  0.00000E+00  0.10579E-03  0.33562E-03
  0.12206E-02  0.29003E-02  0.75034E-02  0.23181E-01  0.49493E-01  0.10244E+00
  0.21985E+00  0.46927E+00  0.94777E+00  0.19529E+01  0.41815E+01  0.87090E+01
  0.17724E+02  0.36226E+02  0.65163E+02  0.11283E+03  0.19186E+03  0.31102E+03
  0.49316E+03  0.93938E+03  0.14901E+04  0.23640E+04  0.37509E+04  0.59517E+04
  0.94455E+04  0.14990E+05  0.23792E+05  0.37761E+05  0.59935E+05  0.00000E+00
  0.00000E+00  0.00000E+00  0.00000E+00  0.00000E+00  0.00000E+00  0.00000E+00
  0.00000E+00  0.00000E+00  0.00000E+00  0.00000E+00  0.00000E+00  0.11575E-03
  0.38556E-03  0.14946E-02  0.35904E-02  0.96154E-02  0.26688E-01  0.56368E-01
  0.11587E+00  0.24924E+00  0.53348E+00  0.10700E+01  0.21899E+01  0.45277E+01
  0.89912E+01  0.18556E+02  0.36356E+02  0.65349E+02  0.11308E+03  0.19220E+03
  0.31146E+03  0.49371E+03  0.94020E+03  0.14911E+04  0.23653E+04  0.37524E+04
  0.59536E+04  0.94478E+04  0.14993E+05  0.23796E+05  0.37765E+05  0.59939E+05
  0.00000E+00  0.00000E+00  0.00000E+00  0.00000E+00  0.00000E+00  0.00000E+00
  0.00000E+00  0.00000E+00  0.00000E+00  0.00000E+00  0.00000E+00  0.00000E+00
  0.13624E-03  0.46230E-03  0.17367E-02  0.42366E-02  0.11184E-01  0.29777E-01
  0.62236E-01  0.12705E+00  0.27329E+00  0.58325E+00  0.11630E+01  0.23678E+01
  0.48140E+01  0.93424E+01  0.19304E+02  0.36522E+02  0.65586E+02  0.11341E+03
  0.19264E+03  0.31203E+03  0.49441E+03  0.94127E+03  0.14924E+04  0.23669E+04
  0.37545E+04  0.59562E+04  0.94511E+04  0.14997E+05  0.23801E+05  0.37771E+05
  0.59946E+05  0.00000E+00  0.00000E+00  0.00000E+00  0.00000E+00  0.00000E+00
  0.00000E+00  0.00000E+00  0.00000E+00  0.00000E+00  0.00000E+00  0.00000E+00
  0.00000E+00  0.17147E-03  0.57780E-03  0.19592E-02  0.48881E-02  0.12290E-01
  0.32674E-01  0.67533E-01  0.13683E+00  0.29389E+00  0.62262E+00  0.12344E+01
  0.25018E+01  0.50636E+01  0.97850E+01  0.20027E+02  0.36733E+02  0.65886E+02
  0.11382E+03  0.19320E+03  0.31274E+03  0.49531E+03  0.94263E+03  0.14941E+04
  0.23691E+04  0.37572E+04  0.59596E+04  0.94553E+04  0.15002E+05  0.23807E+05
  0.37779E+05  0.59957E+05  0.00000E+00  0.00000E+00  0.00000E+00  0.00000E+00
  0.00000E+00  0.00000E+00  0.00000E+00  0.14901E-05  0.30235E-05  0.00000E+00
  0.00000E+00  0.00000E+00  0.20326E-03  0.67129E-03  0.22734E-02  0.55173E-02
  0.13724E-01  0.36572E-01  0.74595E-01  0.14944E+00  0.31810E+00  0.66889E+00
  0.13271E+01  0.26735E+01  0.53521E+01  0.10395E+02  0.20312E+02  0.36998E+02
  0.66265E+02  0.11434E+03  0.19390E+03  0.31364E+03  0.49645E+03  0.94433E+03
  0.14963E+04  0.23718E+04  0.37606E+04  0.59638E+04  0.94606E+04  0.15009E+05
  0.23815E+05  0.37789E+05  0.59969E+05  0.00000E+00  0.00000E+00  0.00000E+00
  0.00000E+00  0.00000E+00  0.00000E+00  0.00000E+00  0.47526E-05  0.96148E-05
  0.14287E-04  0.00000E+00  0.00000E+00  0.24230E-03  0.78205E-03  0.27134E-02
  0.67899E-02  0.16171E-01  0.41884E-01  0.84116E-01  0.16622E+00  0.34954E+00
  0.72796E+00  0.14378E+01  0.28768E+01  0.57083E+01  0.10944E+02  0.20542E+02
  0.37333E+02  0.66742E+02  0.11500E+03  0.19478E+03  0.31477E+03  0.49786E+03
  0.94646E+03  0.14989E+04  0.23751E+04  0.37648E+04  0.59690E+04  0.94670E+04
  0.15017E+05  0.23825E+05  0.37801E+05  0.59984E+05  0.00000E+00  0.00000E+00
  0.00000E+00  0.00000E+00  0.00000E+00  0.00000E+00  0.00000E+00  0.12520E-04
  0.26731E-04  0.42053E-04  0.00000E+00  0.00000E+00  0.31153E-03  0.10005E-02
  0.33602E-02  0.81624E-02  0.19271E-01  0.49197E-01  0.97079E-01  0.18926E+00
  0.39538E+00  0.81329E+00  0.15928E+01  0.31803E+01  0.61369E+01  0.11248E+02
  0.20831E+02  0.37751E+02  0.67337E+02  0.11581E+03  0.19587E+03  0.31617E+03
  0.49959E+03  0.94906E+03  0.15022E+04  0.23791E+04  0.37696E+04  0.59749E+04
  0.94742E+04  0.15026E+05  0.23835E+05  0.37813E+05  0.59996E+05  0.28810E-05
  0.39458E-05  0.53868E-05  0.73443E-05  0.11170E-04  0.38593E-04  0.10006E-03
  0.13509E-03  0.14325E-03  0.93115E-04  0.56284E-04  0.87459E-04  0.50141E-03
  0.15990E-02  0.42678E-02  0.10237E-01  0.23727E-01  0.54899E-01  0.10804E+00
  0.20880E+00  0.43216E+00  0.88075E+00  0.17219E+01  0.34139E+01  0.65298E+01
  0.11830E+02  0.21854E+02  0.39516E+02  0.70356E+02  0.12080E+03  0.20403E+03
  0.32890E+03  0.51911E+03  0.94704E+03  0.14978E+04  0.23708E+04  0.37548E+04
  0.59492E+04  0.94305E+04  0.14953E+05  0.23715E+05  0.37617E+05  0.59678E+05
  0.10937E-04  0.17065E-04  0.25609E-04  0.38479E-04  0.13083E-03  0.33234E-03
  0.53630E-03  0.72864E-03  0.83422E-03  0.85861E-03  0.72241E-03  0.36335E-03
  0.80431E-04  0.22449E-02  0.78445E-02  0.18857E-01  0.42474E-01  0.88955E-01
  0.16643E+00  0.30296E+00  0.58631E+00  0.11300E+01  0.20750E+01  0.39555E+01
  0.74505E+01  0.13321E+02  0.24346E+02  0.43636E+02  0.77133E+02  0.13165E+03
  0.22129E+03  0.35529E+03  0.55890E+03  0.95291E+03  0.15039E+04  0.23765E+04
  0.37587E+04  0.59490E+04  0.94223E+04  0.14930E+05  0.23666E+05  0.37523E+05
  0.59509E+05  0.27775E-04  0.40729E-04  0.67878E-04  0.13994E-03  0.37362E-03
  0.94727E-03  0.14900E-02  0.18363E-02  0.21267E-02  0.22770E-02  0.22155E-02
  0.18050E-02  0.83684E-03  0.72686E-03  0.67203E-02  0.20270E-01  0.47422E-01
  0.98863E-01  0.18462E+00  0.33293E+00  0.63833E+00  0.12169E+01  0.22080E+01
  0.41666E+01  0.77761E+01  0.13785E+02  0.25023E+02  0.44590E+02  0.78440E+02
  0.13334E+03  0.22338E+03  0.35759E+03  0.56115E+03  0.95527E+03  0.15053E+04
  0.23757E+04  0.37537E+04  0.59364E+04  0.93964E+04  0.14881E+05  0.23579E+05
  0.37373E+05  0.59257E+05  0.67666E-04  0.89186E-04  0.16151E-03  0.41381E-03
  0.10665E-02  0.21857E-02  0.32070E-02  0.38923E-02  0.45105E-02  0.48832E-02
  0.49283E-02  0.44792E-02  0.31576E-02  0.11472E-02  0.46225E-02  0.20918E-01
  0.53338E-01  0.11220E+00  0.20966E+00  0.37450E+00  0.71045E+00  0.13369E+01
  0.23914E+01  0.44563E+01  0.82218E+01  0.14422E+02  0.25952E+02  0.45904E+02
  0.80255E+02  0.13571E+03  0.22638E+03  0.36106E+03  0.56485E+03  0.95961E+03
  0.15092E+04  0.23780E+04  0.37526E+04  0.59286E+04  0.93765E+04  0.14840E+05
  0.23503E+05  0.37237E+05  0.59021E+05  0.15446E-03  0.18885E-03  0.37237E-03
  0.11032E-02  0.27536E-02  0.47737E-02  0.65329E-02  0.77940E-02  0.90025E-02
  0.97708E-02  0.10014E-01  0.96193E-02  0.83274E-02  0.43173E-02  0.98064E-03
  0.20229E-01  0.60428E-01  0.12990E+00  0.24400E+00  0.43200E+00  0.81030E+00
  0.15026E+01  0.26433E+01  0.48525E+01  0.88287E+01  0.15288E+02  0.27214E+02
  0.47692E+02  0.82732E+02  0.13898E+03  0.23057E+03  0.36603E+03  0.57042E+03
  0.96648E+03  0.15162E+04  0.23842E+04  0.37564E+04  0.59270E+04  0.93644E+04
  0.14809E+05  0.23438E+05  0.37115E+05  0.58805E+05  0.29800E-03  0.56360E-03
  0.11561E-02  0.28033E-02  0.60436E-02  0.97212E-02  0.12821E-01  0.15121E-01
  0.17270E-01  0.18641E-01  0.19262E-01  0.18915E-01  0.17294E-01  0.11525E-01
  0.49337E-02  0.12493E-01  0.63626E-01  0.14934E+00  0.28643E+00  0.50593E+00
  0.94161E+00  0.17220E+01  0.29771E+01  0.53766E+01  0.96290E+01  0.16426E+02
  0.28867E+02  0.50026E+02  0.85961E+02  0.14323E+03  0.23602E+03  0.37253E+03
  0.57773E+03  0.97556E+03  0.15256E+04  0.23930E+04  0.37625E+04  0.59271E+04
  0.93524E+04  0.14775E+05  0.23364E+05  0.36974E+05  0.58551E+05  0.55779E-03
  0.15298E-02  0.32035E-02  0.68509E-02  0.13078E-01  0.19511E-01  0.24715E-01
  0.28796E-01  0.32465E-01  0.34770E-01  0.36066E-01  0.35840E-01  0.33784E-01
  0.26112E-01  0.16053E-01  0.00000E+00  0.63135E-01  0.17267E+00  0.34314E+00
  0.60756E+00  0.11241E+01  0.20270E+01  0.34388E+01  0.60973E+01  0.10723E+02
  0.17974E+02  0.31107E+02  0.53183E+02  0.90327E+02  0.14900E+03  0.24347E+03
  0.38153E+03  0.58813E+03  0.98880E+03  0.15402E+04  0.24081E+04  0.37767E+04
  0.59371E+04  0.93528E+04  0.14756E+05  0.23310E+05  0.36858E+05  0.58328E+05
  0.97030E-03  0.37138E-02  0.78715E-02  0.15467E-01  0.26697E-01  0.36999E-01
  0.44880E-01  0.51620E-01  0.57358E-01  0.60820E-01  0.63122E-01  0.63005E-01
  0.60269E-01  0.51380E-01  0.33513E-01  0.65320E-02  0.65842E-01  0.21286E+00
  0.43465E+00  0.76689E+00  0.14026E+01  0.24831E+01  0.41194E+01  0.71441E+01
  0.12293E+02  0.20179E+02  0.34278E+02  0.57637E+02  0.96485E+02  0.15719E+03
  0.25415E+03  0.39472E+03  0.60395E+03  0.10096E+04  0.15648E+04  0.24368E+04
  0.38092E+04  0.59728E+04  0.93894E+04  0.14789E+05  0.23331E+05  0.36852E+05
  0.58269E+05  0.17866E-02  0.68238E-02  0.14649E-01  0.29531E-01  0.48681E-01
  0.66007E-01  0.80139E-01  0.91448E-01  0.10043E+00  0.10605E+00  0.10953E+00
  0.10949E+00  0.10551E+00  0.92888E-01  0.66296E-01  0.23032E-01  0.50647E-01
  0.25395E+00  0.55070E+00  0.98000E+00  0.17846E+01  0.31127E+01  0.50556E+01
  0.85766E+01  0.14426E+02  0.23148E+02  0.38513E+02  0.63543E+02  0.10460E+03
  0.16790E+03  0.26806E+03  0.41182E+03  0.62437E+03  0.10364E+04  0.15964E+04
  0.24736E+04  0.38511E+04  0.60187E+04  0.94367E+04  0.14832E+05  0.23360E+05
  0.36848E+05  0.58200E+05  0.33025E-02  0.11965E-01  0.26122E-01  0.55083E-01
  0.86784E-01  0.11568E+00  0.14184E+00  0.16071E+00  0.17438E+00  0.18367E+00
  0.18856E+00  0.18873E+00  0.18280E+00  0.16366E+00  0.12509E+00  0.61794E-01
  0.11937E-01  0.29726E+00  0.70714E+00  0.12801E+01  0.23313E+01  0.40143E+01
  0.63882E+01  0.10599E+02  0.17408E+02  0.27260E+02  0.44322E+02  0.71575E+02
  0.11555E+03  0.18229E+03  0.28669E+03  0.43470E+03  0.65177E+03  0.10724E+04
  0.16393E+04  0.25243E+04  0.39101E+04  0.60859E+04  0.95105E+04  0.14908E+05
  0.23430E+05  0.36895E+05  0.58195E+05  0.61049E-02  0.20781E-01  0.46349E-01
  0.10296E+00  0.15413E+00  0.20143E+00  0.25022E+00  0.28140E+00  0.30122E+00
  0.31658E+00  0.32277E+00  0.32328E+00  0.31416E+00  0.28395E+00  0.22729E+00
  0.14204E+00  0.25902E-01  0.35464E+00  0.93944E+00  0.17306E+01  0.31502E+01
  0.53543E+01  0.83479E+01  0.13537E+02  0.21688E+02  0.33092E+02  0.52472E+02
  0.82731E+02  0.13063E+03  0.20199E+03  0.31207E+03  0.46587E+03  0.68924E+03
  0.11218E+04  0.16989E+04  0.25959E+04  0.39958E+04  0.61873E+04  0.96289E+04
  0.15043E+05  0.23579E+05  0.37049E+05  0.58336E+05  0.10658E-01  0.37658E-01
  0.82809E-01  0.17802E+00  0.26815E+00  0.34846E+00  0.42593E+00  0.47614E+00
  0.50888E+00  0.53208E+00  0.54159E+00  0.54077E+00  0.52507E+00  0.47785E+00
  0.39111E+00  0.26577E+00  0.87981E-01  0.40316E+00  0.12584E+01  0.23815E+01
  0.43540E+01  0.73267E+01  0.11215E+02  0.17800E+02  0.27831E+02  0.41365E+02
  0.63897E+02  0.98193E+02  0.15132E+03  0.22875E+03  0.34628E+03  0.50765E+03
  0.73925E+03  0.11875E+04  0.17781E+04  0.26915E+04  0.41107E+04  0.63248E+04
  0.97917E+04  0.15233E+05  0.23796E+05  0.37288E+05  0.58584E+05  0.18392E-01
  0.68768E-01  0.14818E+00  0.30302E+00  0.46395E+00  0.60049E+00  0.71709E+00
  0.79657E+00  0.85206E+00  0.88558E+00  0.90088E+00  0.89574E+00  0.86771E+00
  0.79290E+00  0.65604E+00  0.46548E+00  0.19010E+00  0.46465E+00  0.17453E+01
  0.33830E+01  0.62012E+01  0.10330E+02  0.15538E+02  0.24154E+02  0.36873E+02
  0.53387E+02  0.80282E+02  0.12009E+03  0.18027E+03  0.26582E+03  0.39326E+03
  0.56465E+03  0.80725E+03  0.12766E+04  0.18856E+04  0.28217E+04  0.42687E+04
  0.65163E+04  0.10023E+05  0.15512E+05  0.24128E+05  0.37678E+05  0.59035E+05
  0.31406E-01  0.12519E+00  0.26396E+00  0.50940E+00  0.79585E+00  0.10258E+01
  0.11916E+01  0.13145E+01  0.14090E+01  0.14552E+01  0.14808E+01  0.14659E+01
  0.14165E+01  0.12986E+01  0.10806E+01  0.79020E+00  0.35223E+00  0.56175E+00
  0.25162E+01  0.49589E+01  0.90842E+01  0.14975E+02  0.22154E+02  0.33764E+02
  0.50377E+02  0.71110E+02  0.10411E+03  0.15151E+03  0.22128E+03  0.31769E+03
  0.45831E+03  0.64287E+03  0.89996E+03  0.13973E+04  0.20310E+04  0.29977E+04
  0.44828E+04  0.67774E+04  0.10342E+05  0.15901E+05  0.24602E+05  0.38254E+05
  0.59728E+05  0.53601E-01  0.22105E+00  0.46079E+00  0.86138E+00  0.13621E+01
  0.17503E+01  0.20029E+01  0.21990E+01  0.23598E+01  0.24284E+01  0.24709E+01
  0.24401E+01  0.23555E+01  0.21678E+01  0.18208E+01  0.13731E+01  0.68041E+00
  0.50366E+00  0.35220E+01  0.72219E+01  0.13371E+02  0.21954E+02  0.32090E+02
  0.48141E+02  0.70429E+02  0.97151E+02  0.13873E+03  0.19658E+03  0.27933E+03
  0.39015E+03  0.54799E+03  0.74938E+03  0.10247E+04  0.15580E+04  0.22227E+04
  0.32279E+04  0.47605E+04  0.71137E+04  0.10750E+05  0.16396E+05  0.25200E+05
  0.38973E+05  0.60587E+05  0.86921E-01  0.35834E+00  0.74666E+00  0.13950E+01
  0.22095E+01  0.28332E+01  0.32461E+01  0.35560E+01  0.38121E+01  0.39191E+01
  0.39775E+01  0.39174E+01  0.37696E+01  0.34584E+01  0.29014E+01  0.21924E+01
  0.11158E+01  0.59722E+00  0.53237E+01  0.11026E+02  0.20367E+02  0.33148E+02
  0.47826E+02  0.70618E+02  0.10138E+03  0.13685E+03  0.19079E+03  0.26344E+03
  0.36427E+03  0.49478E+03  0.67586E+03  0.89956E+03  0.11990E+04  0.17806E+04
  0.24867E+04  0.35439E+04  0.51417E+04  0.75766E+04  0.11315E+05  0.17088E+05
  0.26051E+05  0.40022E+05  0.61879E+05  0.14096E+00  0.58096E+00  0.12101E+01
  0.22600E+01  0.35879E+01  0.45900E+01  0.52698E+01  0.57602E+01  0.61714E+01
  0.63427E+01  0.64230E+01  0.63127E+01  0.60594E+01  0.55460E+01  0.46517E+01
  0.35253E+01  0.18421E+01  0.63334E+00  0.80958E+01  0.16981E+02  0.31363E+02
  0.50712E+02  0.72394E+02  0.10548E+03  0.14900E+03  0.19732E+03  0.26922E+03
  0.36294E+03  0.48902E+03  0.64634E+03  0.85854E+03  0.11112E+04  0.14414E+04
  0.20865E+04  0.28456E+04  0.39693E+04  0.56506E+04  0.81902E+04  0.12060E+05
  0.17997E+05  0.27166E+05  0.41391E+05  0.63565E+05  0.22861E+00  0.94202E+00
  0.19617E+01  0.36624E+01  0.58332E+01  0.74431E+01  0.85708E+01  0.93464E+01
  0.10012E+02  0.10294E+02  0.10403E+02  0.10208E+02  0.97784E+01  0.89340E+01
  0.74986E+01  0.57041E+01  0.30599E+01  0.50626E+00  0.12367E+02  0.26340E+02
  0.48733E+02  0.78436E+02  0.11103E+03  0.16002E+03  0.22297E+03  0.29046E+03
  0.38882E+03  0.51297E+03  0.67482E+03  0.86912E+03  0.11234E+04  0.14139E+04
  0.17833E+04  0.25124E+04  0.33391E+04  0.45479E+04  0.63361E+04  0.90098E+04
  0.13048E+05  0.19196E+05  0.28628E+05  0.43184E+05  0.65768E+05  0.37073E+00
  0.15274E+01  0.31800E+01  0.59353E+01  0.94943E+01  0.12078E+02  0.13964E+02
  0.15189E+02  0.16276E+02  0.16749E+02  0.16897E+02  0.16557E+02  0.15835E+02
  0.14448E+02  0.12144E+02  0.92791E+01  0.51121E+01  0.00000E+00  0.18951E+02
  0.41087E+02  0.76272E+02  0.12240E+03  0.17213E+03  0.24591E+03  0.33879E+03
  0.43523E+03  0.57315E+03  0.74190E+03  0.95519E+03  0.12012E+04  0.15130E+04
  0.18529E+04  0.22725E+04  0.31135E+04  0.40266E+04  0.53440E+04  0.72689E+04
  0.10114E+05  0.14368E+05  0.20787E+05  0.30558E+05  0.45537E+05  0.68651E+05
  0.59701E+00  0.24593E+01  0.51194E+01  0.95531E+01  0.15368E+02  0.19477E+02
  0.22641E+02  0.24553E+02  0.26326E+02  0.27132E+02  0.27318E+02  0.26732E+02
  0.25519E+02  0.23236E+02  0.19539E+02  0.14954E+02  0.83758E+01  0.23071E+00
  0.29761E+02  0.65044E+02  0.12076E+03  0.19309E+03  0.26994E+03  0.38271E+03
  0.52221E+03  0.66296E+03  0.86083E+03  0.10960E+04  0.13844E+04  0.17038E+04
  0.20955E+04  0.25009E+04  0.29847E+04  0.39765E+04  0.50005E+04  0.64576E+04
  0.85582E+04  0.11625E+05  0.16157E+05  0.22926E+05  0.33137E+05  0.48669E+05
  0.72478E+05  0.95815E+00  0.39466E+01  0.82141E+01  0.15326E+02  0.24833E+02
  0.31332E+02  0.36675E+02  0.39631E+02  0.42538E+02  0.43937E+02  0.44144E+02
  0.43139E+02  0.41103E+02  0.37342E+02  0.31408E+02  0.24057E+02  0.13659E+02
  0.54259E+00  0.47394E+02  0.10390E+03  0.19265E+03  0.30698E+03  0.42700E+03
  0.60149E+03  0.81416E+03  0.10234E+04  0.13132E+04  0.16486E+04  0.20483E+04
  0.24734E+04  0.29774E+04  0.34698E+04  0.40358E+04  0.52328E+04  0.63986E+04
  0.80344E+04  0.10360E+05  0.13710E+05  0.18599E+05  0.25818E+05  0.36595E+05
  0.52839E+05  0.77544E+05  0.15378E+01  0.63335E+01  0.13181E+02  0.24589E+02
  0.40213E+02  0.50457E+02  0.59589E+02  0.64117E+02  0.68930E+02  0.71412E+02
  0.71584E+02  0.69868E+02  0.66450E+02  0.60236E+02  0.50716E+02  0.38912E+02
  0.22464E+02  0.11387E+01  0.75644E+02  0.16646E+03  0.30848E+03  0.49031E+03
  0.67930E+03  0.95203E+03  0.12803E+04  0.15965E+04  0.20286E+04  0.25168E+04
  0.30836E+04  0.36630E+04  0.43269E+04  0.49360E+04  0.56069E+04  0.70859E+04
  0.84328E+04  0.10297E+05  0.12910E+05  0.16621E+05  0.21966E+05  0.29758E+05
  0.41258E+05  0.58412E+05  0.84261E+05  0.12298E+03  0.12297E+03  0.12294E+03
  0.12287E+03  0.12273E+03  0.12251E+03  0.12213E+03  0.12152E+03  0.12048E+03
  0.11880E+03  0.11595E+03  0.11176E+03  0.10589E+03  0.95882E+02  0.80623E+02
  0.61756E+02  0.35587E+02  0.17982E+01  0.12234E+03  0.26873E+03  0.49687E+03
  0.78750E+03  0.10872E+04  0.15170E+04  0.20291E+04  0.25134E+04  0.31680E+04
  0.38920E+04  0.47129E+04  0.55211E+04  0.64165E+04  0.71836E+04  0.79885E+04
  0.98608E+04  0.11439E+05  0.13595E+05  0.16575E+05  0.20750E+05  0.26678E+05
  0.35205E+05  0.47631E+05  0.65951E+05  0.93270E+05  0.19671E+03  0.19668E+03
  0.19662E+03  0.19649E+03  0.19625E+03  0.19586E+03  0.19523E+03  0.19421E+03
  0.19250E+03  0.18974E+03  0.18510E+03  0.17832E+03  0.16884E+03  0.15275E+03
  0.12830E+03  0.98145E+02  0.56461E+02  0.28469E+01  0.19818E+03  0.43468E+03
  0.80225E+03  0.12686E+04  0.17465E+04  0.24285E+04  0.32342E+04  0.39848E+04
  0.49896E+04  0.60812E+04  0.72928E+04  0.84445E+04  0.96796E+04  0.10663E+05
  0.11639E+05  0.14067E+05  0.15941E+05  0.18469E+05  0.21918E+05  0.26684E+05
  0.33357E+05  0.42822E+05  0.56429E+05  0.76239E+05  0.10543E+06  0.31467E+03
  0.31460E+03  0.31449E+03  0.31426E+03  0.31385E+03  0.31319E+03  0.31213E+03
  0.31046E+03  0.30766E+03  0.30315E+03  0.29565E+03  0.28469E+03  0.26941E+03
  0.24357E+03  0.20440E+03  0.15619E+03  0.89731E+02  0.45169E+01  0.32140E+03
  0.70417E+03  0.12978E+04  0.20485E+04  0.28139E+04  0.39018E+04  0.51784E+04
  0.63531E+04  0.79131E+04  0.95819E+04  0.11400E+05  0.13075E+05  0.14815E+05
  0.16099E+05  0.17294E+05  0.20519E+05  0.22770E+05  0.25772E+05  0.29820E+05
  0.35340E+05  0.42963E+05  0.53626E+05  0.68742E+05  0.90451E+05  0.12204E+06
  0.50338E+03  0.50325E+03  0.50305E+03  0.50266E+03  0.50196E+03  0.50087E+03
  0.49912E+03  0.49638E+03  0.49181E+03  0.48450E+03  0.47237E+03  0.45472E+03
  0.43011E+03  0.38864E+03  0.32593E+03  0.24883E+03  0.14280E+03  0.71785E+01
  0.52174E+03  0.11421E+04  0.21024E+04  0.33141E+04  0.45443E+04  0.62873E+04
  0.83215E+04  0.10174E+05  0.12619E+05  0.15201E+05  0.17970E+05  0.20448E+05
  0.22952E+05  0.24659E+05  0.26132E+05  0.30516E+05  0.33248E+05  0.36857E+05
  0.41669E+05  0.48152E+05  0.56987E+05  0.69178E+05  0.86219E+05  0.11035E+06
  0.14500E+06  0.80528E+03  0.80505E+03  0.80469E+03  0.80405E+03  0.80287E+03
  0.80108E+03  0.79821E+03  0.79373E+03  0.78631E+03  0.77450E+03  0.75495E+03
  0.72652E+03  0.68697E+03  0.62046E+03  0.52005E+03  0.39677E+03  0.22750E+03
  0.11424E+02  0.84761E+03  0.18541E+04  0.34102E+04  0.53695E+04  0.73524E+04
  0.10155E+05  0.13411E+05  0.16353E+05  0.20214E+05  0.24248E+05  0.28517E+05
  0.32245E+05  0.35914E+05  0.38224E+05  0.40052E+05  0.46149E+05  0.49496E+05
  0.53879E+05  0.59666E+05  0.67377E+05  0.77761E+05  0.91901E+05  0.11140E+06
  0.13863E+06  0.17718E+06  0.12882E+04  0.12879E+04  0.12872E+04  0.12862E+04
  0.12842E+04  0.12813E+04  0.12766E+04  0.12693E+04  0.12573E+04  0.12383E+04
  0.12068E+04  0.11611E+04  0.10976E+04  0.99098E+03  0.83024E+03  0.63307E+03
  0.36274E+03  0.18199E+02  0.13778E+04  0.30122E+04  0.55365E+04  0.87099E+04
  0.11913E+05  0.16432E+05  0.21663E+05  0.26359E+05  0.32495E+05  0.38850E+05
  0.45502E+05  0.51189E+05  0.56656E+05  0.59839E+05  0.62122E+05  0.70783E+05
  0.74913E+05  0.80284E+05  0.87316E+05  0.96595E+05  0.10895E+06  0.12558E+06
  0.14822E+06  0.17940E+06  0.22293E+06  0.20609E+04  0.20603E+04  0.20593E+04
  0.20575E+04  0.20543E+04  0.20495E+04  0.20419E+04  0.20301E+04  0.20108E+04
  0.19801E+04  0.19295E+04  0.18561E+04  0.17542E+04  0.15833E+04  0.13261E+04
  0.10107E+04  0.57879E+03  0.29018E+02  0.22407E+04  0.48966E+04  0.89950E+04
  0.14141E+05  0.19325E+05  0.26626E+05  0.35056E+05  0.42582E+05  0.52384E+05
  0.62463E+05  0.72917E+05  0.81696E+05  0.89966E+05  0.94434E+05  0.97296E+05
  0.10985E+06  0.11498E+06  0.12161E+06  0.13023E+06  0.14151E+06  0.15639E+06
  0.17620E+06  0.20284E+06  0.23906E+06  0.28894E+06  0.32972E+04  0.32961E+04
  0.32944E+04  0.32915E+04  0.32864E+04  0.32785E+04  0.32663E+04  0.32473E+04
  0.32160E+04  0.31666E+04  0.30854E+04  0.29676E+04  0.28042E+04  0.25305E+04
  0.21187E+04  0.16143E+04  0.92404E+03  0.46303E+02  0.36453E+04  0.79633E+04
  0.14622E+05  0.22975E+05  0.31377E+05  0.43194E+05  0.56809E+05  0.68911E+05
  0.84633E+05  0.10071E+06  0.11725E+06  0.13094E+06  0.14362E+06  0.15000E+06
  0.15360E+06  0.17212E+06  0.17853E+06  0.18677E+06  0.19742E+06  0.21125E+06
  0.22935E+06  0.25321E+06  0.28496E+06  0.32762E+06  0.38561E+06  0.52755E+04
  0.52737E+04  0.52709E+04  0.52661E+04  0.52578E+04  0.52451E+04  0.52253E+04
  0.51947E+04  0.51444E+04  0.50651E+04  0.49346E+04  0.47458E+04  0.44837E+04
  0.40455E+04  0.33864E+04  0.25794E+04  0.14760E+04  0.73927E+02  0.59327E+04
  0.12957E+05  0.23783E+05  0.37353E+05  0.50986E+05  0.70141E+05  0.92172E+05
  0.11169E+06  0.13699E+06  0.16274E+06  0.18909E+06  0.21062E+06  0.23027E+06
  0.23954E+06  0.24409E+06  0.27186E+06  0.27990E+06  0.29020E+06  0.30343E+06
  0.32053E+06  0.34274E+06  0.37177E+06  0.41005E+06  0.46092E+06  0.52926E+06
  0.84396E+04  0.84366E+04  0.84321E+04  0.84243E+04  0.84108E+04  0.83904E+04
  0.83585E+04  0.83092E+04  0.82284E+04  0.81011E+04  0.78919E+04  0.75892E+04
  0.71694E+04  0.64677E+04  0.54131E+04  0.41222E+04  0.23581E+04  0.11807E+03
  0.96563E+04  0.21084E+05  0.38692E+05  0.60749E+05  0.82885E+05  0.11396E+06
  0.14966E+06  0.18120E+06  0.22202E+06  0.26340E+06  0.30555E+06  0.33965E+06
  0.37039E+06  0.38409E+06  0.38984E+06  0.43209E+06  0.44221E+06  0.45512E+06
  0.47166E+06  0.49292E+06  0.52037E+06  0.55601E+06  0.60261E+06  0.66397E+06
  0.74552E+06  0.00000E+00  0.00000E+00  0.00000E+00  0.00000E+00  0.00000E+00
  0.00000E+00  0.00000E+00  0.00000E+00  0.00000E+00  0.00000E+00  0.00000E+00
  0.00000E+00  0.00000E+00  0.00000E+00  0.00000E+00  0.00000E+00  0.00000E+00
  0.00000E+00  0.00000E+00  0.00000E+00  0.00000E+00  0.00000E+00  0.00000E+00
  0.00000E+00  0.00000E+00  0.00000E+00  0.00000E+00  0.00000E+00  0.00000E+00
  0.00000E+00  0.00000E+00  0.00000E+00  0.00000E+00  0.93709E+03  0.14872E+04
  0.23604E+04  0.37465E+04  0.59462E+04  0.94387E+04  0.14982E+05  0.23782E+05
  0.37749E+05  0.59921E+05  0.00000E+00  0.00000E+00  0.00000E+00  0.00000E+00
  0.00000E+00  0.00000E+00  0.00000E+00  0.00000E+00  0.00000E+00  0.00000E+00
  0.00000E+00  0.00000E+00  0.00000E+00  0.00000E+00  0.00000E+00  0.00000E+00
  0.00000E+00  0.00000E+00  0.00000E+00  0.00000E+00  0.00000E+00  0.00000E+00
  0.00000E+00  0.00000E+00  0.00000E+00  0.00000E+00  0.00000E+00  0.00000E+00
  0.00000E+00  0.00000E+00  0.00000E+00  0.00000E+00  0.00000E+00  0.93733E+03
  0.14875E+04  0.23608E+04  0.37469E+04  0.59468E+04  0.94394E+04  0.14983E+05
  0.23783E+05  0.37750E+05  0.59922E+05  0.00000E+00  0.00000E+00  0.00000E+00
  0.00000E+00  0.00000E+00  0.00000E+00  0.00000E+00  0.00000E+00  0.00000E+00
  0.00000E+00  0.11549E-10  0.90810E-09  0.45510E-08  0.17956E-07  0.65016E-07
  0.20472E-06  0.61700E-06  0.17376E-05  0.36532E-05  0.74546E-05  0.16021E-04
  0.34129E-04  0.69168E-04  0.14520E-03  0.30019E-03  0.56108E-03  0.10555E-02
  0.19368E-02  0.34893E-02  0.60492E-02  0.10297E-01  0.16705E-01  0.26504E-01
  0.93763E+03  0.14879E+04  0.23613E+04  0.37475E+04  0.59475E+04  0.94403E+04
  0.14984E+05  0.23785E+05  0.37752E+05  0.59924E+05  0.00000E+00  0.00000E+00
  0.00000E+00  0.00000E+00  0.00000E+00  0.00000E+00  0.00000E+00  0.00000E+00
  0.00000E+00  0.00000E+00  0.11160E-07  0.86494E-06  0.42807E-05  0.16712E-04
  0.59979E-04  0.18747E-03  0.56164E-03  0.15740E-02  0.32960E-02  0.67041E-02
  0.14371E-01  0.30551E-01  0.61815E-01  0.12959E+00  0.26764E+00  0.49983E+00
  0.93959E+00  0.17233E+01  0.31034E+01  0.53782E+01  0.91520E+01  0.14845E+02
  0.23549E+02  0.93810E+03  0.14885E+04  0.23620E+04  0.37484E+04  0.59486E+04
  0.94417E+04  0.14986E+05  0.23787E+05  0.37754E+05  0.59927E+05  0.00000E+00
  0.00000E+00  0.00000E+00  0.00000E+00  0.00000E+00  0.00000E+00  0.00000E+00
  0.00000E+00  0.00000E+00  0.00000E+00  0.28850E-07  0.21967E-05  0.10704E-04
  0.41236E-04  0.14635E-03  0.45315E-03  0.13470E-02  0.37511E-02  0.78144E-02
  0.15828E-01  0.33816E-01  0.71695E-01  0.14475E+00  0.30292E+00  0.62475E+00
  0.11655E+01  0.21890E+01  0.40118E+01  0.72206E+01  0.12508E+02  0.21277E+02
  0.34503E+02  0.54721E+02  0.93872E+03  0.14892E+04  0.23630E+04  0.37496E+04
  0.59501E+04  0.94435E+04  0.14988E+05  0.23789E+05  0.37757E+05  0.59930E+05
  0.00000E+00  0.00000E+00  0.00000E+00  0.00000E+00  0.00000E+00  0.00000E+00
  0.00000E+00  0.00000E+00  0.00000E+00  0.00000E+00  0.98933E-07  0.73807E-05
  0.35304E-04  0.13575E-03  0.46848E-03  0.14337E-02  0.42200E-02  0.11658E-01
  0.24178E-01  0.48794E-01  0.10378E+00  0.21923E+00  0.44092E+00  0.91805E+00
  0.18899E+01  0.35205E+01  0.66045E+01  0.12093E+02  0.21750E+02  0.37655E+02
  0.64024E+02  0.10378E+03  0.16454E+03  0.93954E+03  0.14903E+04  0.23643E+04
  0.37512E+04  0.59521E+04  0.94459E+04  0.14991E+05  0.23793E+05  0.37762E+05
  0.59935E+05  0.00000E+00  0.00000E+00  0.00000E+00  0.00000E+00  0.00000E+00
  0.00000E+00  0.00000E+00  0.00000E+00  0.00000E+00  0.00000E+00  0.18078E-06
  0.13554E-04  0.64499E-04  0.24611E-03  0.84121E-03  0.25472E-02  0.74260E-02
  0.20343E-01  0.41901E-01  0.84054E-01  0.17777E+00  0.37371E+00  0.74888E+00
  0.15568E+01  0.31979E+01  0.59462E+01  0.11139E+02  0.20374E+02  0.36609E+02
  0.63334E+02  0.10762E+03  0.17437E+03  0.27635E+03  0.94031E+03  0.14911E+04
  0.23651E+04  0.37520E+04  0.59526E+04  0.94458E+04  0.14989E+05  0.23789E+05
  0.37754E+05  0.59921E+05  0.00000E+00  0.00000E+00  0.00000E+00  0.00000E+00
  0.00000E+00  0.00000E+00  0.00000E+00  0.00000E+00  0.00000E+00  0.00000E+00
  0.25869E-06  0.19375E-04  0.91177E-04  0.34333E-03  0.11566E-02  0.34511E-02
  0.99306E-02  0.26893E-01  0.54845E-01  0.10911E+00  0.22925E+00  0.47933E+00
  0.95621E+00  0.19801E+01  0.40552E+01  0.75222E+01  0.14065E+02  0.25685E+02
  0.46095E+02  0.79665E+02  0.13527E+03  0.21902E+03  0.34694E+03  0.94151E+03
  0.14925E+04  0.23668E+04  0.37538E+04  0.59545E+04  0.94476E+04  0.14991E+05
  0.23790E+05  0.37752E+05  0.59914E+05  0.00000E+00  0.00000E+00  0.00000E+00
  0.00000E+00  0.00000E+00  0.00000E+00  0.00000E+00  0.00000E+00  0.00000E+00
  0.00000E+00  0.33422E-06  0.26656E-04  0.12773E-03  0.48288E-03  0.16167E-02
  0.47681E-02  0.13554E-01  0.36274E-01  0.73181E-01  0.14421E+00  0.30072E+00
  0.62480E+00  0.12396E+01  0.25551E+01  0.52140E+01  0.96425E+01  0.17987E+02
  0.32783E+02  0.58743E+02  0.10140E+03  0.17199E+03  0.27825E+03  0.44046E+03
  0.94272E+03  0.14938E+04  0.23679E+04  0.37547E+04  0.59546E+04  0.94461E+04
  0.14986E+05  0.23780E+05  0.37733E+05  0.59881E+05  0.00000E+00  0.00000E+00
  0.00000E+00  0.00000E+00  0.00000E+00  0.00000E+00  0.00000E+00  0.00000E+00
  0.00000E+00  0.00000E+00  0.43744E-06  0.35121E-04  0.16657E-03  0.61541E-03
  0.20175E-02  0.58118E-02  0.16180E-01  0.42489E-01  0.84362E-01  0.16400E+00
  0.33812E+00  0.69590E+00  0.13698E+01  0.28054E+01  0.56957E+01  0.10489E+02
  0.19500E+02  0.35444E+02  0.63373E+02  0.10920E+03  0.18496E+03  0.29889E+03
  0.47271E+03  0.94514E+03  0.14968E+04  0.23716E+04  0.37591E+04  0.59599E+04
  0.94525E+04  0.14994E+05  0.23788E+05  0.37742E+05  0.59889E+05  0.00000E+00
  0.00000E+00  0.00000E+00  0.00000E+00  0.00000E+00  0.00000E+00  0.00000E+00
  0.00000E+00  0.00000E+00  0.00000E+00  0.60030E-06  0.48754E-04  0.22906E-03
  0.82576E-03  0.26447E-02  0.74185E-02  0.20159E-01  0.51758E-01  0.10080E+00
  0.19269E+00  0.39169E+00  0.79660E+00  0.15525E+01  0.31533E+01  0.63597E+01
  0.11648E+02  0.21558E+02  0.39046E+02  0.69613E+02  0.11967E+03  0.20233E+03
  0.32648E+03  0.51573E+03  0.94842E+03  0.15008E+04  0.23766E+04  0.37653E+04
  0.59674E+04  0.94615E+04  0.15004E+05  0.23801E+05  0.37756E+05  0.59905E+05
  0.00000E+00  0.00000E+00  0.00000E+00  0.00000E+00  0.00000E+00  0.00000E+00
  0.00000E+00  0.00000E+00  0.00000E+00  0.00000E+00  0.57863E-06  0.57234E-04
  0.28211E-03  0.10354E-02  0.32929E-02  0.90893E-02  0.24220E-01  0.60951E-01
  0.11625E+00  0.21795E+00  0.43554E+00  0.87233E+00  0.16766E+01  0.33635E+01
  0.67090E+01  0.12231E+02  0.22673E+02  0.41044E+02  0.72912E+02  0.12498E+03
  0.21080E+03  0.33949E+03  0.53545E+03  0.95205E+03  0.15051E+04  0.23815E+04
  0.37706E+04  0.59728E+04  0.94663E+04  0.15007E+05  0.23799E+05  0.37746E+05
  0.59880E+05  0.00000E+00  0.00000E+00  0.00000E+00  0.00000E+00  0.00000E+00
  0.00000E+00  0.00000E+00  0.11657E-05  0.17279E-05  0.95017E-06  0.11114E-05
  0.70580E-04  0.36709E-03  0.13722E-02  0.43206E-02  0.11699E-01  0.30457E-01
  0.74847E-01  0.13931E+00  0.25518E+00  0.49935E+00  0.98110E+00  0.18528E+01
  0.36581E+01  0.71915E+01  0.13030E+02  0.24190E+02  0.43743E+02  0.77338E+02
  0.13205E+03  0.22205E+03  0.35670E+03  0.56143E+03  0.95717E+03  0.15112E+04
  0.23886E+04  0.37788E+04  0.59819E+04  0.94757E+04  0.15016E+05  0.23805E+05
  0.37746E+05  0.59866E+05  0.00000E+00  0.00000E+00  0.00000E+00  0.00000E+00
  0.00000E+00  0.00000E+00  0.00000E+00  0.21054E-03  0.33380E-03  0.24385E-03
  0.22356E-04  0.40317E-03  0.13576E-02  0.37165E-02  0.93161E-02  0.21218E-01
  0.48253E-01  0.10673E+00  0.19222E+00  0.33988E+00  0.63976E+00  0.12071E+01
  0.21907E+01  0.41746E+01  0.78229E+01  0.13896E+02  0.25285E+02  0.45108E+02
  0.79262E+02  0.13466E+03  0.22551E+03  0.36106E+03  0.56677E+03  0.96427E+03
  0.15198E+04  0.23990E+04  0.37910E+04  0.59960E+04  0.94914E+04  0.15033E+05
  0.23821E+05  0.37758E+05  0.59868E+05  0.00000E+00  0.00000E+00  0.00000E+00
  0.00000E+00  0.00000E+00  0.00000E+00  0.00000E+00  0.12721E-02  0.17828E-02
  0.16660E-02  0.10698E-02  0.18889E-03  0.13906E-02  0.53545E-02  0.14057E-01
  0.30782E-01  0.66652E-01  0.13958E+00  0.24519E+00  0.42172E+00  0.77494E+00
  0.14270E+01  0.25193E+01  0.46416E+01  0.84941E+01  0.14826E+02  0.26559E+02
  0.46823E+02  0.81656E+02  0.13786E+03  0.22968E+03  0.36617E+03  0.57279E+03
  0.97202E+03  0.15286E+04  0.24084E+04  0.38005E+04  0.60041E+04  0.94956E+04
  0.15028E+05  0.23800E+05  0.37708E+05  0.59767E+05  0.32159E-04  0.37957E-04
  0.45335E-04  0.54695E-04  0.81886E-04  0.26126E-03  0.48831E-03  0.52256E-02
  0.63843E-02  0.66589E-02  0.59096E-02  0.26969E-02  0.16204E-02  0.39196E-02
  0.15811E-01  0.37892E-01  0.83370E-01  0.17179E+00  0.29891E+00  0.50524E+00
  0.91175E+00  0.16458E+01  0.28458E+01  0.51464E+01  0.92586E+01  0.15911E+02
  0.28133E+02  0.49048E+02  0.84741E+02  0.14194E+03  0.23496E+03  0.37252E+03
  0.58008E+03  0.98120E+03  0.15385E+04  0.24183E+04  0.38089E+04  0.60082E+04
  0.94907E+04  0.15006E+05  0.23747E+05  0.37600E+05  0.59569E+05  0.34978E-03
  0.41231E-03  0.49175E-03  0.59246E-03  0.88631E-03  0.28276E-02  0.52933E-02
  0.14967E-01  0.18102E-01  0.19501E-01  0.18901E-01  0.12826E-01  0.11928E-01
  0.32292E-02  0.13325E-01  0.42854E-01  0.10207E+00  0.21401E+00  0.37254E+00
  0.62154E+00  0.11040E+01  0.19535E+01  0.33030E+01  0.58496E+01  0.10318E+02
  0.17407E+02  0.30292E+02  0.52089E+02  0.88944E+02  0.14750E+03  0.24213E+03
  0.38120E+03  0.59010E+03  0.99392E+03  0.15524E+04  0.24327E+04  0.38221E+04
  0.60172E+04  0.94899E+04  0.14986E+05  0.23691E+05  0.37482E+05  0.59342E+05
  0.16796E-02  0.19777E-02  0.23557E-02  0.28345E-02  0.42353E-02  0.13499E-01
  0.25262E-01  0.40715E-01  0.48320E-01  0.52939E-01  0.53954E-01  0.47046E-01
  0.42858E-01  0.24900E-01  0.00000E+00  0.41019E-01  0.12082E+00  0.26702E+00
  0.47248E+00  0.78396E+00  0.13768E+01  0.23917E+01  0.39514E+01  0.68422E+01
  0.11803E+02  0.19490E+02  0.33283E+02  0.56280E+02  0.94716E+02  0.15512E+03
  0.25197E+03  0.39312E+03  0.60398E+03  0.10117E+04  0.15723E+04  0.24540E+04
  0.38430E+04  0.60345E+04  0.94973E+04  0.14973E+05  0.23639E+05  0.37360E+05
  0.59100E+05  0.58660E-02  0.67027E-02  0.82627E-02  0.11976E-01  0.20542E-01
  0.45801E-01  0.75778E-01  0.98152E-01  0.11373E+00  0.12371E+00  0.12741E+00
  0.12352E+00  0.11094E+00  0.76152E-01  0.30555E-01  0.28361E-01  0.14237E+00
  0.34512E+00  0.62492E+00  0.10334E+01  0.17945E+01  0.30570E+01  0.49260E+01
  0.83173E+01  0.13987E+02  0.22526E+02  0.37607E+02  0.62306E+02  0.10299E+03
  0.16604E+03  0.26615E+03  0.41051E+03  0.62468E+03  0.10387E+04  0.16039E+04
  0.24903E+04  0.38836E+04  0.60774E+04  0.95389E+04  0.15006E+05  0.23650E+05
  0.37325E+05  0.58979E+05  0.17100E-01  0.18835E-01  0.24027E-01  0.41004E-01
  0.75611E-01  0.12534E+00  0.17669E+00  0.21967E+00  0.24892E+00  0.26519E+00
  0.27126E+00  0.26703E+00  0.24914E+00  0.20111E+00  0.10544E+00  0.79576E-02
  0.15448E+00  0.44884E+00  0.84652E+00  0.14054E+01  0.24240E+01  0.40582E+01
  0.63811E+01  0.10499E+02  0.17182E+02  0.26919E+02  0.43803E+02  0.70865E+02
  0.11466E+03  0.18137E+03  0.28597E+03  0.43485E+03  0.65378E+03  0.10768E+04
  0.16492E+04  0.25435E+04  0.39449E+04  0.61463E+04  0.96128E+04  0.15079E+05
  0.23711E+05  0.37353E+05  0.58937E+05  0.44100E-01  0.47838E-01  0.60287E-01
  0.10281E+00  0.17738E+00  0.28441E+00  0.39305E+00  0.48003E+00  0.54075E+00
  0.57598E+00  0.60275E+00  0.60022E+00  0.57012E+00  0.49427E+00  0.35430E+00
  0.12573E+00  0.72700E-01  0.51486E+00  0.10972E+01  0.18866E+01  0.32965E+01
  0.54854E+01  0.84676E+01  0.13630E+02  0.21746E+02  0.33135E+02  0.52485E+02
  0.82735E+02  0.13067E+03  0.20219E+03  0.31263E+03  0.46723E+03  0.69205E+03
  0.11266E+04  0.17076E+04  0.26110E+04  0.40213E+04  0.62297E+04  0.96983E+04
  0.15156E+05  0.23761E+05  0.37343E+05  0.58809E+05  0.10108E+00  0.11505E+00
  0.14824E+00  0.24405E+00  0.39595E+00  0.60821E+00  0.81840E+00  0.99212E+00
  0.11232E+01  0.11989E+01  0.12519E+01  0.12545E+01  0.12054E+01  0.10706E+01
  0.84430E+00  0.52971E+00  0.46051E-01  0.53068E+00  0.14152E+01  0.26066E+01
  0.46434E+01  0.77039E+01  0.11698E+02  0.18441E+02  0.28683E+02  0.42472E+02
  0.65371E+02  0.10015E+03  0.15393E+03  0.23219E+03  0.35083E+03  0.51357E+03
  0.74700E+03  0.11983E+04  0.17927E+04  0.27116E+04  0.41391E+04  0.63653E+04
  0.98506E+04  0.15320E+05  0.23925E+05  0.37482E+05  0.58880E+05  0.20894E+00
  0.25567E+00  0.35120E+00  0.59835E+00  0.90982E+00  0.13021E+01  0.17350E+01
  0.20692E+01  0.23399E+01  0.24982E+01  0.25942E+01  0.26116E+01  0.25712E+01
  0.23508E+01  0.19532E+01  0.14418E+01  0.65769E+00  0.34051E+00  0.17343E+01
  0.35071E+01  0.65490E+01  0.10982E+02  0.16529E+02  0.25667E+02  0.39069E+02
  0.56319E+02  0.84288E+02  0.12543E+03  0.18729E+03  0.27470E+03  0.40436E+03
  0.57781E+03  0.82250E+03  0.12961E+04  0.19083E+04  0.28477E+04  0.42980E+04
  0.65484E+04  0.10057E+05  0.15543E+05  0.24151E+05  0.37683E+05  0.59001E+05
  0.41053E+00  0.50223E+00  0.68969E+00  0.11746E+01  0.17855E+01  0.25542E+01
  0.34022E+01  0.40559E+01  0.45857E+01  0.48972E+01  0.50915E+01  0.51387E+01
  0.50830E+01  0.47022E+01  0.40144E+01  0.31411E+01  0.17860E+01  0.18898E+00
  0.20667E+01  0.48635E+01  0.95734E+01  0.16247E+02  0.24276E+02  0.37185E+02
  0.55462E+02  0.77920E+02  0.11342E+03  0.16383E+03  0.23731E+03  0.33769E+03
  0.48288E+03  0.67140E+03  0.93212E+03  0.14377E+04  0.20763E+04  0.30474E+04
  0.45352E+04  0.68293E+04  0.10387E+05  0.15926E+05  0.24585E+05  0.38157E+05
  0.59489E+05  0.75777E+00  0.92685E+00  0.12725E+01  0.21666E+01  0.32922E+01
  0.47077E+01  0.62676E+01  0.74679E+01  0.84389E+01  0.90076E+01  0.93627E+01
  0.94505E+01  0.93546E+01  0.86816E+01  0.74761E+01  0.59599E+01  0.36084E+01
  0.95484E+00  0.27918E+01  0.73421E+01  0.14869E+02  0.25272E+02  0.37361E+02
  0.56344E+02  0.82325E+02  0.11281E+03  0.15975E+03  0.22399E+03  0.31449E+03
  0.43356E+03  0.60093E+03  0.81080E+03  0.10945E+04  0.16462E+04  0.23236E+04
  0.33431E+04  0.48908E+04  0.72582E+04  0.10905E+05  0.16552E+05  0.25340E+05
  0.39063E+05  0.60565E+05  0.13606E+01  0.16640E+01  0.22841E+01  0.38881E+01
  0.59062E+01  0.84427E+01  0.11236E+02  0.13381E+02  0.15112E+02  0.16120E+02
  0.16745E+02  0.16892E+02  0.16713E+02  0.15517E+02  0.13397E+02  0.10749E+02
  0.66619E+01  0.21635E+01  0.41558E+01  0.11706E+02  0.24003E+02  0.40645E+02
  0.59417E+02  0.88272E+02  0.12655E+03  0.16953E+03  0.23400E+03  0.31897E+03
  0.43450E+03  0.58037E+03  0.77903E+03  0.10183E+04  0.13332E+04  0.19491E+04
  0.26803E+04  0.37670E+04  0.53988E+04  0.78714E+04  0.11649E+05  0.17459E+05
  0.26448E+05  0.40418E+05  0.62224E+05  0.24119E+01  0.29493E+01  0.40477E+01
  0.68891E+01  0.10463E+02  0.14952E+02  0.19891E+02  0.23679E+02  0.26729E+02
  0.28495E+02  0.29581E+02  0.29819E+02  0.29479E+02  0.27357E+02  0.23626E+02
  0.18992E+02  0.11878E+02  0.41656E+01  0.66009E+01  0.19300E+02  0.39724E+02
  0.66889E+02  0.96777E+02  0.14187E+03  0.20006E+03  0.26276E+03  0.35456E+03
  0.47110E+03  0.62391E+03  0.80856E+03  0.10515E+04  0.13308E+04  0.16876E+04
  0.23925E+04  0.31959E+04  0.43734E+04  0.61192E+04  0.87350E+04  0.12693E+05
  0.18728E+05  0.27999E+05  0.42321E+05  0.64565E+05  0.42754E+01  0.52275E+01
  0.71738E+01  0.12208E+02  0.18537E+02  0.26485E+02  0.35226E+02  0.41921E+02
  0.47304E+02  0.50410E+02  0.52309E+02  0.52706E+02  0.52082E+02  0.48328E+02
  0.41769E+02  0.33656E+02  0.21246E+02  0.79651E+01  0.10502E+02  0.32067E+02
  0.66402E+02  0.11144E+03  0.15998E+03  0.23210E+03  0.32295E+03  0.41727E+03
  0.55234E+03  0.71774E+03  0.92700E+03  0.11685E+04  0.14748E+04  0.18088E+04
  0.22209E+04  0.30494E+04  0.39483E+04  0.52461E+04  0.71431E+04  0.99489E+04
  0.14145E+05  0.20480E+05  0.30126E+05  0.44919E+05  0.67751E+05  0.74852E+01
  0.91516E+01  0.12558E+02  0.21367E+02  0.32441E+02  0.46342E+02  0.61623E+02
  0.73314E+02  0.82700E+02  0.88092E+02  0.91359E+02  0.91987E+02  0.90818E+02
  0.84179E+02  0.72655E+02  0.58441E+02  0.36813E+02  0.13764E+02  0.18086E+02
  0.54994E+02  0.11329E+03  0.18892E+03  0.26909E+03  0.38669E+03  0.53188E+03
  0.67779E+03  0.88264E+03  0.11253E+04  0.14218E+04  0.17484E+04  0.21473E+04
  0.25566E+04  0.30426E+04  0.40456E+04  0.50721E+04  0.65307E+04  0.86304E+04
  0.11691E+05  0.16210E+05  0.22950E+05  0.33107E+05  0.48543E+05  0.72185E+05
  0.13268E+02  0.16221E+02  0.22256E+02  0.37867E+02  0.57486E+02  0.82112E+02
  0.10917E+03  0.12987E+03  0.14647E+03  0.15599E+03  0.16176E+03  0.16286E+03
  0.16080E+03  0.14911E+03  0.12889E+03  0.10400E+03  0.66154E+02  0.26246E+02
  0.28867E+02  0.92353E+02  0.19202E+03  0.32020E+03  0.45430E+03  0.64897E+03
  0.88537E+03  0.11164E+04  0.14353E+04  0.18018E+04  0.22354E+04  0.26913E+04
  0.32266E+04  0.37402E+04  0.43232E+04  0.55736E+04  0.67678E+04  0.84374E+04
  0.10803E+05  0.14198E+05  0.19136E+05  0.26404E+05  0.37225E+05  0.53494E+05
  0.78182E+05  0.23232E+02  0.28402E+02  0.38968E+02  0.66297E+02  0.10064E+03
  0.14373E+03  0.19108E+03  0.22726E+03  0.25627E+03  0.27286E+03  0.28285E+03
  0.28467E+03  0.28091E+03  0.26034E+03  0.22485E+03  0.18125E+03  0.11515E+03
  0.45611E+02  0.50068E+02  0.15979E+03  0.33120E+03  0.55020E+03  0.77694E+03
  0.11034E+04  0.14945E+04  0.18680E+04  0.23761E+04  0.29449E+04  0.35984E+04
  0.42554E+04  0.49973E+04  0.56577E+04  0.63700E+04  0.79799E+04  0.93974E+04
  0.11348E+05  0.14068E+05  0.17910E+05  0.23411E+05  0.31388E+05  0.43103E+05
  0.60497E+05  0.86603E+05  0.40679E+02  0.49728E+02  0.68227E+02  0.11607E+03
  0.17618E+03  0.25161E+03  0.33445E+03  0.39774E+03  0.44843E+03  0.47738E+03
  0.49474E+03  0.49776E+03  0.49101E+03  0.45483E+03  0.39259E+03  0.31622E+03
  0.20071E+03  0.79407E+02  0.87034E+02  0.27724E+03  0.57331E+03  0.94962E+03
  0.13361E+04  0.18889E+04  0.25442E+04  0.31582E+04  0.39836E+04  0.48868E+04
  0.58981E+04  0.68731E+04  0.79329E+04  0.88026E+04  0.96858E+04  0.11826E+05
  0.13539E+05  0.15862E+05  0.19051E+05  0.23483E+05  0.29729E+05  0.38645E+05
  0.51541E+05  0.70425E+05  0.98407E+05  0.71236E+02  0.87081E+02  0.11947E+03
  0.20324E+03  0.30848E+03  0.44052E+03  0.58553E+03  0.69626E+03  0.78491E+03
  0.83545E+03  0.86569E+03  0.87077E+03  0.85872E+03  0.79515E+03  0.68603E+03
  0.55226E+03  0.35026E+03  0.13845E+03  0.15158E+03  0.48215E+03  0.99527E+03
  0.16449E+04  0.23078E+04  0.32513E+04  0.43603E+04  0.53838E+04  0.67462E+04
  0.82093E+04  0.98113E+04  0.11298E+05  0.12857E+05  0.14030E+05  0.15139E+05
  0.18075E+05  0.20179E+05  0.22995E+05  0.26805E+05  0.32020E+05  0.39251E+05
  0.49409E+05  0.63870E+05  0.84725E+05  0.11519E+06  0.17822E+04  0.17817E+04
  0.17809E+04  0.17795E+04  0.17771E+04  0.17734E+04  0.17676E+04  0.17587E+04
  0.17439E+04  0.17205E+04  0.16820E+04  0.16263E+04  0.15488E+04  0.14192E+04
  0.12240E+04  0.98488E+03  0.65771E+03  0.24168E+03  0.26436E+03  0.83998E+03
  0.17315E+04  0.28568E+04  0.39996E+04  0.56197E+04  0.75118E+04  0.92367E+04
  0.11515E+05  0.13924E+05  0.16513E+05  0.18838E+05  0.21193E+05  0.22812E+05
  0.24221E+05  0.28377E+05  0.30999E+05  0.34467E+05  0.39099E+05  0.45349E+05
  0.53885E+05  0.65685E+05  0.82217E+05  0.10568E+06  0.13943E+06  0.31208E+04
  0.31199E+04  0.31184E+04  0.31160E+04  0.31116E+04  0.31051E+04  0.30948E+04
  0.30789E+04  0.30529E+04  0.30117E+04  0.29441E+04  0.28461E+04  0.27101E+04
  0.24827E+04  0.21407E+04  0.17219E+04  0.11494E+04  0.42214E+03  0.46146E+03
  0.14651E+04  0.30169E+04  0.49710E+04  0.69483E+04  0.97430E+04  0.12990E+05
  0.15923E+05  0.19772E+05  0.23792E+05  0.28046E+05  0.31757E+05  0.35407E+05
  0.37697E+05  0.39502E+05  0.45562E+05  0.48869E+05  0.53200E+05  0.58919E+05
  0.66538E+05  0.76800E+05  0.90775E+05  0.11005E+06  0.13696E+06  0.17506E+06
  0.54654E+04  0.54637E+04  0.54611E+04  0.54567E+04  0.54490E+04  0.54374E+04
  0.54193E+04  0.53913E+04  0.53454E+04  0.52730E+04  0.51541E+04  0.49820E+04
  0.47435E+04  0.43447E+04  0.37454E+04  0.30121E+04  0.20100E+04  0.73790E+03
  0.80623E+03  0.25580E+04  0.52635E+04  0.86642E+04  0.12095E+05  0.16934E+05
  0.22534E+05  0.27554E+05  0.34112E+05  0.40893E+05  0.47980E+05  0.54017E+05
  0.59798E+05  0.63116E+05  0.65445E+05  0.74535E+05  0.78748E+05  0.84222E+05
  0.91379E+05  0.10081E+06  0.11336E+06  0.13021E+06  0.15311E+06  0.18459E+06
  0.22845E+06  0.95709E+04  0.95679E+04  0.95632E+04  0.95554E+04  0.95418E+04
  0.95214E+04  0.94893E+04  0.94400E+04  0.93593E+04  0.92321E+04  0.90234E+04
  0.87215E+04  0.83031E+04  0.76042E+04  0.65544E+04  0.52700E+04  0.35159E+04
  0.12904E+04  0.14093E+04  0.44694E+04  0.91910E+04  0.15118E+05  0.21085E+05
  0.29485E+05  0.39178E+05  0.47817E+05  0.59060E+05  0.70597E+05  0.82533E+05
  0.92504E+05  0.10184E+06  0.10676E+06  0.10979E+06  0.12378E+06  0.12919E+06
  0.13617E+06  0.14524E+06  0.15707E+06  0.17264E+06  0.19330E+06  0.22100E+06
  0.25852E+06  0.31000E+06  0.16761E+05  0.16756E+05  0.16748E+05  0.16734E+05
  0.16710E+05  0.16674E+05  0.16617E+05  0.16530E+05  0.16389E+05  0.16165E+05
  0.15799E+05  0.15270E+05  0.14536E+05  0.13311E+05  0.11472E+05  0.92230E+04
  0.61521E+04  0.22573E+04  0.24647E+04  0.78136E+04  0.16061E+05  0.26403E+05
  0.36798E+05  0.51413E+05  0.68237E+05  0.83166E+05  0.10254E+06  0.12230E+06
  0.14258E+06  0.15926E+06  0.17459E+06  0.18206E+06  0.18601E+06  0.20805E+06
  0.21505E+06  0.22403E+06  0.23561E+06  0.25062E+06  0.27019E+06  0.29589E+06
  0.32994E+06  0.37546E+06  0.43702E+06  0.29353E+05  0.29343E+05  0.29328E+05
  0.29304E+05  0.29262E+05  0.29198E+05  0.29099E+05  0.28947E+05  0.28698E+05
  0.28306E+05  0.27664E+05  0.26736E+05  0.25450E+05  0.23304E+05  0.20083E+05
  0.16143E+05  0.10767E+05  0.39499E+04  0.43118E+04  0.13666E+05  0.28080E+05
  0.46142E+05  0.64274E+05  0.89739E+05  0.11900E+06  0.14488E+06  0.17839E+06
  0.21242E+06  0.24713E+06  0.27531E+06  0.30082E+06  0.31242E+06  0.31758E+06
  0.35300E+06  0.36210E+06  0.37373E+06  0.38865E+06  0.40785E+06  0.43272E+06
  0.46509E+06  0.50754E+06  0.56365E+06  0.63855E+06  0.51401E+05  0.51384E+05
  0.51358E+05  0.51315E+05  0.51241E+05  0.51129E+05  0.50955E+05  0.50687E+05
  0.50251E+05  0.49564E+05  0.48438E+05  0.46812E+05  0.44558E+05  0.40799E+05
  0.35157E+05  0.28258E+05  0.18845E+05  0.69126E+04  0.75448E+04  0.23907E+05
  0.49112E+05  0.80675E+05  0.11233E+06  0.15676E+06  0.20774E+06  0.25271E+06
  0.31085E+06  0.36965E+06  0.42937E+06  0.47737E+06  0.52030E+06  0.53868E+06
  0.54544E+06  0.60337E+06  0.61525E+06  0.63038E+06  0.64971E+06  0.67448E+06
  0.70634E+06  0.74754E+06  0.80111E+06  0.87123E+06  0.96377E+06  0.90024E+05
  0.89994E+05  0.89949E+05  0.89873E+05  0.89743E+05  0.89547E+05  0.89241E+05
  0.88771E+05  0.88006E+05  0.86801E+05  0.84829E+05  0.81978E+05  0.78029E+05
  0.71444E+05  0.61561E+05  0.49478E+05  0.32993E+05  0.12101E+05  0.13206E+05
  0.41840E+05  0.85935E+05  0.14113E+06  0.19644E+06  0.27403E+06  0.36298E+06
  0.44129E+06  0.54238E+06  0.64436E+06  0.74754E+06  0.82985E+06  0.90274E+06
  0.93239E+06  0.94128E+06  0.10374E+07  0.10529E+07  0.10727E+07  0.10979E+07
  0.11300E+07  0.11711E+07  0.12240E+07  0.12923E+07  0.13810E+07  0.14969E+07
  0.15766E+06  0.15760E+06  0.15752E+06  0.15739E+06  0.15716E+06  0.15682E+06
  0.15628E+06  0.15546E+06  0.15412E+06  0.15201E+06  0.14855E+06  0.14355E+06
  0.13664E+06  0.12510E+06  0.10779E+06  0.86631E+05  0.57764E+05  0.21185E+05
  0.23118E+05  0.73232E+05  0.15039E+06  0.24693E+06  0.34364E+06  0.47922E+06
  0.63453E+06  0.77107E+06  0.94716E+06  0.11244E+07  0.13033E+07  0.14451E+07
  0.15697E+07  0.16183E+07  0.16300E+07  0.17913E+07  0.18117E+07  0.18377E+07
  0.18705E+07  0.19124E+07  0.19658E+07  0.20342E+07  0.21219E+07  0.22351E+07
  0.23819E+07  0.27610E+06  0.27601E+06  0.27587E+06  0.27563E+06  0.27523E+06
  0.27463E+06  0.27369E+06  0.27224E+06  0.26989E+06  0.26619E+06  0.26014E+06
  0.25139E+06  0.23927E+06  0.21906E+06  0.18875E+06  0.15169E+06  0.10114E+06
  0.37091E+05  0.40472E+05  0.12820E+06  0.26323E+06  0.43215E+06  0.60129E+06
  0.83834E+06  0.11097E+07  0.13480E+07  0.16552E+07  0.19638E+07  0.22746E+07
  0.25198E+07  0.27342E+07  0.28149E+07  0.28303E+07  0.31036E+07  0.31305E+07
  0.31645E+07  0.32077E+07  0.32624E+07  0.33321E+07  0.34209E+07  0.35344E+07
  0.36801E+07  0.38678E+07  0.00000E+00  0.00000E+00  0.00000E+00  0.00000E+00
  0.00000E+00  0.00000E+00  0.00000E+00  0.00000E+00  0.00000E+00  0.00000E+00
  0.00000E+00  0.00000E+00  0.00000E+00  0.00000E+00  0.00000E+00  0.00000E+00
  0.00000E+00  0.00000E+00  0.00000E+00  0.00000E+00  0.00000E+00  0.00000E+00
  0.00000E+00  0.00000E+00  0.00000E+00  0.00000E+00  0.00000E+00  0.00000E+00
  0.00000E+00  0.00000E+00  0.00000E+00  0.00000E+00  0.00000E+00  0.93721E+03
  0.14874E+04  0.23606E+04  0.37467E+04  0.59465E+04  0.94391E+04  0.14982E+05
  0.23783E+05  0.37750E+05  0.59921E+05  0.00000E+00  0.00000E+00  0.00000E+00
  0.00000E+00  0.00000E+00  0.00000E+00  0.00000E+00  0.00000E+00  0.00000E+00
  0.00000E+00  0.00000E+00  0.00000E+00  0.00000E+00  0.00000E+00  0.00000E+00
  0.00000E+00  0.00000E+00  0.00000E+00  0.00000E+00  0.00000E+00  0.00000E+00
  0.00000E+00  0.00000E+00  0.00000E+00  0.00000E+00  0.00000E+00  0.00000E+00
  0.00000E+00  0.00000E+00  0.00000E+00  0.00000E+00  0.00000E+00  0.00000E+00
  0.93748E+03  0.14877E+04  0.23611E+04  0.37472E+04  0.59471E+04  0.94399E+04
  0.14983E+05  0.23784E+05  0.37751E+05  0.59923E+05  0.00000E+00  0.00000E+00
  0.00000E+00  0.00000E+00  0.00000E+00  0.00000E+00  0.00000E+00  0.00000E+00
  0.00000E+00  0.00000E+00  0.00000E+00  0.00000E+00  0.00000E+00  0.00000E+00
  0.00000E+00  0.00000E+00  0.00000E+00  0.00000E+00  0.00000E+00  0.00000E+00
  0.00000E+00  0.00000E+00  0.00000E+00  0.00000E+00  0.00000E+00  0.00000E+00
  0.00000E+00  0.00000E+00  0.00000E+00  0.00000E+00  0.00000E+00  0.00000E+00
  0.00000E+00  0.93783E+03  0.14881E+04  0.23616E+04  0.37479E+04  0.59480E+04
  0.94409E+04  0.14985E+05  0.23786E+05  0.37753E+05  0.59925E+05  0.00000E+00
  0.00000E+00  0.00000E+00  0.00000E+00  0.00000E+00  0.00000E+00  0.00000E+00
  0.00000E+00  0.00000E+00  0.00000E+00  0.11721E-07  0.90415E-06  0.44564E-05
  0.17585E-04  0.62046E-04  0.19347E-03  0.57843E-03  0.16184E-02  0.33846E-02
  0.68894E-02  0.14841E-01  0.31396E-01  0.63276E-01  0.13263E+00  0.27439E+00
  0.51109E+00  0.96057E+00  0.17614E+01  0.31716E+01  0.54959E+01  0.93514E+01
  0.15167E+02  0.24059E+02  0.93825E+03  0.14887E+04  0.23622E+04  0.37487E+04
  0.59490E+04  0.94421E+04  0.14986E+05  0.23787E+05  0.37755E+05  0.59928E+05
  0.00000E+00  0.00000E+00  0.00000E+00  0.00000E+00  0.00000E+00  0.00000E+00
  0.00000E+00  0.00000E+00  0.00000E+00  0.00000E+00  0.29042E-07  0.22071E-05
  0.10736E-04  0.41888E-04  0.14639E-03  0.45276E-03  0.13447E-02  0.37417E-02
  0.77900E-02  0.15800E-01  0.33938E-01  0.71624E-01  0.14408E+00  0.30155E+00
  0.62309E+00  0.11595E+01  0.21775E+01  0.39905E+01  0.71818E+01  0.12440E+02
  0.21161E+02  0.34313E+02  0.54418E+02  0.93879E+03  0.14893E+04  0.23631E+04
  0.37497E+04  0.59503E+04  0.94437E+04  0.14988E+05  0.23790E+05  0.37758E+05
  0.59931E+05  0.00000E+00  0.00000E+00  0.00000E+00  0.00000E+00  0.00000E+00
  0.00000E+00  0.00000E+00  0.00000E+00  0.00000E+00  0.00000E+00  0.97580E-07
  0.72974E-05  0.34976E-04  0.13471E-03  0.46549E-03  0.14259E-02  0.42011E-02
  0.11614E-01  0.24100E-01  0.48657E-01  0.10353E+00  0.21876E+00  0.44010E+00
  0.91652E+00  0.18876E+01  0.35154E+01  0.65956E+01  0.12078E+02  0.21724E+02
  0.37611E+02  0.63952E+02  0.10367E+03  0.16437E+03  0.93947E+03  0.14902E+04
  0.23641E+04  0.37510E+04  0.59518E+04  0.94456E+04  0.14990E+05  0.23792E+05
  0.37761E+05  0.59934E+05  0.00000E+00  0.00000E+00  0.00000E+00  0.00000E+00
  0.00000E+00  0.00000E+00  0.00000E+00  0.00000E+00  0.00000E+00  0.00000E+00
  0.16948E-06  0.12886E-04  0.61906E-04  0.23799E-03  0.81802E-03  0.24874E-02
  0.72759E-02  0.19984E-01  0.41247E-01  0.82864E-01  0.17540E+00  0.36927E+00
  0.74086E+00  0.15412E+01  0.31673E+01  0.58924E+01  0.11043E+02  0.20202E+02
  0.36309E+02  0.62825E+02  0.10677E+03  0.17301E+03  0.27422E+03  0.93998E+03
  0.14907E+04  0.23645E+04  0.37511E+04  0.59514E+04  0.94441E+04  0.14987E+05
  0.23786E+05  0.37749E+05  0.59913E+05  0.00000E+00  0.00000E+00  0.00000E+00
  0.00000E+00  0.00000E+00  0.00000E+00  0.00000E+00  0.00000E+00  0.00000E+00
  0.00000E+00  0.24253E-06  0.18436E-04  0.87616E-04  0.33245E-03  0.11264E-02
  0.33759E-02  0.97482E-02  0.26472E-01  0.54109E-01  0.10782E+00  0.22678E+00
  0.47491E+00  0.94852E+00  0.19657E+01  0.40283E+01  0.74758E+01  0.13984E+02
  0.25544E+02  0.45855E+02  0.79265E+02  0.13461E+03  0.21798E+03  0.34532E+03
  0.94115E+03  0.14920E+04  0.23661E+04  0.37529E+04  0.59532E+04  0.94458E+04
  0.14988E+05  0.23786E+05  0.37746E+05  0.59906E+05  0.00000E+00  0.00000E+00
  0.00000E+00  0.00000E+00  0.00000E+00  0.00000E+00  0.00000E+00  0.00000E+00
  0.00000E+00  0.00000E+00  0.31272E-06  0.25409E-04  0.12308E-03  0.46901E-03
  0.15796E-02  0.46789E-02  0.13348E-01  0.35825E-01  0.72447E-01  0.14302E+00
  0.29861E+00  0.62139E+00  0.12344E+01  0.25464E+01  0.52001E+01  0.96213E+01
  0.17955E+02  0.32736E+02  0.58675E+02  0.10130E+03  0.17186E+03  0.27807E+03
  0.44022E+03  0.94232E+03  0.14933E+04  0.23672E+04  0.37537E+04  0.59532E+04
  0.94442E+04  0.14984E+05  0.23776E+05  0.37727E+05  0.59872E+05  0.00000E+00
  0.00000E+00  0.00000E+00  0.00000E+00  0.00000E+00  0.00000E+00  0.00000E+00
  0.00000E+00  0.00000E+00  0.00000E+00  0.39509E-06  0.32888E-04  0.15879E-03
  0.59383E-03  0.19626E-02  0.56851E-02  0.15896E-01  0.41883E-01  0.83386E-01
  0.16243E+00  0.33541E+00  0.69152E+00  0.13631E+01  0.27943E+01  0.56775E+01
  0.10462E+02  0.19458E+02  0.35382E+02  0.63282E+02  0.10907E+03  0.18478E+03
  0.29864E+03  0.47236E+03  0.94462E+03  0.14961E+04  0.23706E+04  0.37577E+04
  0.59579E+04  0.94495E+04  0.14989E+05  0.23782E+05  0.37732E+05  0.59875E+05
  0.00000E+00  0.00000E+00  0.00000E+00  0.00000E+00  0.00000E+00  0.00000E+00
  0.00000E+00  0.00000E+00  0.00000E+00  0.00000E+00  0.47927E-06  0.43117E-04
  0.21144E-03  0.78228E-03  0.25447E-02  0.72035E-02  0.19705E-01  0.50840E-01
  0.99375E-01  0.19048E+00  0.38803E+00  0.79085E+00  0.15438E+01  0.31393E+01
  0.63373E+01  0.11616E+02  0.21511E+02  0.38979E+02  0.69520E+02  0.11955E+03
  0.20216E+03  0.32626E+03  0.51544E+03  0.94760E+03  0.14997E+04  0.23749E+04
  0.37627E+04  0.59635E+04  0.94556E+04  0.14995E+05  0.23787E+05  0.37735E+05
  0.59871E+05  0.00000E+00  0.00000E+00  0.00000E+00  0.00000E+00  0.00000E+00
  0.00000E+00  0.00000E+00  0.00000E+00  0.00000E+00  0.00000E+00  0.31406E-06
  0.45835E-04  0.24901E-03  0.95931E-03  0.31295E-02  0.87556E-02  0.23545E-01
  0.59629E-01  0.11425E+00  0.21488E+00  0.43049E+00  0.86443E+00  0.16646E+01
  0.33440E+01  0.66771E+01  0.12204E+02  0.22585E+02  0.40744E+02  0.72408E+02
  0.12415E+03  0.20946E+03  0.33738E+03  0.53217E+03  0.95094E+03  0.15034E+04
  0.23790E+04  0.37668E+04  0.59671E+04  0.94575E+04  0.14994E+05  0.23778E+05
  0.37713E+05  0.59828E+05  0.00000E+00  0.00000E+00  0.00000E+00  0.00000E+00
  0.00000E+00  0.00000E+00  0.00000E+00  0.00000E+00  0.00000E+00  0.00000E+00
  0.99406E-07  0.46449E-04  0.30306E-03  0.12351E-02  0.40479E-02  0.11181E-01
  0.29482E-01  0.73057E-01  0.13666E+00  0.25117E+00  0.49286E+00  0.97125E+00
  0.18382E+01  0.36353E+01  0.71565E+01  0.13031E+02  0.24084E+02  0.43195E+02
  0.76400E+02  0.13049E+03  0.21946E+03  0.35259E+03  0.55501E+03  0.95592E+03
  0.15093E+04  0.23858E+04  0.37744E+04  0.59751E+04  0.94652E+04  0.15000E+05
  0.23779E+05  0.37705E+05  0.59802E+05  0.00000E+00  0.00000E+00  0.00000E+00
  0.00000E+00  0.00000E+00  0.00000E+00  0.00000E+00  0.85260E-05  0.79862E-05
  0.67644E-05  0.51192E-05  0.11630E-04  0.29496E-03  0.15444E-02  0.55474E-02
  0.15727E-01  0.41590E-01  0.96503E-01  0.17556E+00  0.31324E+00  0.59715E+00
  0.11424E+01  0.20980E+01  0.40265E+01  0.76901E+01  0.13756E+02  0.25094E+02
  0.44674E+02  0.78535E+02  0.13347E+03  0.22356E+03  0.35797E+03  0.56194E+03
  0.96217E+03  0.15165E+04  0.23938E+04  0.37829E+04  0.59833E+04  0.94714E+04
  0.15001E+05  0.23771E+05  0.37679E+05  0.59744E+05  0.00000E+00  0.00000E+00
  0.00000E+00  0.00000E+00  0.00000E+00  0.00000E+00  0.00000E+00  0.44600E-04
  0.42641E-04  0.38272E-04  0.29350E-04  0.72141E-04  0.22300E-03  0.19534E-02
  0.79770E-02  0.23416E-01  0.62261E-01  0.13503E+00  0.23838E+00  0.41153E+00
  0.75899E+00  0.14025E+01  0.24846E+01  0.45963E+01  0.84501E+01  0.14777E+02
  0.26504E+02  0.46731E+02  0.81501E+02  0.13760E+03  0.22926E+03  0.36548E+03
  0.57167E+03  0.97116E+03  0.15272E+04  0.24062E+04  0.37968E+04  0.59982E+04
  0.94862E+04  0.15013E+05  0.23776E+05  0.37669E+05  0.59706E+05  0.27153E-05
  0.29667E-05  0.32853E-05  0.36859E-05  0.46655E-05  0.68681E-05  0.11982E-03
  0.23165E-02  0.43329E-02  0.48367E-02  0.39890E-02  0.27410E-03  0.00000E+00
  0.58176E-02  0.18454E-01  0.42446E-01  0.91869E-01  0.17975E+00  0.30944E+00
  0.51935E+00  0.93148E+00  0.16739E+01  0.28856E+01  0.52042E+01  0.93432E+01
  0.16034E+02  0.28313E+02  0.49311E+02  0.85127E+02  0.14250E+03  0.23578E+03
  0.37372E+03  0.58183E+03  0.98385E+03  0.15424E+04  0.24243E+04  0.38180E+04
  0.60222E+04  0.95124E+04  0.15040E+05  0.23799E+05  0.37683E+05  0.59697E+05
  0.13802E-03  0.15058E-03  0.16648E-03  0.18646E-03  0.23569E-03  0.34661E-03
  0.89258E-03  0.55820E-02  0.10128E-01  0.11543E-01  0.10423E-01  0.25114E-02
  0.33637E-02  0.47298E-02  0.23269E-01  0.56925E-01  0.12398E+00  0.23966E+00
  0.40519E+00  0.66383E+00  0.11610E+01  0.20321E+01  0.34113E+01  0.60036E+01
  0.10539E+02  0.17721E+02  0.30747E+02  0.52750E+02  0.89907E+02  0.14890E+03
  0.24417E+03  0.38417E+03  0.59445E+03  0.10005E+04  0.15623E+04  0.24476E+04
  0.38448E+04  0.60521E+04  0.95438E+04  0.15070E+05  0.23822E+05  0.37686E+05
  0.59664E+05  0.67285E-03  0.73330E-03  0.80959E-03  0.90546E-03  0.11430E-02
  0.16787E-02  0.36745E-02  0.13042E-01  0.22682E-01  0.26080E-01  0.25096E-01
  0.11516E-01  0.93617E-02  0.00000E+00  0.28559E-01  0.77935E-01  0.17265E+00
  0.33115E+00  0.55155E+00  0.88325E+00  0.15066E+01  0.25653E+01  0.41845E+01
  0.71654E+01  0.12257E+02  0.20122E+02  0.34184E+02  0.57570E+02  0.96573E+02
  0.15779E+03  0.25583E+03  0.39868E+03  0.61208E+03  0.10238E+04  0.15904E+04
  0.24813E+04  0.38845E+04  0.60980E+04  0.95953E+04  0.15125E+05  0.23876E+05
  0.37730E+05  0.59681E+05  0.25673E-02  0.27956E-02  0.30835E-02  0.34453E-02
  0.43453E-02  0.63779E-02  0.13136E-01  0.31737E-01  0.52557E-01  0.60848E-01
  0.62318E-01  0.44864E-01  0.19892E-01  0.18514E-01  0.26891E-01  0.10165E+00
  0.23927E+00  0.46325E+00  0.76815E+00  0.12099E+01  0.20213E+01  0.33551E+01
  0.53182E+01  0.88513E+01  0.14723E+02  0.23531E+02  0.39013E+02  0.64280E+02
  0.10578E+03  0.16997E+03  0.27170E+03  0.41836E+03  0.63585E+03  0.10552E+04
  0.16281E+04  0.25262E+04  0.39374E+04  0.61591E+04  0.96637E+04  0.15198E+05
  0.23947E+05  0.37787E+05  0.59701E+05  0.81051E-02  0.87194E-02  0.95612E-02
  0.10853E-01  0.14953E-01  0.23948E-01  0.44025E-01  0.80850E-01  0.11827E+00
  0.13697E+00  0.14544E+00  0.13130E+00  0.65585E-01  0.63176E-01  0.89030E-02
  0.12506E+00  0.33169E+00  0.66426E+00  0.11040E+01  0.17176E+01  0.28189E+01
  0.45687E+01  0.70402E+01  0.11380E+02  0.18374E+02  0.28513E+02  0.45989E+02
  0.73873E+02  0.11882E+03  0.18711E+03  0.29393E+03  0.44583E+03  0.66905E+03
  0.10990E+04  0.16811E+04  0.25900E+04  0.40136E+04  0.62490E+04  0.97681E+04
  0.15315E+05  0.24074E+05  0.37915E+05  0.59810E+05  0.40661E-01  0.43036E-01
  0.46813E-01  0.54286E-01  0.83155E-01  0.14776E+00  0.24976E+00  0.39430E+00
  0.49360E+00  0.56652E+00  0.60893E+00  0.59726E+00  0.52563E+00  0.35295E+00
  0.78820E-01  0.14035E+00  0.66108E+00  0.14380E+01  0.24392E+01  0.37458E+01
  0.59916E+01  0.93346E+01  0.13679E+02  0.20929E+02  0.31858E+02  0.46504E+02
  0.70634E+02  0.10708E+03  0.16315E+03  0.24447E+03  0.36735E+03  0.53578E+03
  0.77726E+03  0.12414E+04  0.18536E+04  0.27992E+04  0.42670E+04  0.65549E+04
  0.10135E+05  0.15751E+05  0.24583E+05  0.38494E+05  0.60447E+05  0.14467E+00
  0.15536E+00  0.16893E+00  0.18636E+00  0.22451E+00  0.37951E+00  0.59803E+00
  0.93628E+00  0.11790E+01  0.13440E+01  0.14488E+01  0.14544E+01  0.13548E+01
  0.10659E+01  0.51188E+00  0.47599E-01  0.80771E+00  0.22300E+01  0.39707E+01
  0.61673E+01  0.98599E+01  0.15165E+02  0.21731E+02  0.32369E+02  0.47742E+02
  0.67268E+02  0.98492E+02  0.14383E+03  0.21119E+03  0.30539E+03  0.44393E+03
  0.62807E+03  0.88669E+03  0.13837E+04  0.20244E+04  0.30048E+04  0.45146E+04
  0.68527E+04  0.10491E+05  0.16174E+05  0.25079E+05  0.39066E+05  0.61084E+05
  0.38084E+00  0.41449E+00  0.45584E+00  0.50429E+00  0.72556E+00  0.98553E+00
  0.14113E+01  0.21829E+01  0.27852E+01  0.31576E+01  0.33597E+01  0.34499E+01
  0.32565E+01  0.27483E+01  0.17687E+01  0.21445E+00  0.82969E+00  0.34105E+01
  0.65425E+01  0.10388E+02  0.16727E+02  0.25559E+02  0.36013E+02  0.52489E+02
  0.75338E+02  0.10280E+03  0.14538E+03  0.20460E+03  0.28924E+03  0.40270E+03
  0.56427E+03  0.77098E+03  0.10541E+04  0.15990E+04  0.22808E+04  0.33119E+04
  0.48838E+04  0.72972E+04  0.11027E+05  0.16816E+05  0.25845E+05  0.39970E+05
  0.62134E+05  0.95534E+00  0.98289E+00  0.10360E+01  0.11667E+01  0.17115E+01
  0.22610E+01  0.31570E+01  0.48491E+01  0.62780E+01  0.70329E+01  0.74445E+01
  0.76871E+01  0.73070E+01  0.63496E+01  0.43711E+01  0.83124E+00  0.58435E+00
  0.52719E+01  0.11064E+02  0.18022E+02  0.29309E+02  0.44630E+02  0.62085E+02
  0.88915E+02  0.12473E+03  0.16551E+03  0.22684E+03  0.30838E+03  0.42016E+03
  0.56295E+03  0.75897E+03  0.99842E+03  0.13165E+04  0.19321E+04  0.26735E+04
  0.37786E+04  0.54424E+04  0.79692E+04  0.11838E+05  0.17797E+05  0.27030E+05
  0.41397E+05  0.63843E+05  0.20391E+01  0.20977E+01  0.22108E+01  0.24893E+01
  0.36512E+01  0.48231E+01  0.67340E+01  0.10344E+02  0.13397E+02  0.15022E+02
  0.15933E+02  0.16513E+02  0.15797E+02  0.13938E+02  0.99827E+01  0.21482E+01
  0.37578E+00  0.82739E+01  0.19199E+02  0.32109E+02  0.52777E+02  0.80254E+02
  0.11058E+03  0.15622E+03  0.21513E+03  0.27887E+03  0.37204E+03  0.49046E+03
  0.64590E+03  0.83430E+03  0.10826E+04  0.13696E+04  0.17375E+04  0.24578E+04
  0.32843E+04  0.44961E+04  0.62930E+04  0.89856E+04  0.13060E+05  0.19274E+05
  0.28821E+05  0.43571E+05  0.66481E+05  0.41762E+01  0.42958E+01  0.45269E+01
  0.50966E+01  0.74745E+01  0.98720E+01  0.13781E+02  0.21167E+02  0.27413E+02
  0.30741E+02  0.32625E+02  0.33852E+02  0.32456E+02  0.28805E+02  0.20947E+02
  0.47086E+01  0.21891E+01  0.14222E+02  0.35132E+02  0.59540E+02  0.98209E+02
  0.14879E+03  0.20324E+03  0.28375E+03  0.38477E+03  0.48927E+03  0.63809E+03
  0.81929E+03  0.10471E+04  0.13083E+04  0.16377E+04  0.19947E+04  0.24336E+04
  0.33114E+04  0.42601E+04  0.56254E+04  0.76151E+04  0.10550E+05  0.14928E+05
  0.21522E+05  0.31544E+05  0.46886E+05  0.70533E+05  0.86925E+01  0.89409E+01
  0.94213E+01  0.10606E+02  0.15554E+02  0.20543E+02  0.28679E+02  0.44052E+02
  0.57070E+02  0.64039E+02  0.68054E+02  0.70775E+02  0.68118E+02  0.60991E+02
  0.45290E+02  0.10743E+02  0.85414E+01  0.22475E+02  0.62838E+02  0.10953E+03
  0.18293E+03  0.27777E+03  0.37789E+03  0.52390E+03  0.70293E+03  0.88115E+03
  0.11293E+04  0.14198E+04  0.17704E+04  0.21502E+04  0.26073E+04  0.30668E+04
  0.36048E+04  0.47203E+04  0.58394E+04  0.74189E+04  0.96777E+04  0.12950E+05
  0.17751E+05  0.24875E+05  0.35558E+05  0.51725E+05  0.76397E+05  0.17454E+02
  0.17952E+02  0.18916E+02  0.21293E+02  0.31225E+02  0.41236E+02  0.57561E+02
  0.88409E+02  0.11453E+03  0.12851E+03  0.13659E+03  0.14211E+03  0.13688E+03
  0.12282E+03  0.91715E+02  0.22070E+02  0.19507E+02  0.40523E+02  0.11901E+03
  0.20921E+03  0.35016E+03  0.53064E+03  0.71841E+03  0.98929E+03  0.13155E+04
  0.16302E+04  0.20603E+04  0.25468E+04  0.31124E+04  0.36920E+04  0.43574E+04
  0.49712E+04  0.56498E+04  0.71353E+04  0.84968E+04  0.10382E+05  0.13025E+05
  0.16780E+05  0.22190E+05  0.30080E+05  0.41726E+05  0.59103E+05  0.85295E+05
  0.35626E+02  0.36642E+02  0.38608E+02  0.43460E+02  0.63729E+02  0.84161E+02
  0.11748E+03  0.18046E+03  0.23382E+03  0.26249E+03  0.27922E+03  0.29090E+03
  0.28085E+03  0.25329E+03  0.19133E+03  0.47308E+02  0.49220E+02  0.66168E+02
  0.21943E+03  0.39474E+03  0.66751E+03  0.10144E+04  0.13715E+04  0.18824E+04
  0.24891E+04  0.30601E+04  0.38287E+04  0.46734E+04  0.56238E+04  0.65483E+04
  0.75612E+04  0.84095E+04  0.92844E+04  0.11356E+05  0.13056E+05  0.15367E+05
  0.18546E+05  0.22977E+05  0.29236E+05  0.38193E+05  0.51180E+05  0.70241E+05
  0.98544E+05  0.71475E+02  0.73511E+02  0.77453E+02  0.87184E+02  0.12784E+03
  0.16883E+03  0.23567E+03  0.36201E+03  0.46908E+03  0.52665E+03  0.56040E+03
  0.58417E+03  0.56452E+03  0.51026E+03  0.38742E+03  0.96945E+02  0.10749E+03
  0.11692E+03  0.41717E+03  0.75946E+03  0.12904E+04  0.19623E+04  0.26483E+04
  0.36240E+04  0.47708E+04  0.58295E+04  0.72378E+04  0.87500E+04  0.10405E+05
  0.11942E+05  0.13553E+05  0.14768E+05  0.15919E+05  0.18948E+05  0.21125E+05
  0.24038E+05  0.27975E+05  0.33359E+05  0.40819E+05  0.51288E+05  0.66178E+05
  0.87634E+05  0.11895E+06  0.14339E+03  0.14747E+03  0.15538E+03  0.17490E+03
  0.25646E+03  0.33867E+03  0.47276E+03  0.72622E+03  0.94110E+03  0.10568E+04
  0.11249E+04  0.11734E+04  0.11351E+04  0.10283E+04  0.78464E+03  0.19858E+03
  0.23274E+03  0.20440E+03  0.79402E+03  0.14646E+04  0.25022E+04  0.38109E+04
  0.51392E+04  0.70202E+04  0.92139E+04  0.11210E+05  0.13841E+05  0.16616E+05
  0.19585E+05  0.22235E+05  0.24902E+05  0.26703E+05  0.28243E+05  0.32878E+05
  0.35726E+05  0.39483E+05  0.44484E+05  0.51208E+05  0.60356E+05  0.72950E+05
  0.90516E+05  0.11534E+06  0.15089E+06  0.28758E+03  0.29576E+03  0.31162E+03
  0.35076E+03  0.51434E+03  0.67923E+03  0.94819E+03  0.14566E+04  0.18878E+04
  0.21203E+04  0.22579E+04  0.23567E+04  0.22821E+04  0.20720E+04  0.15888E+04
  0.40643E+03  0.50017E+03  0.35213E+03  0.15118E+04  0.28284E+04  0.48624E+04
  0.74211E+04  0.10007E+05  0.13658E+05  0.17891E+05  0.21702E+05  0.26691E+05
  0.31878E+05  0.37334E+05  0.42044E+05  0.46621E+05  0.49388E+05  0.51474E+05
  0.58883E+05  0.62673E+05  0.67616E+05  0.74110E+05  0.82716E+05  0.94234E+05
  0.10981E+06  0.13114E+06  0.16069E+06  0.20221E+06  0.57663E+03  0.59304E+03
  0.62483E+03  0.70332E+03  0.10313E+04  0.13620E+04  0.19014E+04  0.29211E+04
  0.37862E+04  0.42535E+04  0.45313E+04  0.47327E+04  0.45877E+04  0.41745E+04
  0.32162E+04  0.83110E+03  0.10681E+04  0.59472E+03  0.28781E+04  0.54673E+04
  0.94625E+04  0.14479E+05  0.19534E+05  0.26653E+05  0.34875E+05  0.42217E+05
  0.51783E+05  0.61623E+05  0.71835E+05  0.80423E+05  0.88525E+05  0.92930E+05
  0.95781E+05  0.10811E+06  0.11322E+06  0.11983E+06  0.12842E+06  0.13967E+06
  0.15451E+06  0.17428E+06  0.20089E+06  0.23709E+06  0.28698E+06  0.12649E+05
  0.12644E+05  0.12636E+05  0.12623E+05  0.12600E+05  0.12565E+05  0.12511E+05
  0.12429E+05  0.12293E+05  0.12080E+05  0.11731E+05  0.11227E+05  0.10527E+05
  0.93603E+04  0.76080E+04  0.54646E+04  0.25386E+04  0.11725E+04  0.56722E+04
  0.10770E+05  0.18629E+05  0.28486E+05  0.38395E+05  0.52328E+05  0.68370E+05
  0.82615E+05  0.10111E+06  0.11998E+06  0.13937E+06  0.15534E+06  0.17006E+06
  0.17733E+06  0.18126E+06  0.20252E+06  0.20949E+06  0.21845E+06  0.23000E+06
  0.24497E+06  0.26451E+06  0.29019E+06  0.32425E+06  0.36984E+06  0.43155E+06
  0.24972E+05  0.24962E+05  0.24946E+05  0.24920E+05  0.24874E+05  0.24806E+05
  0.24699E+05  0.24535E+05  0.24267E+05  0.23846E+05  0.23156E+05  0.22159E+05
  0.20777E+05  0.18473E+05  0.15013E+05  0.10782E+05  0.50079E+04  0.23125E+04
  0.11184E+05  0.21229E+05  0.36706E+05  0.56097E+05  0.75563E+05  0.10290E+06
  0.13431E+06  0.16208E+06  0.19803E+06  0.23452E+06  0.27173E+06  0.30191E+06
  0.32921E+06  0.34158E+06  0.34703E+06  0.38484E+06  0.39443E+06  0.40668E+06
  0.42238E+06  0.44259E+06  0.46872E+06  0.50271E+06  0.54724E+06  0.60602E+06
  0.68435E+06  0.49304E+05  0.49283E+05  0.49252E+05  0.49199E+05  0.49109E+05
  0.48974E+05  0.48762E+05  0.48438E+05  0.47908E+05  0.47076E+05  0.45713E+05
  0.43742E+05  0.41013E+05  0.36461E+05  0.29630E+05  0.21278E+05  0.98819E+04
  0.45625E+04  0.22062E+05  0.41866E+05  0.72367E+05  0.11056E+06  0.14885E+06
  0.20258E+06  0.26422E+06  0.31856E+06  0.38877E+06  0.45973E+06  0.53170E+06
  0.58941E+06  0.64087E+06  0.66258E+06  0.67016E+06  0.73908E+06  0.75234E+06
  0.76923E+06  0.79077E+06  0.81833E+06  0.85373E+06  0.89940E+06  0.95864E+06
  0.10359E+07  0.11376E+07  0.97337E+05  0.97295E+05  0.97233E+05  0.97129E+05
  0.96951E+05  0.96683E+05  0.96265E+05  0.95623E+05  0.94577E+05  0.92932E+05
  0.90238E+05  0.86347E+05  0.80957E+05  0.71969E+05  0.58482E+05  0.41994E+05
  0.19501E+05  0.90029E+04  0.43528E+05  0.82588E+05  0.14273E+06  0.21799E+06
  0.29340E+06  0.39913E+06  0.52030E+06  0.62689E+06  0.76442E+06  0.90300E+06
  0.10430E+07  0.11543E+07  0.12525E+07  0.12916E+07  0.13022E+07  0.14303E+07
  0.14488E+07  0.14722E+07  0.15019E+07  0.15398E+07  0.15882E+07  0.16503E+07
  0.17302E+07  0.18335E+07  0.19680E+07  0.19217E+06  0.19209E+06  0.19197E+06
  0.19176E+06  0.19141E+06  0.19088E+06  0.19005E+06  0.18878E+06  0.18671E+06
  0.18346E+06  0.17815E+06  0.17046E+06  0.15981E+06  0.14207E+06  0.11544E+06
  0.82890E+05  0.38490E+05  0.17768E+05  0.85899E+05  0.16296E+06  0.28158E+06
  0.42998E+06  0.57859E+06  0.78686E+06  0.10254E+07  0.12348E+07  0.15049E+07
  0.17763E+07  0.20498E+07  0.22659E+07  0.24550E+07  0.25270E+07  0.25417E+07
  0.27838E+07  0.28095E+07  0.28420E+07  0.28833E+07  0.29357E+07  0.30024E+07
  0.30876E+07  0.31965E+07  0.33364E+07  0.35170E+07  0.37941E+06  0.37925E+06
  0.37900E+06  0.37860E+06  0.37790E+06  0.37685E+06  0.37522E+06  0.37271E+06
  0.36863E+06  0.36221E+06  0.35170E+06  0.33652E+06  0.31550E+06  0.28046E+06
  0.22789E+06  0.16363E+06  0.75978E+05  0.35071E+05  0.16954E+06  0.32161E+06
  0.55565E+06  0.84838E+06  0.11414E+07  0.15519E+07  0.20218E+07  0.24340E+07
  0.29650E+07  0.34980E+07  0.40338E+07  0.44554E+07  0.48221E+07  0.49569E+07
  0.49775E+07  0.54402E+07  0.54761E+07  0.55215E+07  0.55790E+07  0.56518E+07
  0.57442E+07  0.58617E+07  0.60115E+07  0.62028E+07  0.64482E+07  0.74907E+06
  0.74875E+06  0.74827E+06  0.74746E+06  0.74608E+06  0.74401E+06  0.74079E+06
  0.73583E+06  0.72777E+06  0.71509E+06  0.69435E+06  0.66437E+06  0.62287E+06
  0.55368E+06  0.44989E+06  0.32301E+06  0.14998E+06  0.69229E+05  0.33465E+06
  0.63477E+06  0.10966E+07  0.16742E+07  0.22522E+07  0.30618E+07  0.39880E+07
  0.47999E+07  0.58453E+07  0.68935E+07  0.79456E+07  0.87706E+07  0.94854E+07
  0.97411E+07  0.97701E+07  0.10662E+08  0.10713E+08  0.10776E+08  0.10856E+08
  0.10958E+08  0.11086E+08  0.11249E+08  0.11456E+08  0.11720E+08  0.12056E+08
  0.14789E+07  0.14783E+07  0.14773E+07  0.14758E+07  0.14730E+07  0.14689E+07
  0.14626E+07  0.14528E+07  0.14369E+07  0.14118E+07  0.13709E+07  0.13117E+07
  0.12297E+07  0.10931E+07  0.88818E+06  0.63770E+06  0.29609E+06  0.13667E+06
  0.66060E+06  0.12530E+07  0.21646E+07  0.33044E+07  0.44447E+07  0.60419E+07
  0.78685E+07  0.94690E+07  0.11529E+08  0.13592E+08  0.15662E+08  0.17280E+08
  0.18679E+08  0.19169E+08  0.19210E+08  0.20942E+08  0.21012E+08  0.21101E+08
  0.21213E+08  0.21355E+08  0.21534E+08  0.21761E+08  0.22049E+08  0.22414E+08
  0.22878E+08  0.29199E+07  0.29186E+07  0.29167E+07  0.29136E+07  0.29082E+07
  0.29001E+07  0.28875E+07  0.28682E+07  0.28368E+07  0.27873E+07  0.27064E+07
  0.25896E+07  0.24278E+07  0.21580E+07  0.17535E+07  0.12589E+07  0.58452E+06
  0.26979E+06  0.13041E+07  0.24734E+07  0.42727E+07  0.65223E+07  0.87727E+07
  0.11924E+08  0.15527E+08  0.18684E+08  0.22744E+08  0.26810E+08  0.30884E+08
  0.34066E+08  0.36808E+08  0.37757E+08  0.37814E+08  0.41191E+08  0.41290E+08
  0.41414E+08  0.41571E+08  0.41770E+08  0.42020E+08  0.42337E+08  0.42738E+08
  0.43246E+08  0.43890E+08  0.57652E+07  0.57627E+07  0.57589E+07  0.57527E+07
  0.57421E+07  0.57261E+07  0.57013E+07  0.56631E+07  0.56010E+07  0.55034E+07
  0.53437E+07  0.51129E+07  0.47934E+07  0.42609E+07  0.34620E+07  0.24856E+07
  0.11541E+07  0.53266E+06  0.25746E+07  0.48832E+07  0.84352E+07  0.12876E+08
  0.17318E+08  0.23537E+08  0.30648E+08  0.36875E+08  0.44884E+08  0.52901E+08
  0.60929E+08  0.67191E+08  0.72580E+08  0.74425E+08  0.74505E+08  0.81115E+08
  0.81253E+08  0.81428E+08  0.81648E+08  0.81926E+08  0.82277E+08  0.82720E+08
  0.83280E+08  0.83988E+08  0.84884E+08
