  0.00000E+00  0.00000E+00  0.00000E+00  0.00000E+00  0.00000E+00  0.00000E+00
  0.00000E+00  0.00000E+00  0.00000E+00  0.00000E+00  0.00000E+00  0.00000E+00
  0.00000E+00  0.14569E-04  0.21710E-03  0.59974E-03  0.13983E-02  0.39512E-02
  0.88285E-02  0.19291E-01  0.44356E-01  0.91885E-01  0.18427E+00  0.40734E+00
  0.10093E+01  0.23579E+01  0.56774E+01  0.15147E+02  0.27294E+02  0.47324E+02
  0.80561E+02  0.13071E+03  0.20740E+03  0.59290E+03  0.94088E+03  0.14932E+04
  0.23699E+04  0.37613E+04  0.59703E+04  0.94764E+04  0.15042E+05  0.23876E+05
  0.37899E+05  0.00000E+00  0.00000E+00  0.00000E+00  0.00000E+00  0.00000E+00
  0.00000E+00  0.00000E+00  0.00000E+00  0.00000E+00  0.00000E+00  0.00000E+00
  0.00000E+00  0.75134E-08  0.78798E-04  0.27888E-03  0.73571E-03  0.19584E-02
  0.57171E-02  0.12471E-01  0.26298E-01  0.57243E-01  0.12322E+00  0.24304E+00
  0.50944E+00  0.12099E+01  0.27297E+01  0.69780E+01  0.16494E+02  0.30924E+02
  0.55262E+02  0.94056E+02  0.15258E+03  0.24208E+03  0.59311E+03  0.94115E+03
  0.14936E+04  0.23703E+04  0.37618E+04  0.59709E+04  0.94772E+04  0.15043E+05
  0.23877E+05  0.37900E+05  0.00000E+00  0.00000E+00  0.00000E+00  0.00000E+00
  0.00000E+00  0.00000E+00  0.00000E+00  0.00000E+00  0.00000E+00  0.00000E+00
  0.00000E+00  0.00000E+00  0.37130E-04  0.12768E-03  0.43254E-03  0.10078E-02
  0.25485E-02  0.75574E-02  0.16240E-01  0.34040E-01  0.75282E-01  0.16090E+00
  0.32512E+00  0.67083E+00  0.14476E+01  0.32703E+01  0.83745E+01  0.17850E+02
  0.34571E+02  0.63226E+02  0.10758E+03  0.17450E+03  0.27680E+03  0.59337E+03
  0.94147E+03  0.14940E+04  0.23708E+04  0.37624E+04  0.59717E+04  0.94781E+04
  0.15044E+05  0.23878E+05  0.37902E+05  0.00000E+00  0.00000E+00  0.00000E+00
  0.00000E+00  0.00000E+00  0.00000E+00  0.00000E+00  0.00000E+00  0.00000E+00
  0.00000E+00  0.00000E+00  0.00000E+00  0.39581E-04  0.13458E-03  0.48181E-03
  0.11097E-02  0.29055E-02  0.95288E-02  0.20560E-01  0.43087E-01  0.94008E-01
  0.19919E+00  0.39925E+00  0.82089E+00  0.18204E+01  0.38919E+01  0.97883E+01
  0.20377E+02  0.37888E+02  0.67288E+02  0.11446E+03  0.18561E+03  0.29437E+03
  0.59370E+03  0.94188E+03  0.14945E+04  0.23715E+04  0.37632E+04  0.59726E+04
  0.94792E+04  0.15046E+05  0.23880E+05  0.37904E+05  0.00000E+00  0.00000E+00
  0.00000E+00  0.00000E+00  0.00000E+00  0.00000E+00  0.00000E+00  0.00000E+00
  0.00000E+00  0.00000E+00  0.00000E+00  0.00000E+00  0.66906E-04  0.21227E-03
  0.77200E-03  0.18343E-02  0.47456E-02  0.14661E-01  0.31302E-01  0.64786E-01
  0.13905E+00  0.29679E+00  0.59942E+00  0.12351E+01  0.26446E+01  0.55080E+01
  0.11210E+02  0.22911E+02  0.41213E+02  0.71359E+02  0.12134E+03  0.19671E+03
  0.31190E+03  0.59411E+03  0.94240E+03  0.14951E+04  0.23723E+04  0.37642E+04
  0.59738E+04  0.94807E+04  0.15048E+05  0.23882E+05  0.37906E+05  0.00000E+00
  0.00000E+00  0.00000E+00  0.00000E+00  0.00000E+00  0.00000E+00  0.00000E+00
  0.00000E+00  0.00000E+00  0.00000E+00  0.00000E+00  0.00000E+00  0.73206E-04
  0.24385E-03  0.94528E-03  0.22708E-02  0.60813E-02  0.16879E-01  0.35650E-01
  0.73284E-01  0.15763E+00  0.33740E+00  0.67675E+00  0.13850E+01  0.28636E+01
  0.56865E+01  0.11736E+02  0.22994E+02  0.41330E+02  0.71520E+02  0.12156E+03
  0.19699E+03  0.31225E+03  0.59463E+03  0.94304E+03  0.14959E+04  0.23733E+04
  0.37654E+04  0.59753E+04  0.94825E+04  0.15050E+05  0.23885E+05  0.37909E+05
  0.00000E+00  0.00000E+00  0.00000E+00  0.00000E+00  0.00000E+00  0.00000E+00
  0.00000E+00  0.00000E+00  0.00000E+00  0.00000E+00  0.00000E+00  0.00000E+00
  0.86168E-04  0.29239E-03  0.10984E-02  0.26795E-02  0.70732E-02  0.18833E-01
  0.39361E-01  0.80356E-01  0.17284E+00  0.36888E+00  0.73555E+00  0.14976E+01
  0.30446E+01  0.59086E+01  0.12209E+02  0.23099E+02  0.41480E+02  0.71726E+02
  0.12184E+03  0.19734E+03  0.31269E+03  0.59531E+03  0.94389E+03  0.14970E+04
  0.23746E+04  0.37670E+04  0.59774E+04  0.94850E+04  0.15053E+05  0.23888E+05
  0.37913E+05  0.00000E+00  0.00000E+00  0.00000E+00  0.00000E+00  0.00000E+00
  0.00000E+00  0.00000E+00  0.00000E+00  0.00000E+00  0.00000E+00  0.00000E+00
  0.00000E+00  0.10845E-03  0.36544E-03  0.12391E-02  0.30915E-02  0.77732E-02
  0.20665E-01  0.42712E-01  0.86540E-01  0.18587E+00  0.39378E+00  0.78071E+00
  0.15823E+01  0.32025E+01  0.61886E+01  0.12666E+02  0.23232E+02  0.41670E+02
  0.71987E+02  0.12219E+03  0.19780E+03  0.31326E+03  0.59617E+03  0.94497E+03
  0.14983E+04  0.23763E+04  0.37692E+04  0.59801E+04  0.94884E+04  0.15057E+05
  0.23894E+05  0.37920E+05  0.00000E+00  0.00000E+00  0.00000E+00  0.00000E+00
  0.00000E+00  0.00000E+00  0.00000E+00  0.94241E-06  0.19122E-05  0.00000E+00
  0.00000E+00  0.00000E+00  0.12855E-03  0.42456E-03  0.14378E-02  0.34894E-02
  0.86796E-02  0.23130E-01  0.47178E-01  0.94517E-01  0.20119E+00  0.42304E+00
  0.83935E+00  0.16908E+01  0.33849E+01  0.65745E+01  0.12846E+02  0.23400E+02
  0.41910E+02  0.72316E+02  0.12263E+03  0.19837E+03  0.31398E+03  0.59725E+03
  0.94633E+03  0.15000E+04  0.23784E+04  0.37718E+04  0.59834E+04  0.94925E+04
  0.15062E+05  0.23900E+05  0.37928E+05  0.00000E+00  0.00000E+00  0.00000E+00
  0.00000E+00  0.00000E+00  0.00000E+00  0.00000E+00  0.30058E-05  0.60809E-05
  0.90358E-05  0.00000E+00  0.00000E+00  0.15325E-03  0.49461E-03  0.17161E-02
  0.42943E-02  0.10227E-01  0.26490E-01  0.53200E-01  0.10513E+00  0.22107E+00
  0.46040E+00  0.90933E+00  0.18195E+01  0.36103E+01  0.69216E+01  0.12992E+02
  0.23611E+02  0.42211E+02  0.72730E+02  0.12319E+03  0.19908E+03  0.31487E+03
  0.59859E+03  0.94801E+03  0.15021E+04  0.23810E+04  0.37751E+04  0.59874E+04
  0.94975E+04  0.15068E+05  0.23908E+05  0.37937E+05  0.00000E+00  0.00000E+00
  0.00000E+00  0.00000E+00  0.00000E+00  0.00000E+00  0.00000E+00  0.79181E-05
  0.16906E-04  0.26597E-04  0.00000E+00  0.00000E+00  0.19703E-03  0.63278E-03
  0.21252E-02  0.51624E-02  0.12188E-01  0.31115E-01  0.61398E-01  0.11970E+00
  0.25006E+00  0.51437E+00  0.10074E+01  0.20114E+01  0.38813E+01  0.71138E+01
  0.13175E+02  0.23876E+02  0.42588E+02  0.73244E+02  0.12388E+03  0.19996E+03
  0.31597E+03  0.60024E+03  0.95005E+03  0.15047E+04  0.23841E+04  0.37789E+04
  0.59920E+04  0.95030E+04  0.15075E+05  0.23915E+05  0.37945E+05  0.18221E-05
  0.24956E-05  0.34069E-05  0.46449E-05  0.70644E-05  0.24408E-04  0.63283E-04
  0.85440E-04  0.90599E-04  0.58891E-04  0.35597E-04  0.55314E-04  0.31712E-03
  0.10113E-02  0.26992E-02  0.64744E-02  0.15006E-01  0.34721E-01  0.68330E-01
  0.13206E+00  0.27332E+00  0.55704E+00  0.10890E+01  0.21591E+01  0.41298E+01
  0.74819E+01  0.13821E+02  0.24992E+02  0.44497E+02  0.76401E+02  0.12904E+03
  0.20802E+03  0.32831E+03  0.59896E+03  0.94732E+03  0.14994E+04  0.23747E+04
  0.37626E+04  0.59644E+04  0.94569E+04  0.14999E+05  0.23791E+05  0.37744E+05
  0.69171E-05  0.10793E-04  0.16197E-04  0.24336E-04  0.82745E-04  0.21019E-03
  0.33918E-03  0.46083E-03  0.52761E-03  0.54303E-03  0.45689E-03  0.22980E-03
  0.50869E-04  0.14198E-02  0.49613E-02  0.11926E-01  0.26863E-01  0.56260E-01
  0.10526E+00  0.19161E+00  0.37082E+00  0.71470E+00  0.13123E+01  0.25017E+01
  0.47121E+01  0.84247E+01  0.15398E+02  0.27598E+02  0.48783E+02  0.83264E+02
  0.13996E+03  0.22470E+03  0.35348E+03  0.60267E+03  0.95118E+03  0.15030E+04
  0.23772E+04  0.37625E+04  0.59592E+04  0.94423E+04  0.14968E+05  0.23731E+05
  0.37637E+05  0.17567E-04  0.25760E-04  0.42930E-04  0.88507E-04  0.23630E-03
  0.59911E-03  0.94238E-03  0.11614E-02  0.13450E-02  0.14401E-02  0.14012E-02
  0.11416E-02  0.52926E-03  0.45971E-03  0.42503E-02  0.12820E-01  0.29993E-01
  0.62527E-01  0.11676E+00  0.21057E+00  0.40371E+00  0.76964E+00  0.13965E+01
  0.26352E+01  0.49180E+01  0.87186E+01  0.15826E+02  0.28201E+02  0.49610E+02
  0.84330E+02  0.14127E+03  0.22616E+03  0.35490E+03  0.60417E+03  0.95205E+03
  0.15025E+04  0.23741E+04  0.37545E+04  0.59428E+04  0.94116E+04  0.14913E+05
  0.23637E+05  0.37478E+05  0.42796E-04  0.56406E-04  0.10215E-03  0.26172E-03
  0.67451E-03  0.13824E-02  0.20283E-02  0.24617E-02  0.28527E-02  0.30884E-02
  0.31170E-02  0.28329E-02  0.19970E-02  0.72556E-03  0.29236E-02  0.13229E-01
  0.33734E-01  0.70960E-01  0.13260E+00  0.23686E+00  0.44933E+00  0.84555E+00
  0.15124E+01  0.28184E+01  0.51999E+01  0.91214E+01  0.16414E+02  0.29032E+02
  0.50757E+02  0.85831E+02  0.14317E+03  0.22835E+03  0.35724E+03  0.60691E+03
  0.95448E+03  0.15040E+04  0.23733E+04  0.37496E+04  0.59302E+04  0.93857E+04
  0.14864E+05  0.23550E+05  0.37328E+05  0.97691E-04  0.11944E-03  0.23551E-03
  0.69776E-03  0.17415E-02  0.30192E-02  0.41318E-02  0.49293E-02  0.56937E-02
  0.61796E-02  0.63335E-02  0.60838E-02  0.52667E-02  0.27305E-02  0.62021E-03
  0.12794E-01  0.38218E-01  0.82158E-01  0.15432E+00  0.27322E+00  0.51248E+00
  0.95030E+00  0.16718E+01  0.30690E+01  0.55838E+01  0.96691E+01  0.17212E+02
  0.30163E+02  0.52324E+02  0.87897E+02  0.14582E+03  0.23150E+03  0.36076E+03
  0.61125E+03  0.95890E+03  0.15079E+04  0.23758E+04  0.37486E+04  0.59226E+04
  0.93660E+04  0.14824E+05  0.23474E+05  0.37191E+05  0.18847E-03  0.35645E-03
  0.73119E-03  0.17729E-02  0.38223E-02  0.61482E-02  0.81087E-02  0.95636E-02
  0.10923E-01  0.11790E-01  0.12182E-01  0.11963E-01  0.10938E-01  0.72888E-02
  0.31204E-02  0.79010E-02  0.40241E-01  0.94454E-01  0.18116E+00  0.31998E+00
  0.59553E+00  0.10891E+01  0.18829E+01  0.34004E+01  0.60899E+01  0.10388E+02
  0.18257E+02  0.31639E+02  0.54366E+02  0.90588E+02  0.14927E+03  0.23561E+03
  0.36539E+03  0.61700E+03  0.96487E+03  0.15135E+04  0.23796E+04  0.37486E+04
  0.59149E+04  0.93442E+04  0.14777E+05  0.23384E+05  0.37031E+05  0.35278E-03
  0.96751E-03  0.20261E-02  0.43329E-02  0.82710E-02  0.12340E-01  0.15631E-01
  0.18212E-01  0.20533E-01  0.21990E-01  0.22810E-01  0.22667E-01  0.21367E-01
  0.16515E-01  0.10153E-01  0.00000E+00  0.39930E-01  0.10921E+00  0.21702E+00
  0.38425E+00  0.71092E+00  0.12820E+01  0.21749E+01  0.38563E+01  0.67820E+01
  0.11368E+02  0.19674E+02  0.33636E+02  0.57128E+02  0.94238E+02  0.15399E+03
  0.24130E+03  0.37197E+03  0.62537E+03  0.97409E+03  0.15230E+04  0.23886E+04
  0.37550E+04  0.59152E+04  0.93324E+04  0.14743E+05  0.23311E+05  0.36890E+05
  0.61367E-03  0.23488E-02  0.49784E-02  0.97820E-02  0.16885E-01  0.23400E-01
  0.28385E-01  0.32647E-01  0.36277E-01  0.38466E-01  0.39922E-01  0.39848E-01
  0.38117E-01  0.32495E-01  0.21195E-01  0.41312E-02  0.41642E-01  0.13462E+00
  0.27489E+00  0.48503E+00  0.88709E+00  0.15704E+01  0.26053E+01  0.45184E+01
  0.77750E+01  0.12762E+02  0.21679E+02  0.36453E+02  0.61023E+02  0.99414E+02
  0.16074E+03  0.24964E+03  0.38197E+03  0.63851E+03  0.98964E+03  0.15412E+04
  0.24092E+04  0.37775E+04  0.59384E+04  0.93533E+04  0.14756E+05  0.23307E+05
  0.36853E+05  0.11300E-02  0.43158E-02  0.92650E-02  0.18677E-01  0.30788E-01
  0.41747E-01  0.50685E-01  0.57837E-01  0.63519E-01  0.67071E-01  0.69270E-01
  0.69247E-01  0.66727E-01  0.58747E-01  0.41929E-01  0.14567E-01  0.32032E-01
  0.16061E+00  0.34829E+00  0.61981E+00  0.11287E+01  0.19686E+01  0.31975E+01
  0.54243E+01  0.91238E+01  0.14640E+02  0.24358E+02  0.40188E+02  0.66152E+02
  0.10619E+03  0.16954E+03  0.26046E+03  0.39489E+03  0.65545E+03  0.10096E+04
  0.15644E+04  0.24356E+04  0.38065E+04  0.59683E+04  0.93806E+04  0.14774E+05
  0.23304E+05  0.36809E+05  0.20887E-02  0.75671E-02  0.16521E-01  0.34837E-01
  0.54887E-01  0.73163E-01  0.89708E-01  0.10164E+00  0.11029E+00  0.11616E+00
  0.11926E+00  0.11936E+00  0.11561E+00  0.10351E+00  0.79113E-01  0.39082E-01
  0.75495E-02  0.18800E+00  0.44723E+00  0.80960E+00  0.14744E+01  0.25389E+01
  0.40402E+01  0.67033E+01  0.11010E+02  0.17240E+02  0.28032E+02  0.45268E+02
  0.73079E+02  0.11529E+03  0.18132E+03  0.27493E+03  0.41221E+03  0.67822E+03
  0.10368E+04  0.15965E+04  0.24730E+04  0.38491E+04  0.60149E+04  0.94288E+04
  0.14818E+05  0.23334E+05  0.36806E+05  0.38611E-02  0.13143E-01  0.29314E-01
  0.65116E-01  0.97483E-01  0.12739E+00  0.15825E+00  0.17797E+00  0.19051E+00
  0.20022E+00  0.20414E+00  0.20446E+00  0.19869E+00  0.17958E+00  0.14375E+00
  0.89836E-01  0.16382E-01  0.22429E+00  0.59416E+00  0.10945E+01  0.19924E+01
  0.33863E+01  0.52797E+01  0.85619E+01  0.13717E+02  0.20929E+02  0.33186E+02
  0.52324E+02  0.82619E+02  0.12775E+03  0.19737E+03  0.29464E+03  0.43591E+03
  0.70947E+03  0.10745E+04  0.16418E+04  0.25272E+04  0.39132E+04  0.60898E+04
  0.95142E+04  0.14912E+05  0.23432E+05  0.36895E+05  0.67408E-02  0.23817E-01
  0.52373E-01  0.11259E+00  0.16960E+00  0.22038E+00  0.26938E+00  0.30114E+00
  0.32185E+00  0.33652E+00  0.34253E+00  0.34201E+00  0.33208E+00  0.30222E+00
  0.24736E+00  0.16809E+00  0.55644E-01  0.25498E+00  0.79591E+00  0.15062E+01
  0.27537E+01  0.46338E+01  0.70929E+01  0.11258E+02  0.17602E+02  0.26162E+02
  0.40412E+02  0.62103E+02  0.95703E+02  0.14467E+03  0.21901E+03  0.32106E+03
  0.46754E+03  0.75104E+03  0.11246E+04  0.17022E+04  0.25998E+04  0.40001E+04
  0.61928E+04  0.96345E+04  0.15050E+05  0.23583E+05  0.37052E+05  0.11632E-01
  0.43492E-01  0.93717E-01  0.19164E+00  0.29343E+00  0.37978E+00  0.45353E+00
  0.50380E+00  0.53889E+00  0.56009E+00  0.56977E+00  0.56652E+00  0.54879E+00
  0.50147E+00  0.41491E+00  0.29440E+00  0.12023E+00  0.29387E+00  0.11039E+01
  0.21396E+01  0.39220E+01  0.65336E+01  0.98271E+01  0.15276E+02  0.23320E+02
  0.33765E+02  0.50775E+02  0.75952E+02  0.11401E+03  0.16812E+03  0.24872E+03
  0.35711E+03  0.51055E+03  0.80737E+03  0.11926E+04  0.17846E+04  0.26997E+04
  0.41212E+04  0.63392E+04  0.98106E+04  0.15260E+05  0.23830E+05  0.37337E+05
  0.19863E-01  0.79175E-01  0.16694E+00  0.32217E+00  0.50334E+00  0.64877E+00
  0.75365E+00  0.83137E+00  0.89114E+00  0.92033E+00  0.93653E+00  0.92712E+00
  0.89587E+00  0.82128E+00  0.68345E+00  0.49977E+00  0.22277E+00  0.35528E+00
  0.15914E+01  0.31363E+01  0.57454E+01  0.94710E+01  0.14011E+02  0.21354E+02
  0.31861E+02  0.44974E+02  0.65846E+02  0.95824E+02  0.13995E+03  0.20093E+03
  0.28986E+03  0.40659E+03  0.56918E+03  0.88371E+03  0.12845E+04  0.18959E+04
  0.28351E+04  0.42864E+04  0.65409E+04  0.10057E+05  0.15560E+05  0.24194E+05
  0.37775E+05  0.33900E-01  0.13980E+00  0.29143E+00  0.54478E+00  0.86148E+00
  0.11070E+01  0.12668E+01  0.13908E+01  0.14925E+01  0.15358E+01  0.15628E+01
  0.15432E+01  0.14897E+01  0.13710E+01  0.11516E+01  0.86844E+00  0.43033E+00
  0.31854E+00  0.22275E+01  0.45675E+01  0.84566E+01  0.13885E+02  0.20295E+02
  0.30447E+02  0.44543E+02  0.61443E+02  0.87738E+02  0.12433E+03  0.17666E+03
  0.24675E+03  0.34658E+03  0.47395E+03  0.64807E+03  0.98539E+03  0.14058E+04
  0.20415E+04  0.30108E+04  0.44991E+04  0.67989E+04  0.10370E+05  0.15938E+05
  0.24649E+05  0.38318E+05  0.54974E-01  0.22664E+00  0.47223E+00  0.88230E+00
  0.13974E+01  0.17919E+01  0.20530E+01  0.22490E+01  0.24110E+01  0.24787E+01
  0.25156E+01  0.24776E+01  0.23841E+01  0.21873E+01  0.18350E+01  0.13866E+01
  0.70572E+00  0.37771E+00  0.33670E+01  0.69732E+01  0.12881E+02  0.20965E+02
  0.30248E+02  0.44663E+02  0.64121E+02  0.86553E+02  0.12067E+03  0.16662E+03
  0.23039E+03  0.31293E+03  0.42745E+03  0.56893E+03  0.75829E+03  0.11262E+04
  0.15727E+04  0.22414E+04  0.32519E+04  0.47918E+04  0.71563E+04  0.10808E+05
  0.16476E+05  0.25312E+05  0.39136E+05  0.89150E-01  0.36743E+00  0.76535E+00
  0.14293E+01  0.22692E+01  0.29030E+01  0.33329E+01  0.36431E+01  0.39031E+01
  0.40115E+01  0.40623E+01  0.39925E+01  0.38323E+01  0.35076E+01  0.29420E+01
  0.22296E+01  0.11650E+01  0.40056E+00  0.51202E+01  0.10740E+02  0.19836E+02
  0.32073E+02  0.45786E+02  0.66714E+02  0.94237E+02  0.12480E+03  0.17027E+03
  0.22954E+03  0.30928E+03  0.40878E+03  0.54299E+03  0.70279E+03  0.91160E+03
  0.13196E+04  0.17997E+04  0.25104E+04  0.35738E+04  0.51799E+04  0.76274E+04
  0.11383E+05  0.17181E+05  0.26178E+05  0.40202E+05  0.14459E+00  0.59579E+00
  0.12407E+01  0.23163E+01  0.36892E+01  0.47074E+01  0.54207E+01  0.59112E+01
  0.63323E+01  0.65102E+01  0.65797E+01  0.64559E+01  0.61844E+01  0.56503E+01
  0.47425E+01  0.36076E+01  0.19352E+01  0.32019E+00  0.78218E+01  0.16659E+02
  0.30822E+02  0.49607E+02  0.70221E+02  0.10121E+03  0.14102E+03  0.18370E+03
  0.24591E+03  0.32443E+03  0.42680E+03  0.54968E+03  0.71050E+03  0.89420E+03
  0.11278E+04  0.15890E+04  0.21118E+04  0.28763E+04  0.40073E+04  0.56983E+04
  0.82522E+04  0.12141E+05  0.18106E+05  0.27312E+05  0.41595E+05  0.23447E+00
  0.96600E+00  0.20112E+01  0.37538E+01  0.60047E+01  0.76386E+01  0.88319E+01
  0.96064E+01  0.10294E+02  0.10593E+02  0.10687E+02  0.10472E+02  0.10015E+02
  0.91374E+01  0.76807E+01  0.58686E+01  0.32332E+01  0.00000E+00  0.11986E+02
  0.25985E+02  0.48239E+02  0.77412E+02  0.10886E+03  0.15553E+03  0.21427E+03
  0.27526E+03  0.36249E+03  0.46922E+03  0.60412E+03  0.75969E+03  0.95691E+03
  0.11719E+04  0.14372E+04  0.19691E+04  0.25466E+04  0.33799E+04  0.45972E+04
  0.63969E+04  0.90871E+04  0.13147E+05  0.19326E+05  0.28800E+05  0.43419E+05
  0.37758E+00  0.15554E+01  0.32378E+01  0.60419E+01  0.97193E+01  0.12318E+02
  0.14320E+02  0.15528E+02  0.16650E+02  0.17160E+02  0.17277E+02  0.16907E+02
  0.16140E+02  0.14696E+02  0.12358E+02  0.94579E+01  0.52973E+01  0.14591E+00
  0.18823E+02  0.41138E+02  0.76373E+02  0.12212E+03  0.17073E+03  0.24205E+03
  0.33028E+03  0.41929E+03  0.54444E+03  0.69317E+03  0.87559E+03  0.10776E+04
  0.13253E+04  0.15817E+04  0.18877E+04  0.25150E+04  0.31626E+04  0.40841E+04
  0.54127E+04  0.73522E+04  0.10219E+05  0.14500E+05  0.20958E+05  0.30781E+05
  0.45839E+05  0.60599E+00  0.24960E+01  0.51951E+01  0.96928E+01  0.15706E+02
  0.19816E+02  0.23196E+02  0.25065E+02  0.26903E+02  0.27788E+02  0.27919E+02
  0.27284E+02  0.25996E+02  0.23617E+02  0.19864E+02  0.15215E+02  0.86385E+01
  0.34316E+00  0.29975E+02  0.65713E+02  0.12184E+03  0.19415E+03  0.27006E+03
  0.38042E+03  0.51492E+03  0.64728E+03  0.83055E+03  0.10426E+04  0.12955E+04
  0.15643E+04  0.18831E+04  0.21945E+04  0.25525E+04  0.33095E+04  0.40469E+04
  0.50814E+04  0.65523E+04  0.86711E+04  0.11763E+05  0.16329E+05  0.23145E+05
  0.33418E+05  0.49043E+05  0.97258E+00  0.40057E+01  0.83362E+01  0.15551E+02
  0.25433E+02  0.31912E+02  0.37687E+02  0.40551E+02  0.43595E+02  0.45165E+02
  0.45273E+02  0.44188E+02  0.42026E+02  0.38097E+02  0.32076E+02  0.24610E+02
  0.14207E+02  0.72020E+00  0.47841E+02  0.10528E+03  0.19510E+03  0.31010E+03
  0.42963E+03  0.60212E+03  0.80974E+03  0.10097E+04  0.12830E+04  0.15917E+04
  0.19502E+04  0.23167E+04  0.27366E+04  0.31218E+04  0.35461E+04  0.44815E+04
  0.53334E+04  0.65122E+04  0.81648E+04  0.10512E+05  0.13893E+05  0.18821E+05
  0.26094E+05  0.36943E+05  0.53292E+05  0.77781E+02  0.77771E+02  0.77752E+02
  0.77710E+02  0.77622E+02  0.77479E+02  0.77242E+02  0.76858E+02  0.76201E+02
  0.75133E+02  0.73330E+02  0.70683E+02  0.66971E+02  0.60641E+02  0.50990E+02
  0.39058E+02  0.22507E+02  0.11373E+01  0.77376E+02  0.16996E+03  0.31425E+03
  0.49806E+03  0.68760E+03  0.95944E+03  0.12833E+04  0.15896E+04  0.20036E+04
  0.24615E+04  0.29807E+04  0.34918E+04  0.40581E+04  0.45433E+04  0.50524E+04
  0.62365E+04  0.72348E+04  0.85981E+04  0.10483E+05  0.13123E+05  0.16873E+05
  0.22266E+05  0.30124E+05  0.41711E+05  0.58989E+05  0.12441E+03  0.12439E+03
  0.12435E+03  0.12427E+03  0.12412E+03  0.12387E+03  0.12347E+03  0.12283E+03
  0.12175E+03  0.12000E+03  0.11707E+03  0.11278E+03  0.10678E+03  0.96608E+02
  0.81145E+02  0.62072E+02  0.35709E+02  0.18006E+01  0.12534E+03  0.27492E+03
  0.50739E+03  0.80235E+03  0.11046E+04  0.15359E+04  0.20455E+04  0.25202E+04
  0.31557E+04  0.38461E+04  0.46124E+04  0.53408E+04  0.61219E+04  0.67441E+04
  0.73613E+04  0.88969E+04  0.10082E+05  0.11681E+05  0.13862E+05  0.16876E+05
  0.21097E+05  0.27083E+05  0.35689E+05  0.48218E+05  0.66682E+05  0.19902E+03
  0.19897E+03  0.19890E+03  0.19876E+03  0.19849E+03  0.19808E+03  0.19741E+03
  0.19635E+03  0.19458E+03  0.19173E+03  0.18698E+03  0.18006E+03  0.17039E+03
  0.15404E+03  0.12928E+03  0.98783E+02  0.56751E+02  0.28567E+01  0.20327E+03
  0.44536E+03  0.82077E+03  0.12956E+04  0.17797E+04  0.24677E+04  0.32751E+04
  0.40180E+04  0.50047E+04  0.60601E+04  0.72101E+04  0.82691E+04  0.93700E+04
  0.10182E+05  0.10938E+05  0.12977E+05  0.14401E+05  0.16300E+05  0.18860E+05
  0.22351E+05  0.27172E+05  0.33916E+05  0.43476E+05  0.57206E+05  0.77185E+05
  0.31837E+03  0.31829E+03  0.31815E+03  0.31791E+03  0.31747E+03  0.31678E+03
  0.31567E+03  0.31394E+03  0.31104E+03  0.30643E+03  0.29876E+03  0.28759E+03
  0.27203E+03  0.24580E+03  0.20613E+03  0.15738E+03  0.90315E+02  0.45400E+01
  0.32998E+03  0.72231E+03  0.13297E+04  0.20960E+04  0.28740E+04  0.39764E+04
  0.52630E+04  0.64348E+04  0.79811E+04  0.96138E+04  0.11365E+05  0.12933E+05
  0.14516E+05  0.15595E+05  0.16527E+05  0.19300E+05  0.21028E+05  0.23311E+05
  0.26354E+05  0.30454E+05  0.36042E+05  0.43752E+05  0.54530E+05  0.69794E+05
  0.91706E+05  0.50930E+03  0.50916E+03  0.50893E+03  0.50852E+03  0.50778E+03
  0.50664E+03  0.50483E+03  0.50200E+03  0.49731E+03  0.48984E+03  0.47747E+03
  0.45949E+03  0.43448E+03  0.39241E+03  0.32891E+03  0.25094E+03  0.14388E+03
  0.72250E+01  0.53608E+03  0.11726E+04  0.21568E+04  0.33960E+04  0.46501E+04
  0.64225E+04  0.84820E+04  0.10342E+05  0.12785E+05  0.15336E+05  0.18036E+05
  0.20394E+05  0.22714E+05  0.24175E+05  0.25331E+05  0.29187E+05  0.31304E+05
  0.34076E+05  0.37736E+05  0.42613E+05  0.49180E+05  0.58123E+05  0.70456E+05
  0.87678E+05  0.11206E+06  0.81476E+03  0.81451E+03  0.81412E+03  0.81344E+03
  0.81222E+03  0.81036E+03  0.80740E+03  0.80280E+03  0.79521E+03  0.78315E+03
  0.76325E+03  0.73435E+03  0.69418E+03  0.62675E+03  0.52509E+03  0.40039E+03
  0.22942E+03  0.11510E+02  0.87142E+03  0.19051E+04  0.35016E+04  0.55086E+04
  0.75346E+04  0.10392E+05  0.13701E+05  0.16671E+05  0.20552E+05  0.24571E+05
  0.28778E+05  0.32375E+05  0.35832E+05  0.37846E+05  0.39289E+05  0.44767E+05
  0.47379E+05  0.50776E+05  0.55224E+05  0.61092E+05  0.68909E+05  0.79427E+05
  0.93743E+05  0.11346E+06  0.14099E+06  0.13035E+04  0.13030E+04  0.13024E+04
  0.13013E+04  0.12993E+04  0.12962E+04  0.12914E+04  0.12840E+04  0.12717E+04
  0.12523E+04  0.12203E+04  0.11739E+04  0.11094E+04  0.10014E+04  0.83867E+03
  0.63922E+03  0.36606E+03  0.18353E+02  0.14172E+04  0.30969E+04  0.56889E+04
  0.89436E+04  0.12222E+05  0.16840E+05  0.22171E+05  0.26931E+05  0.33131E+05
  0.39505E+05  0.46117E+05  0.51669E+05  0.56900E+05  0.59725E+05  0.61536E+05
  0.69473E+05  0.72718E+05  0.76913E+05  0.82364E+05  0.89498E+05  0.98910E+05
  0.11144E+06  0.12829E+06  0.15120E+06  0.18274E+06  0.20853E+04  0.20847E+04
  0.20836E+04  0.20817E+04  0.20785E+04  0.20735E+04  0.20658E+04  0.20537E+04
  0.20340E+04  0.20028E+04  0.19514E+04  0.18769E+04  0.17735E+04  0.16004E+04
  0.13400E+04  0.10210E+04  0.58442E+03  0.29284E+02  0.23055E+04  0.50364E+04
  0.92479E+04  0.14531E+05  0.19844E+05  0.27318E+05  0.35929E+05  0.43583E+05
  0.53527E+05  0.63692E+05  0.74158E+05  0.82816E+05  0.90833E+05  0.94870E+05
  0.97147E+05  0.10886E+06  0.11291E+06  0.11812E+06  0.12486E+06  0.13361E+06
  0.14506E+06  0.16015E+06  0.18023E+06  0.20721E+06  0.24388E+06  0.33365E+04
  0.33354E+04  0.33336E+04  0.33306E+04  0.33253E+04  0.33173E+04  0.33048E+04
  0.32854E+04  0.32536E+04  0.32034E+04  0.31209E+04  0.30015E+04  0.28358E+04
  0.25586E+04  0.21418E+04  0.16314E+04  0.93350E+03  0.46756E+02  0.37522E+04
  0.81945E+04  0.15042E+05  0.23624E+05  0.32246E+05  0.44361E+05  0.58295E+05
  0.70640E+05  0.86641E+05  0.10292E+06  0.11959E+06  0.13321E+06  0.14563E+06
  0.15150E+06  0.15438E+06  0.17194E+06  0.17702E+06  0.18354E+06  0.19191E+06
  0.20272E+06  0.21677E+06  0.23513E+06  0.25934E+06  0.29151E+06  0.33474E+06
  0.53377E+04  0.53358E+04  0.53329E+04  0.53280E+04  0.53195E+04  0.53066E+04
  0.52864E+04  0.52552E+04  0.52041E+04  0.51236E+04  0.49913E+04  0.47998E+04
  0.45343E+04  0.40905E+04  0.34235E+04  0.26071E+04  0.14914E+04  0.74673E+02
  0.61072E+04  0.13335E+05  0.24471E+05  0.38421E+05  0.52421E+05  0.72077E+05
  0.94654E+05  0.11460E+06  0.14042E+06  0.16659E+06  0.19325E+06  0.21481E+06
  0.23425E+06  0.24292E+06  0.24656E+06  0.27328E+06  0.27968E+06  0.28785E+06
  0.29830E+06  0.31175E+06  0.32911E+06  0.35165E+06  0.38112E+06  0.41993E+06
  0.47151E+06  0.00000E+00  0.00000E+00  0.00000E+00  0.00000E+00  0.00000E+00
  0.00000E+00  0.00000E+00  0.00000E+00  0.00000E+00  0.00000E+00  0.00000E+00
  0.00000E+00  0.00000E+00  0.00000E+00  0.00000E+00  0.00000E+00  0.00000E+00
  0.00000E+00  0.00000E+00  0.00000E+00  0.00000E+00  0.00000E+00  0.00000E+00
  0.00000E+00  0.00000E+00  0.00000E+00  0.00000E+00  0.00000E+00  0.00000E+00
  0.00000E+00  0.00000E+00  0.00000E+00  0.00000E+00  0.59267E+03  0.94059E+03
  0.14929E+04  0.23695E+04  0.37607E+04  0.59696E+04  0.94755E+04  0.15041E+05
  0.23875E+05  0.37897E+05  0.00000E+00  0.00000E+00  0.00000E+00  0.00000E+00
  0.00000E+00  0.00000E+00  0.00000E+00  0.00000E+00  0.00000E+00  0.00000E+00
  0.00000E+00  0.00000E+00  0.00000E+00  0.00000E+00  0.00000E+00  0.00000E+00
  0.00000E+00  0.00000E+00  0.00000E+00  0.00000E+00  0.00000E+00  0.00000E+00
  0.00000E+00  0.00000E+00  0.00000E+00  0.00000E+00  0.00000E+00  0.00000E+00
  0.00000E+00  0.00000E+00  0.00000E+00  0.00000E+00  0.00000E+00  0.59282E+03
  0.94078E+03  0.14931E+04  0.23698E+04  0.37611E+04  0.59700E+04  0.94760E+04
  0.15042E+05  0.23875E+05  0.37898E+05  0.00000E+00  0.00000E+00  0.00000E+00
  0.00000E+00  0.00000E+00  0.00000E+00  0.00000E+00  0.00000E+00  0.00000E+00
  0.00000E+00  0.73045E-11  0.57433E-09  0.28783E-08  0.11356E-07  0.41120E-07
  0.12947E-06  0.39023E-06  0.10990E-05  0.23105E-05  0.47147E-05  0.10132E-04
  0.21585E-04  0.43746E-04  0.91830E-04  0.18985E-03  0.35486E-03  0.66753E-03
  0.12249E-02  0.22068E-02  0.38258E-02  0.65121E-02  0.10565E-01  0.16763E-01
  0.59301E+03  0.94102E+03  0.14934E+04  0.23701E+04  0.37615E+04  0.59706E+04
  0.94767E+04  0.15043E+05  0.23876E+05  0.37899E+05  0.00000E+00  0.00000E+00
  0.00000E+00  0.00000E+00  0.00000E+00  0.00000E+00  0.00000E+00  0.00000E+00
  0.00000E+00  0.00000E+00  0.70583E-08  0.54704E-06  0.27073E-05  0.10569E-04
  0.37934E-04  0.11857E-03  0.35521E-03  0.99547E-03  0.20846E-02  0.42401E-02
  0.90891E-02  0.19322E-01  0.39095E-01  0.81961E-01  0.16927E+00  0.31612E+00
  0.59425E+00  0.10899E+01  0.19627E+01  0.34015E+01  0.57882E+01  0.93889E+01
  0.14894E+02  0.59330E+03  0.94138E+03  0.14939E+04  0.23707E+04  0.37622E+04
  0.59714E+04  0.94777E+04  0.15044E+05  0.23878E+05  0.37901E+05  0.00000E+00
  0.00000E+00  0.00000E+00  0.00000E+00  0.00000E+00  0.00000E+00  0.00000E+00
  0.00000E+00  0.00000E+00  0.00000E+00  0.18247E-07  0.13893E-05  0.67695E-05
  0.26080E-04  0.92558E-04  0.28660E-03  0.85192E-03  0.23724E-02  0.49423E-02
  0.10011E-01  0.21387E-01  0.45344E-01  0.91545E-01  0.19159E+00  0.39513E+00
  0.73710E+00  0.13844E+01  0.25373E+01  0.45667E+01  0.79109E+01  0.13457E+02
  0.21822E+02  0.34608E+02  0.59370E+03  0.94188E+03  0.14945E+04  0.23715E+04
  0.37632E+04  0.59726E+04  0.94792E+04  0.15046E+05  0.23880E+05  0.37903E+05
  0.00000E+00  0.00000E+00  0.00000E+00  0.00000E+00  0.00000E+00  0.00000E+00
  0.00000E+00  0.00000E+00  0.00000E+00  0.00000E+00  0.62571E-07  0.46680E-05
  0.22329E-04  0.85855E-04  0.29629E-03  0.90672E-03  0.26689E-02  0.73733E-02
  0.15292E-01  0.30860E-01  0.65635E-01  0.13865E+00  0.27886E+00  0.58062E+00
  0.11953E+01  0.22265E+01  0.41771E+01  0.76484E+01  0.13756E+02  0.23815E+02
  0.40492E+02  0.65637E+02  0.10407E+03  0.59422E+03  0.94253E+03  0.14953E+04
  0.23725E+04  0.37644E+04  0.59741E+04  0.94810E+04  0.15048E+05  0.23883E+05
  0.37906E+05  0.00000E+00  0.00000E+00  0.00000E+00  0.00000E+00  0.00000E+00
  0.00000E+00  0.00000E+00  0.00000E+00  0.00000E+00  0.00000E+00  0.11433E-06
  0.85725E-05  0.40793E-04  0.15565E-03  0.53203E-03  0.16110E-02  0.46966E-02
  0.12866E-01  0.26501E-01  0.53160E-01  0.11243E+00  0.23636E+00  0.47363E+00
  0.98460E+00  0.20225E+01  0.37607E+01  0.70452E+01  0.12885E+02  0.23154E+02
  0.40056E+02  0.68066E+02  0.11028E+03  0.17478E+03  0.59470E+03  0.94306E+03
  0.14958E+04  0.23730E+04  0.37647E+04  0.59741E+04  0.94802E+04  0.15046E+05
  0.23878E+05  0.37897E+05  0.00000E+00  0.00000E+00  0.00000E+00  0.00000E+00
  0.00000E+00  0.00000E+00  0.00000E+00  0.00000E+00  0.00000E+00  0.00000E+00
  0.16361E-06  0.12254E-04  0.57665E-04  0.21714E-03  0.73147E-03  0.21827E-02
  0.62807E-02  0.17008E-01  0.34687E-01  0.69005E-01  0.14499E+00  0.30316E+00
  0.60476E+00  0.12523E+01  0.25648E+01  0.47574E+01  0.88954E+01  0.16244E+02
  0.29153E+02  0.50385E+02  0.85550E+02  0.13852E+03  0.21942E+03  0.59546E+03
  0.94396E+03  0.14969E+04  0.23741E+04  0.37660E+04  0.59752E+04  0.94810E+04
  0.15046E+05  0.23876E+05  0.37893E+05  0.00000E+00  0.00000E+00  0.00000E+00
  0.00000E+00  0.00000E+00  0.00000E+00  0.00000E+00  0.00000E+00  0.00000E+00
  0.00000E+00  0.21138E-06  0.16859E-04  0.80786E-04  0.30540E-03  0.10225E-02
  0.30156E-02  0.85721E-02  0.22941E-01  0.46284E-01  0.91208E-01  0.19019E+00
  0.39516E+00  0.78399E+00  0.16160E+01  0.32976E+01  0.60985E+01  0.11376E+02
  0.20734E+02  0.37152E+02  0.64129E+02  0.10878E+03  0.17598E+03  0.27857E+03
  0.59623E+03  0.94476E+03  0.14976E+04  0.23747E+04  0.37660E+04  0.59743E+04
  0.94782E+04  0.15040E+05  0.23865E+05  0.37872E+05  0.00000E+00  0.00000E+00
  0.00000E+00  0.00000E+00  0.00000E+00  0.00000E+00  0.00000E+00  0.00000E+00
  0.00000E+00  0.00000E+00  0.27666E-06  0.22213E-04  0.10535E-03  0.38922E-03
  0.12760E-02  0.36757E-02  0.10233E-01  0.26872E-01  0.53355E-01  0.10372E+00
  0.21385E+00  0.44012E+00  0.86637E+00  0.17743E+01  0.36023E+01  0.66339E+01
  0.12333E+02  0.22417E+02  0.40080E+02  0.69062E+02  0.11698E+03  0.18904E+03
  0.29897E+03  0.59776E+03  0.94665E+03  0.14999E+04  0.23775E+04  0.37694E+04
  0.59783E+04  0.94829E+04  0.15045E+05  0.23870E+05  0.37877E+05  0.00000E+00
  0.00000E+00  0.00000E+00  0.00000E+00  0.00000E+00  0.00000E+00  0.00000E+00
  0.00000E+00  0.00000E+00  0.00000E+00  0.37966E-06  0.30835E-04  0.14487E-03
  0.52226E-03  0.16727E-02  0.46918E-02  0.12750E-01  0.32734E-01  0.63751E-01
  0.12187E+00  0.24773E+00  0.50381E+00  0.98188E+00  0.19943E+01  0.40222E+01
  0.73668E+01  0.13635E+02  0.24695E+02  0.44027E+02  0.75688E+02  0.12797E+03
  0.20648E+03  0.32618E+03  0.59983E+03  0.94922E+03  0.15031E+04  0.23814E+04
  0.37741E+04  0.59840E+04  0.94897E+04  0.15053E+05  0.23879E+05  0.37887E+05
  0.00000E+00  0.00000E+00  0.00000E+00  0.00000E+00  0.00000E+00  0.00000E+00
  0.00000E+00  0.00000E+00  0.00000E+00  0.00000E+00  0.36596E-06  0.36198E-04
  0.17842E-03  0.65486E-03  0.20826E-02  0.57486E-02  0.15318E-01  0.38549E-01
  0.73524E-01  0.13784E+00  0.27546E+00  0.55171E+00  0.10604E+01  0.21272E+01
  0.42431E+01  0.77356E+01  0.14340E+02  0.25959E+02  0.46114E+02  0.79043E+02
  0.13332E+03  0.21471E+03  0.33865E+03  0.60213E+03  0.95190E+03  0.15062E+04
  0.23847E+04  0.37775E+04  0.59870E+04  0.94915E+04  0.15052E+05  0.23873E+05
  0.37871E+05  0.00000E+00  0.00000E+00  0.00000E+00  0.00000E+00  0.00000E+00
  0.00000E+00  0.00000E+00  0.73724E-06  0.10928E-05  0.60094E-06  0.70291E-06
  0.44639E-04  0.23217E-03  0.86786E-03  0.27326E-02  0.73992E-02  0.19263E-01
  0.47337E-01  0.88110E-01  0.16139E+00  0.31581E+00  0.62050E+00  0.11718E+01
  0.23136E+01  0.45483E+01  0.82410E+01  0.15299E+02  0.27665E+02  0.48913E+02
  0.83518E+02  0.14044E+03  0.22559E+03  0.35508E+03  0.60536E+03  0.95577E+03
  0.15107E+04  0.23899E+04  0.37833E+04  0.59930E+04  0.94970E+04  0.15056E+05
  0.23873E+05  0.37863E+05  0.00000E+00  0.00000E+00  0.00000E+00  0.00000E+00
  0.00000E+00  0.00000E+00  0.00000E+00  0.13316E-03  0.21111E-03  0.15423E-03
  0.14139E-04  0.25499E-03  0.85863E-03  0.23505E-02  0.58920E-02  0.13420E-01
  0.30518E-01  0.67503E-01  0.12157E+00  0.21496E+00  0.40462E+00  0.76346E+00
  0.13855E+01  0.26403E+01  0.49476E+01  0.87889E+01  0.15991E+02  0.28529E+02
  0.50130E+02  0.85166E+02  0.14263E+03  0.22835E+03  0.35846E+03  0.60986E+03
  0.96121E+03  0.15172E+04  0.23976E+04  0.37922E+04  0.60029E+04  0.95074E+04
  0.15066E+05  0.23880E+05  0.37864E+05  0.00000E+00  0.00000E+00  0.00000E+00
  0.00000E+00  0.00000E+00  0.00000E+00  0.00000E+00  0.80455E-03  0.11275E-02
  0.10537E-02  0.67658E-03  0.11947E-03  0.87950E-03  0.33865E-02  0.88902E-02
  0.19468E-01  0.42155E-01  0.88278E-01  0.15507E+00  0.26672E+00  0.49011E+00
  0.90252E+00  0.15933E+01  0.29356E+01  0.53722E+01  0.93769E+01  0.16797E+02
  0.29613E+02  0.51643E+02  0.87188E+02  0.14526E+03  0.23159E+03  0.36226E+03
  0.61476E+03  0.96675E+03  0.15232E+04  0.24036E+04  0.37973E+04  0.60055E+04
  0.95047E+04  0.15053E+05  0.23848E+05  0.37800E+05  0.20339E-04  0.24006E-04
  0.28673E-04  0.34592E-04  0.51789E-04  0.16524E-03  0.30883E-03  0.33049E-02
  0.40378E-02  0.42114E-02  0.37376E-02  0.17057E-02  0.10248E-02  0.24790E-02
  0.99996E-02  0.23965E-01  0.52728E-01  0.10865E+00  0.18905E+00  0.31954E+00
  0.57664E+00  0.10409E+01  0.17999E+01  0.32549E+01  0.58556E+01  0.10063E+02
  0.17793E+02  0.31021E+02  0.53595E+02  0.89772E+02  0.14860E+03  0.23560E+03
  0.36687E+03  0.62056E+03  0.97301E+03  0.15295E+04  0.24089E+04  0.37999E+04
  0.60025E+04  0.94907E+04  0.15019E+05  0.23781E+05  0.37674E+05  0.22122E-03
  0.26077E-03  0.31101E-03  0.37471E-03  0.56055E-03  0.17883E-02  0.33478E-02
  0.94661E-02  0.11448E-01  0.12333E-01  0.11954E-01  0.81116E-02  0.75441E-02
  0.20423E-02  0.84275E-02  0.27103E-01  0.64557E-01  0.13535E+00  0.23561E+00
  0.39309E+00  0.69823E+00  0.12355E+01  0.20890E+01  0.36996E+01  0.65255E+01
  0.11009E+02  0.19159E+02  0.32944E+02  0.56253E+02  0.93287E+02  0.15314E+03
  0.24109E+03  0.37321E+03  0.62861E+03  0.98185E+03  0.15386E+04  0.24173E+04
  0.38056E+04  0.60019E+04  0.94779E+04  0.14984E+05  0.23705E+05  0.37531E+05
  0.10623E-02  0.12508E-02  0.14899E-02  0.17927E-02  0.26786E-02  0.85375E-02
  0.15977E-01  0.25750E-01  0.30560E-01  0.33482E-01  0.34124E-01  0.29755E-01
  0.27106E-01  0.15748E-01  0.00000E+00  0.25943E-01  0.76411E-01  0.16888E+00
  0.29882E+00  0.49582E+00  0.87076E+00  0.15127E+01  0.24991E+01  0.43274E+01
  0.74650E+01  0.12326E+02  0.21050E+02  0.35595E+02  0.59904E+02  0.98105E+02
  0.15936E+03  0.24863E+03  0.38199E+03  0.63984E+03  0.99442E+03  0.15520E+04
  0.24305E+04  0.38165E+04  0.60066E+04  0.94695E+04  0.14951E+05  0.23628E+05
  0.37378E+05  0.37100E-02  0.42392E-02  0.52258E-02  0.75744E-02  0.12992E-01
  0.28967E-01  0.47926E-01  0.62077E-01  0.71929E-01  0.78241E-01  0.80584E-01
  0.78122E-01  0.70163E-01  0.48163E-01  0.19325E-01  0.17937E-01  0.90041E-01
  0.21828E+00  0.39523E+00  0.65355E+00  0.11349E+01  0.19334E+01  0.31155E+01
  0.52603E+01  0.88462E+01  0.14247E+02  0.23785E+02  0.39406E+02  0.65137E+02
  0.10502E+03  0.16833E+03  0.25963E+03  0.39508E+03  0.65692E+03  0.10144E+04
  0.15750E+04  0.24562E+04  0.38437E+04  0.60329E+04  0.94903E+04  0.14957E+05
  0.23606E+05  0.37301E+05  0.10815E-01  0.11912E-01  0.15196E-01  0.25933E-01
  0.47820E-01  0.79273E-01  0.11175E+00  0.13893E+00  0.15743E+00  0.16772E+00
  0.17156E+00  0.16889E+00  0.15757E+00  0.12719E+00  0.66689E-01  0.50329E-02
  0.97700E-01  0.28387E+00  0.53539E+00  0.88887E+00  0.15331E+01  0.25666E+01
  0.40358E+01  0.66400E+01  0.10867E+02  0.17025E+02  0.27703E+02  0.44819E+02
  0.72514E+02  0.11471E+03  0.18086E+03  0.27502E+03  0.41349E+03  0.68106E+03
  0.10431E+04  0.16087E+04  0.24950E+04  0.38873E+04  0.60797E+04  0.95366E+04
  0.14996E+05  0.23624E+05  0.37275E+05  0.27891E-01  0.30255E-01  0.38129E-01
  0.65023E-01  0.11218E+00  0.17988E+00  0.24859E+00  0.30360E+00  0.34200E+00
  0.36428E+00  0.38121E+00  0.37961E+00  0.36057E+00  0.31260E+00  0.22408E+00
  0.79521E-01  0.45980E-01  0.32563E+00  0.69395E+00  0.11932E+01  0.20849E+01
  0.34693E+01  0.53554E+01  0.86204E+01  0.13753E+02  0.20956E+02  0.33194E+02
  0.52326E+02  0.82643E+02  0.12788E+03  0.19772E+03  0.29550E+03  0.43769E+03
  0.71253E+03  0.10800E+04  0.16514E+04  0.25433E+04  0.39400E+04  0.61338E+04
  0.95857E+04  0.15028E+05  0.23618E+05  0.37194E+05  0.63931E-01  0.72761E-01
  0.93754E-01  0.15435E+00  0.25042E+00  0.38467E+00  0.51760E+00  0.62747E+00
  0.71038E+00  0.75822E+00  0.79176E+00  0.79342E+00  0.76234E+00  0.67713E+00
  0.53398E+00  0.33502E+00  0.29125E-01  0.33563E+00  0.89504E+00  0.16485E+01
  0.29367E+01  0.48723E+01  0.73983E+01  0.11663E+02  0.18141E+02  0.26861E+02
  0.41344E+02  0.63343E+02  0.97356E+02  0.14685E+03  0.22189E+03  0.32481E+03
  0.47244E+03  0.75786E+03  0.11338E+04  0.17150E+04  0.26178E+04  0.40258E+04
  0.62301E+04  0.96893E+04  0.15131E+05  0.23706E+05  0.37239E+05  0.13214E+00
  0.16170E+00  0.22212E+00  0.37843E+00  0.57542E+00  0.82349E+00  0.10973E+01
  0.13087E+01  0.14799E+01  0.15800E+01  0.16407E+01  0.16517E+01  0.16262E+01
  0.14868E+01  0.12353E+01  0.91186E+00  0.41596E+00  0.21535E+00  0.10969E+01
  0.22181E+01  0.41419E+01  0.69456E+01  0.10454E+02  0.16233E+02  0.24709E+02
  0.35619E+02  0.53309E+02  0.79329E+02  0.11845E+03  0.17374E+03  0.25574E+03
  0.36544E+03  0.52020E+03  0.81975E+03  0.12069E+04  0.18010E+04  0.27183E+04
  0.41416E+04  0.63604E+04  0.98305E+04  0.15275E+05  0.23833E+05  0.37316E+05
  0.25964E+00  0.31764E+00  0.43620E+00  0.74291E+00  0.11292E+01  0.16154E+01
  0.21517E+01  0.25652E+01  0.29003E+01  0.30973E+01  0.32202E+01  0.32500E+01
  0.32148E+01  0.29739E+01  0.25390E+01  0.19866E+01  0.11296E+01  0.11952E+00
  0.13071E+01  0.30759E+01  0.60547E+01  0.10275E+02  0.15354E+02  0.23518E+02
  0.35077E+02  0.49281E+02  0.71731E+02  0.10362E+03  0.15009E+03  0.21357E+03
  0.30540E+03  0.42463E+03  0.58952E+03  0.90931E+03  0.13131E+04  0.19273E+04
  0.28683E+04  0.43192E+04  0.65691E+04  0.10072E+05  0.15549E+05  0.24133E+05
  0.37624E+05  0.47925E+00  0.58619E+00  0.80480E+00  0.13703E+01  0.20821E+01
  0.29774E+01  0.39640E+01  0.47231E+01  0.53372E+01  0.56969E+01  0.59215E+01
  0.59770E+01  0.59164E+01  0.54907E+01  0.47283E+01  0.37694E+01  0.22822E+01
  0.60389E+00  0.17657E+01  0.46436E+01  0.94040E+01  0.15983E+02  0.23629E+02
  0.35635E+02  0.52067E+02  0.71349E+02  0.10103E+03  0.14166E+03  0.19890E+03
  0.27421E+03  0.38006E+03  0.51279E+03  0.69220E+03  0.10411E+04  0.14696E+04
  0.21144E+04  0.30932E+04  0.45905E+04  0.68970E+04  0.10469E+05  0.16026E+05
  0.24706E+05  0.38305E+05  0.86053E+00  0.10524E+01  0.14446E+01  0.24590E+01
  0.37354E+01  0.53396E+01  0.71060E+01  0.84627E+01  0.95576E+01  0.10195E+02
  0.10591E+02  0.10684E+02  0.10570E+02  0.98141E+01  0.84730E+01  0.67983E+01
  0.42134E+01  0.13683E+01  0.26284E+01  0.74034E+01  0.15181E+02  0.25706E+02
  0.37579E+02  0.55828E+02  0.80037E+02  0.10722E+03  0.14800E+03  0.20173E+03
  0.27480E+03  0.36706E+03  0.49270E+03  0.64400E+03  0.84317E+03  0.12327E+04
  0.16952E+04  0.23825E+04  0.34145E+04  0.49783E+04  0.73677E+04  0.11042E+05
  0.16727E+05  0.25563E+05  0.39354E+05  0.15254E+01  0.18653E+01  0.25600E+01
  0.43570E+01  0.66171E+01  0.94562E+01  0.12580E+02  0.14976E+02  0.16905E+02
  0.18022E+02  0.18709E+02  0.18859E+02  0.18644E+02  0.17302E+02  0.14942E+02
  0.12011E+02  0.75126E+01  0.26346E+01  0.41748E+01  0.12206E+02  0.25123E+02
  0.42304E+02  0.61207E+02  0.89729E+02  0.12653E+03  0.16618E+03  0.22425E+03
  0.29795E+03  0.39460E+03  0.51138E+03  0.66505E+03  0.84170E+03  0.10673E+04
  0.15132E+04  0.20212E+04  0.27660E+04  0.38701E+04  0.55245E+04  0.80275E+04
  0.11844E+05  0.17708E+05  0.26766E+05  0.40835E+05  0.27040E+01  0.33062E+01
  0.45371E+01  0.77208E+01  0.11724E+02  0.16751E+02  0.22279E+02  0.26513E+02
  0.29918E+02  0.31882E+02  0.33083E+02  0.33334E+02  0.32939E+02  0.30565E+02
  0.26417E+02  0.21286E+02  0.13437E+02  0.50375E+01  0.66420E+01  0.20281E+02
  0.41996E+02  0.70481E+02  0.10118E+03  0.14679E+03  0.20425E+03  0.26390E+03
  0.34933E+03  0.45394E+03  0.58629E+03  0.73901E+03  0.93277E+03  0.11440E+04
  0.14046E+04  0.19286E+04  0.24971E+04  0.33179E+04  0.45177E+04  0.62922E+04
  0.89462E+04  0.12953E+05  0.19054E+05  0.28409E+05  0.42849E+05  0.47341E+01
  0.57880E+01  0.79422E+01  0.13514E+02  0.20517E+02  0.29309E+02  0.38974E+02
  0.46368E+02  0.52304E+02  0.55714E+02  0.57780E+02  0.58178E+02  0.57439E+02
  0.53240E+02  0.45951E+02  0.36961E+02  0.23283E+02  0.87049E+01  0.11439E+02
  0.34781E+02  0.71651E+02  0.11948E+03  0.17019E+03  0.24456E+03  0.33639E+03
  0.42867E+03  0.55823E+03  0.71169E+03  0.89925E+03  0.11058E+04  0.13580E+04
  0.16170E+04  0.19243E+04  0.25586E+04  0.32079E+04  0.41304E+04  0.54584E+04
  0.73943E+04  0.10252E+05  0.14515E+05  0.20938E+05  0.30701E+05  0.45654E+05
  0.83913E+01  0.10259E+02  0.14076E+02  0.23949E+02  0.36358E+02  0.51932E+02
  0.69047E+02  0.82135E+02  0.92636E+02  0.98660E+02  0.10231E+03  0.10300E+03
  0.10170E+03  0.94307E+02  0.81516E+02  0.65775E+02  0.41840E+02  0.16599E+02
  0.18257E+02  0.58409E+02  0.12144E+03  0.20251E+03  0.28733E+03  0.41044E+03
  0.55996E+03  0.70608E+03  0.90775E+03  0.11395E+04  0.14138E+04  0.17021E+04
  0.20407E+04  0.23655E+04  0.27342E+04  0.35251E+04  0.42803E+04  0.53363E+04
  0.68322E+04  0.89794E+04  0.12103E+05  0.16699E+05  0.23543E+05  0.33833E+05
  0.49446E+05  0.14693E+02  0.17963E+02  0.24646E+02  0.41930E+02  0.63649E+02
  0.90905E+02  0.12085E+03  0.14373E+03  0.16208E+03  0.17257E+03  0.17889E+03
  0.18004E+03  0.17767E+03  0.16465E+03  0.14221E+03  0.11463E+03  0.72826E+02
  0.28847E+02  0.31666E+02  0.10106E+03  0.20947E+03  0.34798E+03  0.49138E+03
  0.69784E+03  0.94522E+03  0.11814E+04  0.15028E+04  0.18625E+04  0.22758E+04
  0.26913E+04  0.31606E+04  0.35783E+04  0.40287E+04  0.50469E+04  0.59435E+04
  0.71774E+04  0.88975E+04  0.11327E+05  0.14806E+05  0.19852E+05  0.27260E+05
  0.38262E+05  0.54772E+05  0.25728E+02  0.31451E+02  0.43150E+02  0.73408E+02
  0.11143E+03  0.15913E+03  0.21153E+03  0.25155E+03  0.28361E+03  0.30192E+03
  0.31290E+03  0.31481E+03  0.31054E+03  0.28766E+03  0.24830E+03  0.20000E+03
  0.12694E+03  0.50221E+02  0.55045E+02  0.17534E+03  0.36259E+03  0.60059E+03
  0.84500E+03  0.11946E+04  0.16091E+04  0.19974E+04  0.25194E+04  0.30907E+04
  0.37303E+04  0.43470E+04  0.50172E+04  0.55673E+04  0.61258E+04  0.74792E+04
  0.85626E+04  0.10032E+05  0.12049E+05  0.14852E+05  0.18802E+05  0.24441E+05
  0.32598E+05  0.44541E+05  0.62238E+05  0.45053E+02  0.55075E+02  0.75560E+02
  0.12854E+03  0.19510E+03  0.27861E+03  0.37032E+03  0.44035E+03  0.49642E+03
  0.52839E+03  0.54751E+03  0.55072E+03  0.54310E+03  0.50290E+03  0.43388E+03
  0.34928E+03  0.22153E+03  0.87565E+02  0.95867E+02  0.30494E+03  0.62946E+03
  0.10403E+04  0.14596E+04  0.20563E+04  0.27577E+04  0.34050E+04  0.42667E+04
  0.51920E+04  0.62052E+04  0.71457E+04  0.81315E+04  0.88732E+04  0.95748E+04
  0.11432E+05  0.12762E+05  0.14544E+05  0.16953E+05  0.20251E+05  0.24825E+05
  0.31249E+05  0.40395E+05  0.53585E+05  0.72853E+05  0.11272E+04  0.11268E+04
  0.11263E+04  0.11255E+04  0.11239E+04  0.11216E+04  0.11180E+04  0.11123E+04
  0.11029E+04  0.10882E+04  0.10638E+04  0.10285E+04  0.97957E+03  0.89756E+03
  0.77411E+03  0.62289E+03  0.41597E+03  0.15285E+03  0.16720E+03  0.53125E+03
  0.10951E+04  0.18068E+04  0.25295E+04  0.35542E+04  0.47508E+04  0.58418E+04
  0.72827E+04  0.88064E+04  0.10444E+05  0.11914E+05  0.13404E+05  0.14428E+05
  0.15319E+05  0.17947E+05  0.19605E+05  0.21799E+05  0.24728E+05  0.28681E+05
  0.34080E+05  0.41543E+05  0.51999E+05  0.66838E+05  0.88185E+05  0.19738E+04
  0.19732E+04  0.19723E+04  0.19707E+04  0.19680E+04  0.19638E+04  0.19573E+04
  0.19473E+04  0.19308E+04  0.19048E+04  0.18620E+04  0.18000E+04  0.17140E+04
  0.15702E+04  0.13539E+04  0.10890E+04  0.72697E+03  0.26699E+03  0.29185E+03
  0.92658E+03  0.19081E+04  0.31440E+04  0.43945E+04  0.61620E+04  0.82157E+04
  0.10070E+05  0.12505E+05  0.15047E+05  0.17738E+05  0.20085E+05  0.22393E+05
  0.23842E+05  0.24983E+05  0.28816E+05  0.30907E+05  0.33647E+05  0.37263E+05
  0.42082E+05  0.48573E+05  0.57411E+05  0.69600E+05  0.86622E+05  0.11072E+06
  0.34566E+04  0.34555E+04  0.34539E+04  0.34511E+04  0.34463E+04  0.34389E+04
  0.34275E+04  0.34097E+04  0.33807E+04  0.33349E+04  0.32597E+04  0.31509E+04
  0.30000E+04  0.27478E+04  0.23688E+04  0.19050E+04  0.12712E+04  0.46669E+03
  0.50990E+03  0.16178E+04  0.33289E+04  0.54797E+04  0.76498E+04  0.10710E+05
  0.14252E+05  0.17427E+05  0.21574E+05  0.25863E+05  0.30345E+05  0.34163E+05
  0.37820E+05  0.39918E+05  0.41391E+05  0.47140E+05  0.49805E+05  0.53267E+05
  0.57793E+05  0.63759E+05  0.71694E+05  0.82353E+05  0.96835E+05  0.11675E+06
  0.14448E+06  0.60532E+04  0.60512E+04  0.60483E+04  0.60434E+04  0.60348E+04
  0.60218E+04  0.60016E+04  0.59704E+04  0.59193E+04  0.58389E+04  0.57069E+04
  0.55160E+04  0.52513E+04  0.48093E+04  0.41454E+04  0.33330E+04  0.22237E+04
  0.81610E+03  0.89133E+03  0.28267E+04  0.58129E+04  0.95614E+04  0.13335E+05
  0.18648E+05  0.24778E+05  0.30242E+05  0.37353E+05  0.44649E+05  0.52199E+05
  0.58505E+05  0.64410E+05  0.67523E+05  0.69435E+05  0.78284E+05  0.81707E+05
  0.86125E+05  0.91856E+05  0.99338E+05  0.10919E+06  0.12225E+06  0.13977E+06
  0.16350E+06  0.19606E+06  0.10601E+05  0.10597E+05  0.10592E+05  0.10583E+05
  0.10568E+05  0.10545E+05  0.10510E+05  0.10455E+05  0.10365E+05  0.10224E+05
  0.99923E+04  0.96575E+04  0.91935E+04  0.84189E+04  0.72558E+04  0.58331E+04
  0.38909E+04  0.14277E+04  0.15588E+04  0.49418E+04  0.10158E+05  0.16699E+05
  0.23273E+05  0.32516E+05  0.43157E+05  0.52598E+05  0.64851E+05  0.77349E+05
  0.90178E+05  0.10073E+06  0.11042E+06  0.11515E+06  0.11764E+06  0.13158E+06
  0.13601E+06  0.14169E+06  0.14901E+06  0.15850E+06  0.17088E+06  0.18714E+06
  0.20867E+06  0.23746E+06  0.27639E+06  0.18564E+05  0.18558E+05  0.18549E+05
  0.18533E+05  0.18507E+05  0.18467E+05  0.18404E+05  0.18307E+05  0.18150E+05
  0.17902E+05  0.17496E+05  0.16909E+05  0.16096E+05  0.14739E+05  0.12701E+05
  0.10210E+05  0.68094E+04  0.24981E+04  0.27270E+04  0.86429E+04  0.17759E+05
  0.29183E+05  0.40650E+05  0.56756E+05  0.75264E+05  0.91632E+05  0.11283E+06
  0.13434E+06  0.15630E+06  0.17412E+06  0.19025E+06  0.19759E+06  0.20085E+06
  0.22326E+06  0.22901E+06  0.23637E+06  0.24580E+06  0.25795E+06  0.27368E+06
  0.29415E+06  0.32100E+06  0.35649E+06  0.40385E+06  0.32509E+05  0.32498E+05
  0.32482E+05  0.32454E+05  0.32407E+05  0.32337E+05  0.32227E+05  0.32057E+05
  0.31781E+05  0.31347E+05  0.30635E+05  0.29606E+05  0.28181E+05  0.25804E+05
  0.22235E+05  0.17872E+05  0.11919E+05  0.43719E+04  0.47717E+04  0.15120E+05
  0.31061E+05  0.51023E+05  0.71044E+05  0.99141E+05  0.13139E+06  0.15983E+06
  0.19660E+06  0.23379E+06  0.27156E+06  0.30192E+06  0.32907E+06  0.34069E+06
  0.34497E+06  0.38160E+06  0.38912E+06  0.39869E+06  0.41091E+06  0.42658E+06
  0.44673E+06  0.47279E+06  0.50667E+06  0.55102E+06  0.60954E+06  0.56936E+05
  0.56917E+05  0.56889E+05  0.56841E+05  0.56758E+05  0.56634E+05  0.56441E+05
  0.56144E+05  0.55660E+05  0.54898E+05  0.53650E+05  0.51847E+05  0.49350E+05
  0.45185E+05  0.38935E+05  0.31293E+05  0.20867E+05  0.76535E+04  0.83524E+04
  0.26462E+05  0.54350E+05  0.89257E+05  0.12424E+06  0.17331E+06  0.22957E+06
  0.27909E+06  0.34303E+06  0.40753E+06  0.47279E+06  0.52484E+06  0.57094E+06
  0.58970E+06  0.59532E+06  0.65610E+06  0.66594E+06  0.67844E+06  0.69436E+06
  0.71468E+06  0.74070E+06  0.77414E+06  0.81733E+06  0.87341E+06  0.94671E+06
  0.99711E+05  0.99678E+05  0.99627E+05  0.99543E+05  0.99398E+05  0.99181E+05
  0.98842E+05  0.98321E+05  0.97472E+05  0.96137E+05  0.93950E+05  0.90791E+05
  0.86416E+05  0.79121E+05  0.68173E+05  0.54790E+05  0.36533E+05  0.13399E+05
  0.14621E+05  0.46316E+05  0.95114E+05  0.15617E+06  0.21734E+06  0.30308E+06
  0.40131E+06  0.48767E+06  0.59903E+06  0.71114E+06  0.82425E+06  0.91394E+06
  0.99277E+06  0.10235E+07  0.10309E+07  0.11329E+07  0.11458E+07  0.11622E+07
  0.11830E+07  0.12095E+07  0.12433E+07  0.12865E+07  0.13420E+07  0.14136E+07
  0.15065E+07  0.17462E+06  0.17456E+06  0.17447E+06  0.17433E+06  0.17407E+06
  0.17369E+06  0.17310E+06  0.17218E+06  0.17069E+06  0.16835E+06  0.16452E+06
  0.15899E+06  0.15133E+06  0.13855E+06  0.11937E+06  0.95936E+05  0.63966E+05
  0.23458E+05  0.25597E+05  0.81078E+05  0.16648E+06  0.27332E+06  0.38029E+06
  0.53021E+06  0.70186E+06  0.85258E+06  0.10468E+07  0.12420E+07  0.14386E+07
  0.15937E+07  0.17292E+07  0.17803E+07  0.17901E+07  0.19629E+07  0.19799E+07
  0.20014E+07  0.20287E+07  0.20633E+07  0.21074E+07  0.21635E+07  0.22353E+07
  0.23275E+07  0.24462E+07  0.00000E+00  0.00000E+00  0.00000E+00  0.00000E+00
  0.00000E+00  0.00000E+00  0.00000E+00  0.00000E+00  0.00000E+00  0.00000E+00
  0.00000E+00  0.00000E+00  0.00000E+00  0.00000E+00  0.00000E+00  0.00000E+00
  0.00000E+00  0.00000E+00  0.00000E+00  0.00000E+00  0.00000E+00  0.00000E+00
  0.00000E+00  0.00000E+00  0.00000E+00  0.00000E+00  0.00000E+00  0.00000E+00
  0.00000E+00  0.00000E+00  0.00000E+00  0.00000E+00  0.00000E+00  0.59275E+03
  0.94069E+03  0.14930E+04  0.23696E+04  0.37609E+04  0.59698E+04  0.94758E+04
  0.15042E+05  0.23875E+05  0.37898E+05  0.00000E+00  0.00000E+00  0.00000E+00
  0.00000E+00  0.00000E+00  0.00000E+00  0.00000E+00  0.00000E+00  0.00000E+00
  0.00000E+00  0.00000E+00  0.00000E+00  0.00000E+00  0.00000E+00  0.00000E+00
  0.00000E+00  0.00000E+00  0.00000E+00  0.00000E+00  0.00000E+00  0.00000E+00
  0.00000E+00  0.00000E+00  0.00000E+00  0.00000E+00  0.00000E+00  0.00000E+00
  0.00000E+00  0.00000E+00  0.00000E+00  0.00000E+00  0.00000E+00  0.00000E+00
  0.59292E+03  0.94090E+03  0.14933E+04  0.23700E+04  0.37613E+04  0.59703E+04
  0.94764E+04  0.15042E+05  0.23876E+05  0.37899E+05  0.00000E+00  0.00000E+00
  0.00000E+00  0.00000E+00  0.00000E+00  0.00000E+00  0.00000E+00  0.00000E+00
  0.00000E+00  0.00000E+00  0.00000E+00  0.00000E+00  0.00000E+00  0.00000E+00
  0.00000E+00  0.00000E+00  0.00000E+00  0.00000E+00  0.00000E+00  0.00000E+00
  0.00000E+00  0.00000E+00  0.00000E+00  0.00000E+00  0.00000E+00  0.00000E+00
  0.00000E+00  0.00000E+00  0.00000E+00  0.00000E+00  0.00000E+00  0.00000E+00
  0.00000E+00  0.59313E+03  0.94117E+03  0.14936E+04  0.23704E+04  0.37618E+04
  0.59710E+04  0.94772E+04  0.15043E+05  0.23877E+05  0.37900E+05  0.00000E+00
  0.00000E+00  0.00000E+00  0.00000E+00  0.00000E+00  0.00000E+00  0.00000E+00
  0.00000E+00  0.00000E+00  0.00000E+00  0.74128E-08  0.57183E-06  0.28185E-05
  0.11122E-04  0.39241E-04  0.12236E-03  0.36583E-03  0.10236E-02  0.21406E-02
  0.43573E-02  0.93866E-02  0.19857E-01  0.40019E-01  0.83884E-01  0.17354E+00
  0.32324E+00  0.60752E+00  0.11140E+01  0.20059E+01  0.34759E+01  0.59143E+01
  0.95926E+01  0.15216E+02  0.59340E+03  0.94151E+03  0.14940E+04  0.23709E+04
  0.37625E+04  0.59717E+04  0.94781E+04  0.15044E+05  0.23878E+05  0.37901E+05
  0.00000E+00  0.00000E+00  0.00000E+00  0.00000E+00  0.00000E+00  0.00000E+00
  0.00000E+00  0.00000E+00  0.00000E+00  0.00000E+00  0.18367E-07  0.13959E-05
  0.67903E-05  0.26493E-04  0.92583E-04  0.28635E-03  0.85044E-03  0.23665E-02
  0.49269E-02  0.99927E-02  0.21464E-01  0.45299E-01  0.91124E-01  0.19071E+00
  0.39408E+00  0.73333E+00  0.13772E+01  0.25238E+01  0.45422E+01  0.78679E+01
  0.13383E+02  0.21702E+02  0.34417E+02  0.59375E+03  0.94194E+03  0.14945E+04
  0.23715E+04  0.37633E+04  0.59727E+04  0.94793E+04  0.15046E+05  0.23880E+05
  0.37904E+05  0.00000E+00  0.00000E+00  0.00000E+00  0.00000E+00  0.00000E+00
  0.00000E+00  0.00000E+00  0.00000E+00  0.00000E+00  0.00000E+00  0.61715E-07
  0.46153E-05  0.22121E-04  0.85195E-04  0.29440E-03  0.90184E-03  0.26570E-02
  0.73453E-02  0.15242E-01  0.30773E-01  0.65477E-01  0.13836E+00  0.27835E+00
  0.57966E+00  0.11938E+01  0.22233E+01  0.41714E+01  0.76387E+01  0.13739E+02
  0.23787E+02  0.40447E+02  0.65565E+02  0.10396E+03  0.59417E+03  0.94247E+03
  0.14952E+04  0.23724E+04  0.37643E+04  0.59739E+04  0.94808E+04  0.15048E+05
  0.23882E+05  0.37906E+05  0.00000E+00  0.00000E+00  0.00000E+00  0.00000E+00
  0.00000E+00  0.00000E+00  0.00000E+00  0.00000E+00  0.00000E+00  0.00000E+00
  0.10719E-06  0.81496E-05  0.39153E-04  0.15052E-03  0.51736E-03  0.15732E-02
  0.46017E-02  0.12639E-01  0.26087E-01  0.52408E-01  0.11093E+00  0.23355E+00
  0.46856E+00  0.97474E+00  0.20032E+01  0.37267E+01  0.69839E+01  0.12777E+02
  0.22964E+02  0.39734E+02  0.67528E+02  0.10942E+03  0.17343E+03  0.59449E+03
  0.94278E+03  0.14954E+04  0.23724E+04  0.37640E+04  0.59730E+04  0.94786E+04
  0.15043E+05  0.23874E+05  0.37892E+05  0.00000E+00  0.00000E+00  0.00000E+00
  0.00000E+00  0.00000E+00  0.00000E+00  0.00000E+00  0.00000E+00  0.00000E+00
  0.00000E+00  0.15339E-06  0.11660E-04  0.55413E-04  0.21026E-03  0.71242E-03
  0.21351E-02  0.61653E-02  0.16742E-01  0.34222E-01  0.68192E-01  0.14343E+00
  0.30036E+00  0.59990E+00  0.12432E+01  0.25477E+01  0.47281E+01  0.88441E+01
  0.16156E+02  0.29001E+02  0.50132E+02  0.85134E+02  0.13786E+03  0.21840E+03
  0.59523E+03  0.94365E+03  0.14965E+04  0.23735E+04  0.37651E+04  0.59741E+04
  0.94794E+04  0.15043E+05  0.23873E+05  0.37888E+05  0.00000E+00  0.00000E+00
  0.00000E+00  0.00000E+00  0.00000E+00  0.00000E+00  0.00000E+00  0.00000E+00
  0.00000E+00  0.00000E+00  0.19778E-06  0.16070E-04  0.77841E-04  0.29663E-03
  0.99902E-03  0.29592E-02  0.84418E-02  0.22658E-01  0.45819E-01  0.90456E-01
  0.18886E+00  0.39300E+00  0.78067E+00  0.16105E+01  0.32888E+01  0.60850E+01
  0.11356E+02  0.20704E+02  0.37110E+02  0.64069E+02  0.10869E+03  0.17587E+03
  0.27842E+03  0.59598E+03  0.94442E+03  0.14972E+04  0.23740E+04  0.37651E+04
  0.59730E+04  0.94765E+04  0.15037E+05  0.23861E+05  0.37867E+05  0.00000E+00
  0.00000E+00  0.00000E+00  0.00000E+00  0.00000E+00  0.00000E+00  0.00000E+00
  0.00000E+00  0.00000E+00  0.00000E+00  0.24988E-06  0.20800E-04  0.10043E-03
  0.37557E-03  0.12413E-02  0.35956E-02  0.10053E-01  0.26489E-01  0.52738E-01
  0.10273E+00  0.21213E+00  0.43736E+00  0.86210E+00  0.17672E+01  0.35908E+01
  0.66165E+01  0.12306E+02  0.22378E+02  0.40023E+02  0.68980E+02  0.11686E+03
  0.18888E+03  0.29875E+03  0.59743E+03  0.94620E+03  0.14993E+04  0.23766E+04
  0.37681E+04  0.59764E+04  0.94801E+04  0.15041E+05  0.23864E+05  0.37868E+05
  0.00000E+00  0.00000E+00  0.00000E+00  0.00000E+00  0.00000E+00  0.00000E+00
  0.00000E+00  0.00000E+00  0.00000E+00  0.00000E+00  0.30311E-06  0.27270E-04
  0.13373E-03  0.49476E-03  0.16094E-02  0.45559E-02  0.12463E-01  0.32154E-01
  0.62850E-01  0.12047E+00  0.24541E+00  0.50018E+00  0.97636E+00  0.19855E+01
  0.40081E+01  0.73465E+01  0.13605E+02  0.24653E+02  0.43969E+02  0.75608E+02
  0.12786E+03  0.20634E+03  0.32599E+03  0.59931E+03  0.94846E+03  0.15020E+04
  0.23797E+04  0.37716E+04  0.59802E+04  0.94839E+04  0.15044E+05  0.23865E+05
  0.37866E+05  0.00000E+00  0.00000E+00  0.00000E+00  0.00000E+00  0.00000E+00
  0.00000E+00  0.00000E+00  0.00000E+00  0.00000E+00  0.00000E+00  0.19863E-06
  0.28988E-04  0.15749E-03  0.60672E-03  0.19793E-02  0.55375E-02  0.14891E-01
  0.37712E-01  0.72256E-01  0.13590E+00  0.27226E+00  0.54671E+00  0.10528E+01
  0.21149E+01  0.42230E+01  0.77187E+01  0.14284E+02  0.25769E+02  0.45795E+02
  0.78520E+02  0.13247E+03  0.21338E+03  0.33658E+03  0.60143E+03  0.95086E+03
  0.15046E+04  0.23823E+04  0.37739E+04  0.59814E+04  0.94828E+04  0.15038E+05
  0.23852E+05  0.37838E+05  0.00000E+00  0.00000E+00  0.00000E+00  0.00000E+00
  0.00000E+00  0.00000E+00  0.00000E+00  0.00000E+00  0.00000E+00  0.00000E+00
  0.62870E-07  0.29377E-04  0.19167E-03  0.78118E-03  0.25601E-02  0.70716E-02
  0.18646E-01  0.46205E-01  0.86433E-01  0.15886E+00  0.31171E+00  0.61427E+00
  0.11626E+01  0.22992E+01  0.45262E+01  0.82414E+01  0.15232E+02  0.27319E+02
  0.48319E+02  0.82528E+02  0.13880E+03  0.22300E+03  0.35102E+03  0.60458E+03
  0.95458E+03  0.15089E+04  0.23871E+04  0.37790E+04  0.59863E+04  0.94865E+04
  0.15039E+05  0.23847E+05  0.37822E+05  0.00000E+00  0.00000E+00  0.00000E+00
  0.00000E+00  0.00000E+00  0.00000E+00  0.00000E+00  0.53923E-05  0.50509E-05
  0.42782E-05  0.32377E-05  0.73552E-05  0.18655E-03  0.97676E-03  0.35085E-02
  0.99467E-02  0.26304E-01  0.61034E-01  0.11103E+00  0.19811E+00  0.37767E+00
  0.72255E+00  0.13269E+01  0.25466E+01  0.48637E+01  0.87003E+01  0.15871E+02
  0.28254E+02  0.49670E+02  0.84411E+02  0.14139E+03  0.22640E+03  0.35540E+03
  0.60853E+03  0.95914E+03  0.15140E+04  0.23925E+04  0.37842E+04  0.59903E+04
  0.94875E+04  0.15034E+05  0.23830E+05  0.37785E+05  0.00000E+00  0.00000E+00
  0.00000E+00  0.00000E+00  0.00000E+00  0.00000E+00  0.00000E+00  0.28207E-04
  0.26969E-04  0.24205E-04  0.18563E-04  0.45626E-04  0.14104E-03  0.12354E-02
  0.50451E-02  0.14809E-01  0.39377E-01  0.85398E-01  0.15076E+00  0.26027E+00
  0.48002E+00  0.88704E+00  0.15714E+01  0.29069E+01  0.53443E+01  0.93459E+01
  0.16762E+02  0.29555E+02  0.51546E+02  0.87026E+02  0.14499E+03  0.23115E+03
  0.36156E+03  0.61422E+03  0.96587E+03  0.15218E+04  0.24013E+04  0.37936E+04
  0.59996E+04  0.94952E+04  0.15037E+05  0.23824E+05  0.37762E+05  0.17173E-05
  0.18763E-05  0.20778E-05  0.23312E-05  0.29507E-05  0.43438E-05  0.75781E-04
  0.14651E-02  0.27404E-02  0.30590E-02  0.25229E-02  0.17336E-03  0.00000E+00
  0.36794E-02  0.11671E-01  0.26845E-01  0.58103E-01  0.11368E+00  0.19571E+00
  0.32847E+00  0.58912E+00  0.10587E+01  0.18250E+01  0.32914E+01  0.59092E+01
  0.10141E+02  0.17906E+02  0.31187E+02  0.53839E+02  0.90128E+02  0.14912E+03
  0.23636E+03  0.36798E+03  0.62224E+03  0.97552E+03  0.15333E+04  0.24147E+04
  0.38088E+04  0.60162E+04  0.95120E+04  0.15052E+05  0.23833E+05  0.37756E+05
  0.87290E-04  0.95238E-04  0.10529E-03  0.11793E-03  0.14906E-03  0.21922E-03
  0.56451E-03  0.35304E-02  0.64054E-02  0.73007E-02  0.65924E-02  0.15883E-02
  0.21274E-02  0.29914E-02  0.14717E-01  0.36003E-01  0.78411E-01  0.15158E+00
  0.25627E+00  0.41984E+00  0.73430E+00  0.12852E+01  0.21575E+01  0.37970E+01
  0.66652E+01  0.11208E+02  0.19446E+02  0.33362E+02  0.56862E+02  0.94171E+02
  0.15443E+03  0.24297E+03  0.37596E+03  0.63276E+03  0.98806E+03  0.15480E+04
  0.24317E+04  0.38277E+04  0.60360E+04  0.95309E+04  0.15066E+05  0.23835E+05
  0.37735E+05  0.42555E-03  0.46378E-03  0.51203E-03  0.57267E-03  0.72288E-03
  0.10617E-02  0.23240E-02  0.82483E-02  0.14345E-01  0.16495E-01  0.15872E-01
  0.72834E-02  0.59208E-02  0.00000E+00  0.18062E-01  0.49290E-01  0.10919E+00
  0.20944E+00  0.34883E+00  0.55862E+00  0.95284E+00  0.16224E+01  0.26465E+01
  0.45318E+01  0.77519E+01  0.12726E+02  0.21620E+02  0.36410E+02  0.61078E+02
  0.99792E+02  0.16180E+03  0.25215E+03  0.38711E+03  0.64752E+03  0.10059E+04
  0.15693E+04  0.24568E+04  0.38567E+04  0.60686E+04  0.95657E+04  0.15100E+05
  0.23863E+05  0.37745E+05  0.16237E-02  0.17681E-02  0.19502E-02  0.21790E-02
  0.27482E-02  0.40338E-02  0.83079E-02  0.20072E-01  0.33240E-01  0.38484E-01
  0.39414E-01  0.28375E-01  0.12581E-01  0.11709E-01  0.17007E-01  0.64291E-01
  0.15133E+00  0.29299E+00  0.48582E+00  0.76519E+00  0.12784E+01  0.21219E+01
  0.33636E+01  0.55980E+01  0.93116E+01  0.14882E+02  0.24674E+02  0.40654E+02
  0.66900E+02  0.10750E+03  0.17184E+03  0.26459E+03  0.40215E+03  0.66737E+03
  0.10297E+04  0.15977E+04  0.24902E+04  0.38953E+04  0.61119E+04  0.96118E+04
  0.15145E+05  0.23899E+05  0.37758E+05  0.51261E-02  0.55146E-02  0.60470E-02
  0.68642E-02  0.94571E-02  0.15146E-01  0.27844E-01  0.51134E-01  0.74803E-01
  0.86628E-01  0.91987E-01  0.83042E-01  0.41480E-01  0.39956E-01  0.56307E-02
  0.79094E-01  0.20978E+00  0.42012E+00  0.69826E+00  0.10863E+01  0.17828E+01
  0.28895E+01  0.44526E+01  0.71973E+01  0.11621E+02  0.18033E+02  0.29086E+02
  0.46721E+02  0.75149E+02  0.11834E+03  0.18590E+03  0.28197E+03  0.42315E+03
  0.69510E+03  0.10632E+04  0.16381E+04  0.25384E+04  0.39522E+04  0.61779E+04
  0.96863E+04  0.15226E+05  0.23979E+05  0.37827E+05  0.25717E-01  0.27218E-01
  0.29607E-01  0.34333E-01  0.52592E-01  0.93455E-01  0.15796E+00  0.24938E+00
  0.31218E+00  0.35830E+00  0.38512E+00  0.37774E+00  0.33244E+00  0.22323E+00
  0.49850E-01  0.88765E-01  0.41810E+00  0.90948E+00  0.15427E+01  0.23690E+01
  0.37894E+01  0.59037E+01  0.86512E+01  0.13237E+02  0.20149E+02  0.29411E+02
  0.44673E+02  0.67725E+02  0.10319E+03  0.15461E+03  0.23233E+03  0.33886E+03
  0.49158E+03  0.78511E+03  0.11723E+04  0.17704E+04  0.26987E+04  0.41457E+04
  0.64098E+04  0.99616E+04  0.15547E+05  0.24346E+05  0.38230E+05  0.91495E-01
  0.98256E-01  0.10684E+00  0.11786E+00  0.14199E+00  0.24003E+00  0.37823E+00
  0.59215E+00  0.74566E+00  0.84999E+00  0.91628E+00  0.91982E+00  0.85683E+00
  0.67414E+00  0.32374E+00  0.30104E-01  0.51084E+00  0.14104E+01  0.25113E+01
  0.39006E+01  0.62359E+01  0.95913E+01  0.13744E+02  0.20472E+02  0.30195E+02
  0.42544E+02  0.62292E+02  0.90964E+02  0.13357E+03  0.19315E+03  0.28077E+03
  0.39722E+03  0.56079E+03  0.87511E+03  0.12803E+04  0.19004E+04  0.28553E+04
  0.43340E+04  0.66353E+04  0.10229E+05  0.15862E+05  0.24707E+05  0.38633E+05
  0.24087E+00  0.26215E+00  0.28830E+00  0.31894E+00  0.45889E+00  0.62331E+00
  0.89256E+00  0.13806E+01  0.17615E+01  0.19970E+01  0.21248E+01  0.21819E+01
  0.20596E+01  0.17382E+01  0.11186E+01  0.13563E+00  0.52474E+00  0.21570E+01
  0.41378E+01  0.65696E+01  0.10579E+02  0.16165E+02  0.22777E+02  0.33197E+02
  0.47648E+02  0.65016E+02  0.91946E+02  0.12940E+03  0.18293E+03  0.25469E+03
  0.35687E+03  0.48761E+03  0.66664E+03  0.10113E+04  0.14425E+04  0.20946E+04
  0.30888E+04  0.46152E+04  0.69738E+04  0.10636E+05  0.16346E+05  0.25279E+05
  0.39297E+05  0.60421E+00  0.62163E+00  0.65523E+00  0.73788E+00  0.10824E+01
  0.14300E+01  0.19967E+01  0.30668E+01  0.39706E+01  0.44480E+01  0.47083E+01
  0.48617E+01  0.46214E+01  0.40158E+01  0.27645E+01  0.52572E+00  0.36957E+00
  0.33343E+01  0.69975E+01  0.11398E+02  0.18537E+02  0.28227E+02  0.39266E+02
  0.56235E+02  0.78889E+02  0.10468E+03  0.14347E+03  0.19504E+03  0.26573E+03
  0.35604E+03  0.48001E+03  0.63146E+03  0.83263E+03  0.12220E+04  0.16908E+04
  0.23898E+04  0.34420E+04  0.50401E+04  0.74868E+04  0.11256E+05  0.17095E+05
  0.26182E+05  0.40378E+05  0.12896E+01  0.13267E+01  0.13982E+01  0.15744E+01
  0.23092E+01  0.30504E+01  0.42590E+01  0.65422E+01  0.84732E+01  0.95007E+01
  0.10077E+02  0.10444E+02  0.99907E+01  0.88154E+01  0.63136E+01  0.13586E+01
  0.23766E+00  0.52328E+01  0.12143E+02  0.20308E+02  0.33379E+02  0.50757E+02
  0.69938E+02  0.98801E+02  0.13606E+03  0.17637E+03  0.23530E+03  0.31019E+03
  0.40850E+03  0.52766E+03  0.68468E+03  0.86622E+03  0.10989E+04  0.15545E+04
  0.20772E+04  0.28436E+04  0.39800E+04  0.56830E+04  0.82599E+04  0.12190E+05
  0.18228E+05  0.27557E+05  0.42046E+05  0.26413E+01  0.27169E+01  0.28631E+01
  0.32234E+01  0.47273E+01  0.62436E+01  0.87161E+01  0.13387E+02  0.17338E+02
  0.19443E+02  0.20634E+02  0.21410E+02  0.20527E+02  0.18218E+02  0.13248E+02
  0.29780E+01  0.13845E+01  0.89946E+01  0.22219E+02  0.37657E+02  0.62113E+02
  0.94104E+02  0.12854E+03  0.17946E+03  0.24335E+03  0.30944E+03  0.40356E+03
  0.51817E+03  0.66226E+03  0.82746E+03  0.10358E+04  0.12616E+04  0.15391E+04
  0.20943E+04  0.26943E+04  0.35578E+04  0.48162E+04  0.66722E+04  0.94411E+04
  0.13612E+05  0.19950E+05  0.29653E+05  0.44609E+05  0.54976E+01  0.56547E+01
  0.59586E+01  0.67080E+01  0.98374E+01  0.12993E+02  0.18138E+02  0.27861E+02
  0.36094E+02  0.40502E+02  0.43041E+02  0.44762E+02  0.43082E+02  0.38574E+02
  0.28644E+02  0.67944E+01  0.54021E+01  0.14214E+02  0.39742E+02  0.69272E+02
  0.11569E+03  0.17568E+03  0.23900E+03  0.33134E+03  0.44457E+03  0.55729E+03
  0.71425E+03  0.89799E+03  0.11197E+04  0.13599E+04  0.16490E+04  0.19396E+04
  0.22799E+04  0.29854E+04  0.36932E+04  0.46921E+04  0.61207E+04  0.81902E+04
  0.11227E+05  0.15732E+05  0.22489E+05  0.32714E+05  0.48318E+05  0.11039E+02
  0.11354E+02  0.11963E+02  0.13467E+02  0.19748E+02  0.26080E+02  0.36405E+02
  0.55915E+02  0.72433E+02  0.81279E+02  0.86388E+02  0.89877E+02  0.86571E+02
  0.77681E+02  0.58006E+02  0.13958E+02  0.12337E+02  0.25629E+02  0.75266E+02
  0.13231E+03  0.22146E+03  0.33561E+03  0.45436E+03  0.62568E+03  0.83198E+03
  0.10310E+04  0.13030E+04  0.16107E+04  0.19684E+04  0.23350E+04  0.27559E+04
  0.31441E+04  0.35732E+04  0.45128E+04  0.53739E+04  0.65659E+04  0.82375E+04
  0.10613E+05  0.14034E+05  0.19024E+05  0.26390E+05  0.37380E+05  0.53945E+05
  0.22532E+02  0.23174E+02  0.24418E+02  0.27486E+02  0.40305E+02  0.53228E+02
  0.74303E+02  0.11413E+03  0.14788E+03  0.16601E+03  0.17659E+03  0.18398E+03
  0.17762E+03  0.16019E+03  0.12100E+03  0.29920E+02  0.31130E+02  0.41848E+02
  0.13878E+03  0.24966E+03  0.42217E+03  0.64159E+03  0.86739E+03  0.11905E+04
  0.15742E+04  0.19354E+04  0.24215E+04  0.29557E+04  0.35568E+04  0.41415E+04
  0.47821E+04  0.53186E+04  0.58720E+04  0.71820E+04  0.82572E+04  0.97189E+04
  0.11730E+05  0.14532E+05  0.18490E+05  0.24155E+05  0.32369E+05  0.44424E+05
  0.62325E+05  0.45205E+02  0.46493E+02  0.48986E+02  0.55140E+02  0.80855E+02
  0.10678E+03  0.14905E+03  0.22895E+03  0.29667E+03  0.33308E+03  0.35443E+03
  0.36946E+03  0.35704E+03  0.32272E+03  0.24503E+03  0.61314E+02  0.67985E+02
  0.73945E+02  0.26384E+03  0.48032E+03  0.81609E+03  0.12411E+04  0.16749E+04
  0.22920E+04  0.30173E+04  0.36869E+04  0.45776E+04  0.55340E+04  0.65809E+04
  0.75530E+04  0.85717E+04  0.93399E+04  0.10068E+05  0.11983E+05  0.13361E+05
  0.15203E+05  0.17693E+05  0.21098E+05  0.25816E+05  0.32437E+05  0.41855E+05
  0.55424E+05  0.75231E+05  0.90687E+02  0.93269E+02  0.98269E+02  0.11061E+03
  0.16220E+03  0.21419E+03  0.29900E+03  0.45930E+03  0.59520E+03  0.66838E+03
  0.71147E+03  0.74211E+03  0.71787E+03  0.65032E+03  0.49625E+03  0.12559E+03
  0.14720E+03  0.12927E+03  0.50218E+03  0.92628E+03  0.15825E+04  0.24103E+04
  0.32503E+04  0.44400E+04  0.58274E+04  0.70898E+04  0.87540E+04  0.10509E+05
  0.12387E+05  0.14063E+05  0.15749E+05  0.16888E+05  0.17863E+05  0.20794E+05
  0.22595E+05  0.24971E+05  0.28134E+05  0.32387E+05  0.38173E+05  0.46137E+05
  0.57248E+05  0.72947E+05  0.95434E+05  0.18188E+03  0.18706E+03  0.19708E+03
  0.22184E+03  0.32530E+03  0.42958E+03  0.59969E+03  0.92124E+03  0.11940E+04
  0.13410E+04  0.14280E+04  0.14905E+04  0.14433E+04  0.13104E+04  0.10048E+04
  0.25705E+03  0.31634E+03  0.22270E+03  0.95615E+03  0.17888E+04  0.30752E+04
  0.46935E+04  0.63291E+04  0.86379E+04  0.11315E+05  0.13725E+05  0.16881E+05
  0.20161E+05  0.23612E+05  0.26591E+05  0.29486E+05  0.31236E+05  0.32555E+05
  0.37241E+05  0.39638E+05  0.42764E+05  0.46872E+05  0.52314E+05  0.59599E+05
  0.69451E+05  0.82939E+05  0.10163E+06  0.12789E+06  0.36470E+03  0.37507E+03
  0.39518E+03  0.44482E+03  0.65226E+03  0.86139E+03  0.12025E+04  0.18474E+04
  0.23946E+04  0.26902E+04  0.28659E+04  0.29932E+04  0.29015E+04  0.26402E+04
  0.20341E+04  0.52564E+03  0.67554E+03  0.37613E+03  0.18203E+04  0.34578E+04
  0.59846E+04  0.91576E+04  0.12355E+05  0.16857E+05  0.22057E+05  0.26701E+05
  0.32750E+05  0.38974E+05  0.45433E+05  0.50864E+05  0.55988E+05  0.58774E+05
  0.60577E+05  0.68375E+05  0.71607E+05  0.75786E+05  0.81220E+05  0.88333E+05
  0.97723E+05  0.11023E+06  0.12705E+06  0.14995E+06  0.18150E+06  0.80000E+04
  0.79967E+04  0.79917E+04  0.79833E+04  0.79688E+04  0.79470E+04  0.79129E+04
  0.78605E+04  0.77750E+04  0.76403E+04  0.74195E+04  0.71004E+04  0.66581E+04
  0.59200E+04  0.48117E+04  0.34561E+04  0.16056E+04  0.74156E+03  0.35874E+04
  0.68115E+04  0.11782E+05  0.18016E+05  0.24283E+05  0.33095E+05  0.43241E+05
  0.52251E+05  0.63944E+05  0.75880E+05  0.88144E+05  0.98248E+05  0.10756E+06
  0.11215E+06  0.11464E+06  0.12809E+06  0.13250E+06  0.13816E+06  0.14546E+06
  0.15493E+06  0.16729E+06  0.18353E+06  0.20507E+06  0.23391E+06  0.27294E+06
  0.15794E+05  0.15787E+05  0.15777E+05  0.15761E+05  0.15732E+05  0.15689E+05
  0.15621E+05  0.15517E+05  0.15348E+05  0.15082E+05  0.14645E+05  0.14015E+05
  0.13141E+05  0.11683E+05  0.94950E+04  0.68191E+04  0.31673E+04  0.14626E+04
  0.70737E+04  0.13426E+05  0.23215E+05  0.35479E+05  0.47790E+05  0.65078E+05
  0.84942E+05  0.10251E+06  0.12525E+06  0.14832E+06  0.17185E+06  0.19095E+06
  0.20821E+06  0.21604E+06  0.21948E+06  0.24339E+06  0.24946E+06  0.25721E+06
  0.26714E+06  0.27992E+06  0.29645E+06  0.31794E+06  0.34611E+06  0.38328E+06
  0.43282E+06  0.31183E+05  0.31169E+05  0.31150E+05  0.31116E+05  0.31059E+05
  0.30974E+05  0.30840E+05  0.30635E+05  0.30300E+05  0.29773E+05  0.28911E+05
  0.27665E+05  0.25939E+05  0.23060E+05  0.18740E+05  0.13457E+05  0.62498E+04
  0.28856E+04  0.13953E+05  0.26479E+05  0.45769E+05  0.69922E+05  0.94142E+05
  0.12812E+06  0.16711E+06  0.20148E+06  0.24588E+06  0.29076E+06  0.33628E+06
  0.37278E+06  0.40532E+06  0.41905E+06  0.42385E+06  0.46743E+06  0.47582E+06
  0.48650E+06  0.50013E+06  0.51756E+06  0.53995E+06  0.56883E+06  0.60630E+06
  0.65519E+06  0.71950E+06  0.61561E+05  0.61535E+05  0.61496E+05  0.61430E+05
  0.61317E+05  0.61147E+05  0.60883E+05  0.60477E+05  0.59816E+05  0.58775E+05
  0.57072E+05  0.54610E+05  0.51201E+05  0.45517E+05  0.36987E+05  0.26559E+05
  0.12334E+05  0.56940E+04  0.27530E+05  0.52233E+05  0.90268E+05  0.13787E+06
  0.18556E+06  0.25243E+06  0.32907E+06  0.39648E+06  0.48346E+06  0.57111E+06
  0.65965E+06  0.73005E+06  0.79216E+06  0.81688E+06  0.82357E+06  0.90462E+06
  0.91628E+06  0.93108E+06  0.94989E+06  0.97385E+06  0.10045E+07  0.10437E+07
  0.10943E+07  0.11596E+07  0.12447E+07  0.12154E+06  0.12149E+06  0.12141E+06
  0.12128E+06  0.12106E+06  0.12072E+06  0.12020E+06  0.11940E+06  0.11809E+06
  0.11603E+06  0.11267E+06  0.10781E+06  0.10108E+06  0.89852E+05  0.73011E+05
  0.52424E+05  0.24343E+05  0.11237E+05  0.54327E+05  0.10306E+06  0.17809E+06
  0.27194E+06  0.36593E+06  0.49766E+06  0.64849E+06  0.78098E+06  0.95175E+06
  0.11235E+07  0.12964E+07  0.14331E+07  0.15527E+07  0.15982E+07  0.16075E+07
  0.17606E+07  0.17769E+07  0.17975E+07  0.18236E+07  0.18567E+07  0.18989E+07
  0.19527E+07  0.20217E+07  0.21102E+07  0.22244E+07  0.23996E+06  0.23986E+06
  0.23970E+06  0.23945E+06  0.23900E+06  0.23834E+06  0.23731E+06  0.23572E+06
  0.23314E+06  0.22908E+06  0.22244E+06  0.21284E+06  0.19954E+06  0.17738E+06
  0.14413E+06  0.10349E+06  0.48053E+05  0.22181E+05  0.10723E+06  0.20340E+06
  0.35142E+06  0.53656E+06  0.72188E+06  0.98153E+06  0.12787E+07  0.15394E+07
  0.18752E+07  0.22124E+07  0.25512E+07  0.28178E+07  0.30498E+07  0.31350E+07
  0.31481E+07  0.34407E+07  0.34634E+07  0.34921E+07  0.35284E+07  0.35745E+07
  0.36330E+07  0.37073E+07  0.38020E+07  0.39230E+07  0.40782E+07  0.47375E+06
  0.47355E+06  0.47325E+06  0.47274E+06  0.47186E+06  0.47055E+06  0.46851E+06
  0.46538E+06  0.46028E+06  0.45226E+06  0.43914E+06  0.42019E+06  0.39394E+06
  0.35018E+06  0.28453E+06  0.20429E+06  0.94857E+05  0.43784E+05  0.21165E+06
  0.40146E+06  0.69356E+06  0.10588E+07  0.14244E+07  0.19364E+07  0.25222E+07
  0.30358E+07  0.36969E+07  0.43598E+07  0.50252E+07  0.55470E+07  0.59991E+07
  0.61608E+07  0.61792E+07  0.67434E+07  0.67752E+07  0.68153E+07  0.68661E+07
  0.69303E+07  0.70116E+07  0.71147E+07  0.72456E+07  0.74123E+07  0.76251E+07
  0.93536E+06  0.93496E+06  0.93436E+06  0.93335E+06  0.93162E+06  0.92904E+06
  0.92501E+06  0.91882E+06  0.90875E+06  0.89292E+06  0.86700E+06  0.82957E+06
  0.77774E+06  0.69134E+06  0.56174E+06  0.40331E+06  0.18726E+06  0.86435E+05
  0.41780E+06  0.79247E+06  0.13690E+07  0.20899E+07  0.28111E+07  0.38212E+07
  0.49765E+07  0.59887E+07  0.72914E+07  0.85966E+07  0.99052E+07  0.10929E+08
  0.11813E+08  0.12124E+08  0.12149E+08  0.13245E+08  0.13289E+08  0.13345E+08
  0.13416E+08  0.13506E+08  0.13619E+08  0.13763E+08  0.13945E+08  0.14176E+08
  0.14469E+08  0.18467E+07  0.18459E+07  0.18447E+07  0.18427E+07  0.18393E+07
  0.18342E+07  0.18262E+07  0.18140E+07  0.17941E+07  0.17629E+07  0.17117E+07
  0.16378E+07  0.15354E+07  0.13649E+07  0.11090E+07  0.79622E+06  0.36969E+06
  0.17063E+06  0.82477E+06  0.15643E+07  0.27023E+07  0.41250E+07  0.55483E+07
  0.75414E+07  0.98204E+07  0.11817E+08  0.14385E+08  0.16956E+08  0.19533E+08
  0.21545E+08  0.23280E+08  0.23879E+08  0.23916E+08  0.26052E+08  0.26114E+08
  0.26193E+08  0.26292E+08  0.26417E+08  0.26576E+08  0.26776E+08  0.27030E+08
  0.27351E+08  0.27758E+08  0.36462E+07  0.36446E+07  0.36423E+07  0.36384E+07
  0.36316E+07  0.36215E+07  0.36058E+07  0.35817E+07  0.35424E+07  0.34807E+07
  0.33796E+07  0.32337E+07  0.30316E+07  0.26948E+07  0.21896E+07  0.15720E+07
  0.72989E+06  0.33689E+06  0.16283E+07  0.30884E+07  0.53349E+07  0.81434E+07
  0.10953E+08  0.14886E+08  0.19384E+08  0.23322E+08  0.28387E+08  0.33457E+08
  0.38535E+08  0.42495E+08  0.45904E+08  0.47070E+08  0.47121E+08  0.51301E+08
  0.51389E+08  0.51499E+08  0.51639E+08  0.51814E+08  0.52036E+08  0.52317E+08
  0.52671E+08  0.53119E+08  0.53686E+08
