  0.00000E+00  0.00000E+00  0.00000E+00  0.00000E+00  0.00000E+00  0.00000E+00
  0.00000E+00  0.00000E+00  0.00000E+00  0.00000E+00  0.00000E+00  0.00000E+00
  0.00000E+00  0.17843E-04  0.26589E-03  0.73453E-03  0.17126E-02  0.48392E-02
  0.10813E-01  0.23626E-01  0.54325E-01  0.11254E+00  0.22568E+00  0.49889E+00
  0.12362E+01  0.28878E+01  0.69533E+01  0.18552E+02  0.33428E+02  0.57960E+02
  0.98666E+02  0.16009E+03  0.25401E+03  0.72615E+03  0.11523E+04  0.18288E+04
  0.29026E+04  0.46066E+04  0.73121E+04  0.11606E+05  0.18423E+05  0.29242E+05
  0.46417E+05  0.00000E+00  0.00000E+00  0.00000E+00  0.00000E+00  0.00000E+00
  0.00000E+00  0.00000E+00  0.00000E+00  0.00000E+00  0.00000E+00  0.00000E+00
  0.00000E+00  0.92020E-08  0.96508E-04  0.34156E-03  0.90106E-03  0.23985E-02
  0.70020E-02  0.15274E-01  0.32208E-01  0.70108E-01  0.15091E+00  0.29767E+00
  0.62393E+00  0.14818E+01  0.33431E+01  0.85463E+01  0.20201E+02  0.37874E+02
  0.67682E+02  0.11519E+03  0.18688E+03  0.29648E+03  0.72641E+03  0.11527E+04
  0.18292E+04  0.29031E+04  0.46072E+04  0.73129E+04  0.11607E+05  0.18424E+05
  0.29243E+05  0.46418E+05  0.00000E+00  0.00000E+00  0.00000E+00  0.00000E+00
  0.00000E+00  0.00000E+00  0.00000E+00  0.00000E+00  0.00000E+00  0.00000E+00
  0.00000E+00  0.00000E+00  0.45474E-04  0.15638E-03  0.52975E-03  0.12343E-02
  0.31212E-02  0.92559E-02  0.19890E-01  0.41690E-01  0.92201E-01  0.19707E+00
  0.39819E+00  0.82159E+00  0.17729E+01  0.40053E+01  0.10257E+02  0.21862E+02
  0.42341E+02  0.77435E+02  0.13176E+03  0.21372E+03  0.33901E+03  0.72673E+03
  0.11531E+04  0.18297E+04  0.29037E+04  0.46080E+04  0.73138E+04  0.11608E+05
  0.18426E+05  0.29245E+05  0.46420E+05  0.00000E+00  0.00000E+00  0.00000E+00
  0.00000E+00  0.00000E+00  0.00000E+00  0.00000E+00  0.00000E+00  0.00000E+00
  0.00000E+00  0.00000E+00  0.00000E+00  0.48477E-04  0.16482E-03  0.59009E-03
  0.13591E-02  0.35585E-02  0.11670E-01  0.25180E-01  0.52771E-01  0.11514E+00
  0.24396E+00  0.48898E+00  0.10054E+01  0.22295E+01  0.47666E+01  0.11988E+02
  0.24957E+02  0.46403E+02  0.82410E+02  0.14019E+03  0.22732E+03  0.36053E+03
  0.72713E+03  0.11536E+04  0.18304E+04  0.29044E+04  0.46089E+04  0.73150E+04
  0.11610E+05  0.18427E+05  0.29247E+05  0.46422E+05  0.00000E+00  0.00000E+00
  0.00000E+00  0.00000E+00  0.00000E+00  0.00000E+00  0.00000E+00  0.00000E+00
  0.00000E+00  0.00000E+00  0.00000E+00  0.00000E+00  0.81943E-04  0.25997E-03
  0.94550E-03  0.22465E-02  0.58121E-02  0.17956E-01  0.38337E-01  0.79347E-01
  0.17030E+00  0.36350E+00  0.73414E+00  0.15127E+01  0.32390E+01  0.67459E+01
  0.13729E+02  0.28061E+02  0.50475E+02  0.87397E+02  0.14861E+03  0.24092E+03
  0.38200E+03  0.72764E+03  0.11542E+04  0.18311E+04  0.29054E+04  0.46101E+04
  0.73164E+04  0.11611E+05  0.18429E+05  0.29249E+05  0.46425E+05  0.00000E+00
  0.00000E+00  0.00000E+00  0.00000E+00  0.00000E+00  0.00000E+00  0.00000E+00
  0.00000E+00  0.00000E+00  0.00000E+00  0.00000E+00  0.00000E+00  0.89659E-04
  0.29865E-03  0.11577E-02  0.27811E-02  0.74481E-02  0.20672E-01  0.43663E-01
  0.89754E-01  0.19306E+00  0.41323E+00  0.82885E+00  0.16963E+01  0.35071E+01
  0.69645E+01  0.14373E+02  0.28161E+02  0.50619E+02  0.87594E+02  0.14888E+03
  0.24126E+03  0.38242E+03  0.72828E+03  0.11550E+04  0.18321E+04  0.29066E+04
  0.46116E+04  0.73182E+04  0.11614E+05  0.18432E+05  0.29252E+05  0.46429E+05
  0.00000E+00  0.00000E+00  0.00000E+00  0.00000E+00  0.00000E+00  0.00000E+00
  0.00000E+00  0.00000E+00  0.00000E+00  0.00000E+00  0.00000E+00  0.00000E+00
  0.10553E-03  0.35810E-03  0.13452E-02  0.32817E-02  0.86629E-02  0.23066E-01
  0.48208E-01  0.98415E-01  0.21169E+00  0.45178E+00  0.90086E+00  0.18341E+01
  0.37289E+01  0.72366E+01  0.14953E+02  0.28290E+02  0.50803E+02  0.87846E+02
  0.14922E+03  0.24170E+03  0.38297E+03  0.72910E+03  0.11560E+04  0.18334E+04
  0.29083E+04  0.46137E+04  0.73208E+04  0.11617E+05  0.18436E+05  0.29257E+05
  0.46434E+05  0.00000E+00  0.00000E+00  0.00000E+00  0.00000E+00  0.00000E+00
  0.00000E+00  0.00000E+00  0.00000E+00  0.00000E+00  0.00000E+00  0.00000E+00
  0.00000E+00  0.13282E-03  0.44757E-03  0.15176E-02  0.37863E-02  0.95202E-02
  0.25309E-01  0.52311E-01  0.10599E+00  0.22765E+00  0.48228E+00  0.95617E+00
  0.19379E+01  0.39222E+01  0.75794E+01  0.15513E+02  0.28453E+02  0.51035E+02
  0.88166E+02  0.14965E+03  0.24225E+03  0.38367E+03  0.73015E+03  0.11573E+04
  0.18351E+04  0.29103E+04  0.46163E+04  0.73240E+04  0.11621E+05  0.18441E+05
  0.29264E+05  0.46442E+05  0.00000E+00  0.00000E+00  0.00000E+00  0.00000E+00
  0.00000E+00  0.00000E+00  0.00000E+00  0.11542E-05  0.23420E-05  0.00000E+00
  0.00000E+00  0.00000E+00  0.15744E-03  0.51998E-03  0.17609E-02  0.42737E-02
  0.10630E-01  0.28329E-01  0.57781E-01  0.11576E+00  0.24640E+00  0.51812E+00
  0.10280E+01  0.20709E+01  0.41457E+01  0.80520E+01  0.15733E+02  0.28659E+02
  0.51329E+02  0.88569E+02  0.15019E+03  0.24295E+03  0.38454E+03  0.73148E+03
  0.11590E+04  0.18372E+04  0.29130E+04  0.46195E+04  0.73281E+04  0.11626E+05
  0.18447E+05  0.29271E+05  0.46452E+05  0.00000E+00  0.00000E+00  0.00000E+00
  0.00000E+00  0.00000E+00  0.00000E+00  0.00000E+00  0.36814E-05  0.74476E-05
  0.11067E-04  0.00000E+00  0.00000E+00  0.18769E-03  0.60578E-03  0.21018E-02
  0.52595E-02  0.12526E-01  0.32443E-01  0.65156E-01  0.12875E+00  0.27076E+00
  0.56387E+00  0.11137E+01  0.22284E+01  0.44216E+01  0.84772E+01  0.15912E+02
  0.28918E+02  0.51698E+02  0.89075E+02  0.15088E+03  0.24382E+03  0.38564E+03
  0.73313E+03  0.11611E+04  0.18397E+04  0.29162E+04  0.46235E+04  0.73331E+04
  0.11632E+05  0.18455E+05  0.29281E+05  0.46463E+05  0.00000E+00  0.00000E+00
  0.00000E+00  0.00000E+00  0.00000E+00  0.00000E+00  0.00000E+00  0.96976E-05
  0.20706E-04  0.32574E-04  0.00000E+00  0.00000E+00  0.24131E-03  0.77500E-03
  0.26028E-02  0.63226E-02  0.14927E-01  0.38108E-01  0.75197E-01  0.14660E+00
  0.30626E+00  0.62998E+00  0.12338E+01  0.24635E+01  0.47536E+01  0.87126E+01
  0.16136E+02  0.29242E+02  0.52159E+02  0.89705E+02  0.15172E+03  0.24490E+03
  0.38698E+03  0.73514E+03  0.11636E+04  0.18428E+04  0.29200E+04  0.46282E+04
  0.73387E+04  0.11639E+05  0.18463E+05  0.29290E+05  0.46473E+05  0.22316E-05
  0.30564E-05  0.41726E-05  0.56889E-05  0.86521E-05  0.29894E-04  0.77506E-04
  0.10464E-03  0.11096E-03  0.72127E-04  0.43597E-04  0.67745E-04  0.38839E-03
  0.12386E-02  0.33058E-02  0.79295E-02  0.18379E-01  0.42524E-01  0.83687E-01
  0.16174E+00  0.33475E+00  0.68223E+00  0.13338E+01  0.26444E+01  0.50579E+01
  0.91634E+01  0.16928E+02  0.30609E+02  0.54497E+02  0.93572E+02  0.15804E+03
  0.25477E+03  0.40210E+03  0.73358E+03  0.11602E+04  0.18364E+04  0.29085E+04
  0.46082E+04  0.73048E+04  0.11582E+05  0.18370E+05  0.29138E+05  0.46226E+05
  0.84717E-05  0.13218E-04  0.19837E-04  0.29806E-04  0.10134E-03  0.25743E-03
  0.41541E-03  0.56440E-03  0.64618E-03  0.66508E-03  0.55958E-03  0.28145E-03
  0.62301E-04  0.17389E-02  0.60763E-02  0.14607E-01  0.32900E-01  0.68904E-01
  0.12892E+00  0.23467E+00  0.45415E+00  0.87532E+00  0.16073E+01  0.30639E+01
  0.57711E+01  0.10318E+02  0.18858E+02  0.33800E+02  0.59747E+02  0.10198E+03
  0.17141E+03  0.27521E+03  0.43292E+03  0.73812E+03  0.11650E+04  0.18408E+04
  0.29115E+04  0.46081E+04  0.72985E+04  0.11564E+05  0.18332E+05  0.29065E+05
  0.46095E+05  0.21515E-04  0.31549E-04  0.52578E-04  0.10840E-03  0.28941E-03
  0.73375E-03  0.11542E-02  0.14224E-02  0.16473E-02  0.17637E-02  0.17161E-02
  0.13981E-02  0.64821E-03  0.56303E-03  0.52056E-02  0.15701E-01  0.36733E-01
  0.76579E-01  0.14300E+00  0.25789E+00  0.49444E+00  0.94261E+00  0.17103E+01
  0.32274E+01  0.60233E+01  0.10678E+02  0.19383E+02  0.34539E+02  0.60759E+02
  0.10328E+03  0.17303E+03  0.27699E+03  0.43466E+03  0.73995E+03  0.11660E+04
  0.18402E+04  0.29076E+04  0.45983E+04  0.72784E+04  0.11527E+05  0.18265E+05
  0.28949E+05  0.45901E+05  0.52414E-04  0.69083E-04  0.12511E-03  0.32054E-03
  0.82610E-03  0.16931E-02  0.24841E-02  0.30150E-02  0.34938E-02  0.37825E-02
  0.38175E-02  0.34696E-02  0.24458E-02  0.88862E-03  0.35806E-02  0.16203E-01
  0.41315E-01  0.86908E-01  0.16241E+00  0.29009E+00  0.55031E+00  0.10356E+01
  0.18523E+01  0.34518E+01  0.63685E+01  0.11171E+02  0.20102E+02  0.35557E+02
  0.62165E+02  0.10512E+03  0.17535E+03  0.27967E+03  0.43753E+03  0.74331E+03
  0.11690E+04  0.18420E+04  0.29067E+04  0.45923E+04  0.72630E+04  0.11495E+05
  0.18205E+05  0.28843E+05  0.45718E+05  0.11965E-03  0.14628E-03  0.28844E-03
  0.85457E-03  0.21329E-02  0.36977E-02  0.50604E-02  0.60372E-02  0.69733E-02
  0.75684E-02  0.77569E-02  0.74510E-02  0.64504E-02  0.33441E-02  0.75960E-03
  0.15669E-01  0.46807E-01  0.10062E+00  0.18900E+00  0.33463E+00  0.62765E+00
  0.11639E+01  0.20475E+01  0.37587E+01  0.68387E+01  0.11842E+02  0.21080E+02
  0.36942E+02  0.64084E+02  0.10765E+03  0.17860E+03  0.28353E+03  0.44184E+03
  0.74863E+03  0.11744E+04  0.18468E+04  0.29097E+04  0.45911E+04  0.72537E+04
  0.11471E+05  0.18155E+05  0.28749E+05  0.45550E+05  0.23083E-03  0.43656E-03
  0.89553E-03  0.21714E-02  0.46813E-02  0.75300E-02  0.99311E-02  0.11713E-01
  0.13377E-01  0.14440E-01  0.14920E-01  0.14651E-01  0.13396E-01  0.89269E-02
  0.38217E-02  0.96767E-02  0.49284E-01  0.11568E+00  0.22187E+00  0.39189E+00
  0.72937E+00  0.13339E+01  0.23061E+01  0.41647E+01  0.74586E+01  0.12723E+02
  0.22360E+02  0.38750E+02  0.66585E+02  0.11095E+03  0.18282E+03  0.28856E+03
  0.44751E+03  0.75567E+03  0.11817E+04  0.18536E+04  0.29144E+04  0.45911E+04
  0.72443E+04  0.11444E+05  0.18098E+05  0.28640E+05  0.45353E+05  0.43207E-03
  0.11850E-02  0.24814E-02  0.53067E-02  0.10130E-01  0.15113E-01  0.19144E-01
  0.22306E-01  0.25148E-01  0.26933E-01  0.27937E-01  0.27762E-01  0.26169E-01
  0.20227E-01  0.12434E-01  0.00000E+00  0.48905E-01  0.13375E+00  0.26580E+00
  0.47061E+00  0.87069E+00  0.15701E+01  0.26637E+01  0.47230E+01  0.83062E+01
  0.13922E+02  0.24095E+02  0.41196E+02  0.69967E+02  0.11542E+03  0.18859E+03
  0.29553E+03  0.45557E+03  0.76592E+03  0.11930E+04  0.18653E+04  0.29254E+04
  0.45989E+04  0.72446E+04  0.11430E+05  0.18056E+05  0.28550E+05  0.45180E+05
  0.75159E-03  0.28767E-02  0.60972E-02  0.11980E-01  0.20680E-01  0.28659E-01
  0.34764E-01  0.39984E-01  0.44430E-01  0.47111E-01  0.48894E-01  0.48803E-01
  0.46684E-01  0.39799E-01  0.25959E-01  0.50596E-02  0.51001E-01  0.16488E+00
  0.33668E+00  0.59403E+00  0.10865E+01  0.19234E+01  0.31909E+01  0.55338E+01
  0.95223E+01  0.15631E+02  0.26551E+02  0.44646E+02  0.74737E+02  0.12176E+03
  0.19687E+03  0.30575E+03  0.46781E+03  0.78202E+03  0.12121E+04  0.18875E+04
  0.29506E+04  0.46265E+04  0.72730E+04  0.11455E+05  0.18072E+05  0.28546E+05
  0.45135E+05  0.13839E-02  0.52857E-02  0.11347E-01  0.22874E-01  0.37708E-01
  0.51129E-01  0.62076E-01  0.70836E-01  0.77794E-01  0.82145E-01  0.84839E-01
  0.84810E-01  0.81724E-01  0.71950E-01  0.51353E-01  0.17840E-01  0.39231E-01
  0.19671E+00  0.42657E+00  0.75910E+00  0.13824E+01  0.24111E+01  0.39161E+01
  0.66434E+01  0.11174E+02  0.17931E+02  0.29832E+02  0.49220E+02  0.81019E+02
  0.13006E+03  0.20764E+03  0.31899E+03  0.48363E+03  0.80275E+03  0.12365E+04
  0.19160E+04  0.29830E+04  0.46621E+04  0.73096E+04  0.11489E+05  0.18095E+05
  0.28542E+05  0.45081E+05  0.25581E-02  0.92678E-02  0.20234E-01  0.42667E-01
  0.67222E-01  0.89606E-01  0.10987E+00  0.12449E+00  0.13508E+00  0.14227E+00
  0.14606E+00  0.14619E+00  0.14159E+00  0.12677E+00  0.96893E-01  0.47866E-01
  0.92461E-02  0.23025E+00  0.54775E+00  0.99156E+00  0.18058E+01  0.31095E+01
  0.49482E+01  0.82098E+01  0.13484E+02  0.21115E+02  0.34332E+02  0.55442E+02
  0.89504E+02  0.14120E+03  0.22207E+03  0.33672E+03  0.50486E+03  0.83065E+03
  0.12698E+04  0.19553E+04  0.30288E+04  0.47141E+04  0.73668E+04  0.11548E+05
  0.18149E+05  0.28579E+05  0.45077E+05  0.47288E-02  0.16097E-01  0.35902E-01
  0.79750E-01  0.11939E+00  0.15602E+00  0.19382E+00  0.21797E+00  0.23333E+00
  0.24522E+00  0.25002E+00  0.25041E+00  0.24335E+00  0.21994E+00  0.17606E+00
  0.11003E+00  0.20064E-01  0.27470E+00  0.72769E+00  0.13405E+01  0.24402E+01
  0.41474E+01  0.64662E+01  0.10486E+02  0.16799E+02  0.25633E+02  0.40645E+02
  0.64083E+02  0.10119E+03  0.15646E+03  0.24173E+03  0.36086E+03  0.53388E+03
  0.86892E+03  0.13159E+04  0.20108E+04  0.30951E+04  0.47927E+04  0.74585E+04
  0.11652E+05  0.18264E+05  0.28698E+05  0.45187E+05  0.82558E-02  0.29170E-01
  0.64143E-01  0.13790E+00  0.20771E+00  0.26991E+00  0.32992E+00  0.36881E+00
  0.39418E+00  0.41215E+00  0.41951E+00  0.41888E+00  0.40672E+00  0.37014E+00
  0.30295E+00  0.20587E+00  0.68150E-01  0.31229E+00  0.97479E+00  0.18447E+01
  0.33726E+01  0.56752E+01  0.86870E+01  0.13788E+02  0.21558E+02  0.32042E+02
  0.49494E+02  0.76060E+02  0.11721E+03  0.17719E+03  0.26823E+03  0.39322E+03
  0.57262E+03  0.91983E+03  0.13773E+04  0.20848E+04  0.31841E+04  0.48991E+04
  0.75846E+04  0.11800E+05  0.18432E+05  0.28883E+05  0.45379E+05  0.14247E-01
  0.53267E-01  0.11478E+00  0.23471E+00  0.35938E+00  0.46514E+00  0.55545E+00
  0.61702E+00  0.66000E+00  0.68597E+00  0.69782E+00  0.69384E+00  0.67213E+00
  0.61418E+00  0.50816E+00  0.36056E+00  0.14725E+00  0.35992E+00  0.13519E+01
  0.26204E+01  0.48034E+01  0.80019E+01  0.12036E+02  0.18710E+02  0.28561E+02
  0.41354E+02  0.62186E+02  0.93021E+02  0.13964E+03  0.20590E+03  0.30462E+03
  0.43737E+03  0.62529E+03  0.98882E+03  0.14606E+04  0.21857E+04  0.33065E+04
  0.50475E+04  0.77640E+04  0.12015E+05  0.18689E+05  0.29185E+05  0.45728E+05
  0.24327E-01  0.96970E-01  0.20446E+00  0.39458E+00  0.61646E+00  0.79457E+00
  0.92302E+00  0.10182E+01  0.10914E+01  0.11272E+01  0.11470E+01  0.11355E+01
  0.10972E+01  0.10059E+01  0.83706E+00  0.61209E+00  0.27283E+00  0.43513E+00
  0.19490E+01  0.38411E+01  0.70366E+01  0.11600E+02  0.17160E+02  0.26154E+02
  0.39022E+02  0.55082E+02  0.80645E+02  0.11736E+03  0.17140E+03  0.24608E+03
  0.35501E+03  0.49797E+03  0.69711E+03  0.10823E+04  0.15732E+04  0.23220E+04
  0.34723E+04  0.52497E+04  0.80110E+04  0.12317E+05  0.19057E+05  0.29631E+05
  0.46265E+05  0.41519E-01  0.17122E+00  0.35692E+00  0.66722E+00  0.10551E+01
  0.13558E+01  0.15515E+01  0.17034E+01  0.18279E+01  0.18810E+01  0.19140E+01
  0.18901E+01  0.18246E+01  0.16791E+01  0.14104E+01  0.10636E+01  0.52704E+00
  0.39013E+00  0.27281E+01  0.55941E+01  0.10357E+02  0.17006E+02  0.24857E+02
  0.37290E+02  0.54554E+02  0.75252E+02  0.10746E+03  0.15227E+03  0.21637E+03
  0.30221E+03  0.42447E+03  0.58047E+03  0.79372E+03  0.12069E+04  0.17217E+04
  0.25003E+04  0.36875E+04  0.55102E+04  0.83269E+04  0.12700E+05  0.19520E+05
  0.30189E+05  0.46930E+05  0.67329E-01  0.27757E+00  0.57836E+00  0.10806E+01
  0.17115E+01  0.21946E+01  0.25144E+01  0.27545E+01  0.29528E+01  0.30357E+01
  0.30810E+01  0.30344E+01  0.29200E+01  0.26789E+01  0.22474E+01  0.16982E+01
  0.86432E+00  0.46260E+00  0.41237E+01  0.85404E+01  0.15776E+02  0.25677E+02
  0.37046E+02  0.54701E+02  0.78531E+02  0.10601E+03  0.14779E+03  0.20406E+03
  0.28217E+03  0.38325E+03  0.52352E+03  0.69680E+03  0.92871E+03  0.13793E+04
  0.19262E+04  0.27451E+04  0.39828E+04  0.58688E+04  0.87646E+04  0.13237E+05
  0.20179E+05  0.31001E+05  0.47931E+05  0.10919E+00  0.45001E+00  0.93735E+00
  0.17506E+01  0.27792E+01  0.35554E+01  0.40820E+01  0.44618E+01  0.47804E+01
  0.49130E+01  0.49752E+01  0.48898E+01  0.46936E+01  0.42959E+01  0.36032E+01
  0.27307E+01  0.14269E+01  0.49059E+00  0.62710E+01  0.13154E+02  0.24294E+02
  0.39281E+02  0.56076E+02  0.81707E+02  0.11542E+03  0.15285E+03  0.20854E+03
  0.28113E+03  0.37879E+03  0.50065E+03  0.66502E+03  0.86074E+03  0.11165E+04
  0.16162E+04  0.22042E+04  0.30746E+04  0.43769E+04  0.63441E+04  0.93416E+04
  0.13941E+05  0.21042E+05  0.32062E+05  0.49238E+05  0.17708E+00  0.72969E+00
  0.15195E+01  0.28369E+01  0.45184E+01  0.57654E+01  0.66389E+01  0.72397E+01
  0.77555E+01  0.79734E+01  0.80585E+01  0.79069E+01  0.75743E+01  0.69202E+01
  0.58084E+01  0.44184E+01  0.23702E+01  0.39215E+00  0.95797E+01  0.20403E+02
  0.37749E+02  0.60756E+02  0.86003E+02  0.12395E+03  0.17271E+03  0.22499E+03
  0.30118E+03  0.39734E+03  0.52272E+03  0.67322E+03  0.87019E+03  0.10952E+04
  0.13813E+04  0.19461E+04  0.25865E+04  0.35228E+04  0.49079E+04  0.69790E+04
  0.10107E+05  0.14869E+05  0.22175E+05  0.33450E+05  0.50944E+05  0.28717E+00
  0.11831E+01  0.24632E+01  0.45975E+01  0.73543E+01  0.93554E+01  0.10817E+02
  0.11765E+02  0.12607E+02  0.12974E+02  0.13088E+02  0.12825E+02  0.12266E+02
  0.11191E+02  0.94069E+01  0.71876E+01  0.39598E+01  0.00000E+00  0.14680E+02
  0.31826E+02  0.59080E+02  0.94810E+02  0.13333E+03  0.19048E+03  0.26243E+03
  0.33713E+03  0.44396E+03  0.57467E+03  0.73989E+03  0.93042E+03  0.11720E+04
  0.14353E+04  0.17603E+04  0.24117E+04  0.31190E+04  0.41395E+04  0.56305E+04
  0.78345E+04  0.11129E+05  0.16101E+05  0.23670E+05  0.35273E+05  0.53177E+05
  0.46244E+00  0.19050E+01  0.39654E+01  0.73998E+01  0.11904E+02  0.15087E+02
  0.17538E+02  0.19018E+02  0.20392E+02  0.21016E+02  0.21160E+02  0.20706E+02
  0.19767E+02  0.17999E+02  0.15135E+02  0.11583E+02  0.64879E+01  0.17870E+00
  0.23053E+02  0.50383E+02  0.93537E+02  0.14957E+03  0.20910E+03  0.29645E+03
  0.40450E+03  0.51353E+03  0.66679E+03  0.84896E+03  0.10724E+04  0.13198E+04
  0.16232E+04  0.19372E+04  0.23119E+04  0.30802E+04  0.38734E+04  0.50020E+04
  0.66292E+04  0.90046E+04  0.12515E+05  0.17758E+05  0.25668E+05  0.37699E+05
  0.56141E+05  0.74218E+00  0.30570E+01  0.63626E+01  0.11871E+02  0.19235E+02
  0.24270E+02  0.28409E+02  0.30698E+02  0.32950E+02  0.34034E+02  0.34194E+02
  0.33415E+02  0.31838E+02  0.28925E+02  0.24329E+02  0.18635E+02  0.10580E+02
  0.42028E+00  0.36711E+02  0.80482E+02  0.14922E+03  0.23779E+03  0.33075E+03
  0.46592E+03  0.63064E+03  0.79275E+03  0.10172E+04  0.12770E+04  0.15866E+04
  0.19159E+04  0.23063E+04  0.26877E+04  0.31261E+04  0.40533E+04  0.49564E+04
  0.62235E+04  0.80249E+04  0.10620E+05  0.14407E+05  0.19998E+05  0.28346E+05
  0.40929E+05  0.60065E+05  0.11912E+01  0.49059E+01  0.10210E+02  0.19046E+02
  0.31149E+02  0.39084E+02  0.46157E+02  0.49665E+02  0.53393E+02  0.55315E+02
  0.55448E+02  0.54119E+02  0.51472E+02  0.46659E+02  0.39285E+02  0.30141E+02
  0.17401E+02  0.88206E+00  0.58594E+02  0.12894E+03  0.23895E+03  0.37979E+03
  0.52619E+03  0.73744E+03  0.99172E+03  0.12366E+04  0.15713E+04  0.19495E+04
  0.23885E+04  0.28373E+04  0.33516E+04  0.38234E+04  0.43430E+04  0.54887E+04
  0.65320E+04  0.79757E+04  0.99997E+04  0.12875E+05  0.17015E+05  0.23051E+05
  0.31958E+05  0.45246E+05  0.65269E+05  0.95261E+02  0.95250E+02  0.95227E+02
  0.95175E+02  0.95067E+02  0.94892E+02  0.94602E+02  0.94132E+02  0.93327E+02
  0.92019E+02  0.89811E+02  0.86569E+02  0.82022E+02  0.74270E+02  0.62450E+02
  0.47836E+02  0.27566E+02  0.13929E+01  0.94766E+02  0.20816E+03  0.38487E+03
  0.60999E+03  0.84213E+03  0.11751E+04  0.15717E+04  0.19469E+04  0.24539E+04
  0.30148E+04  0.36506E+04  0.42766E+04  0.49702E+04  0.55644E+04  0.61879E+04
  0.76381E+04  0.88608E+04  0.10530E+05  0.12839E+05  0.16073E+05  0.20665E+05
  0.27270E+05  0.36895E+05  0.51086E+05  0.72247E+05  0.15237E+03  0.15235E+03
  0.15230E+03  0.15220E+03  0.15201E+03  0.15171E+03  0.15122E+03  0.15044E+03
  0.14911E+03  0.14697E+03  0.14338E+03  0.13813E+03  0.13078E+03  0.11832E+03
  0.99382E+02  0.76023E+02  0.43734E+02  0.22052E+01  0.15351E+03  0.33671E+03
  0.62142E+03  0.98268E+03  0.13528E+04  0.18811E+04  0.25052E+04  0.30866E+04
  0.38649E+04  0.47105E+04  0.56490E+04  0.65411E+04  0.74978E+04  0.82598E+04
  0.90157E+04  0.10896E+05  0.12348E+05  0.14306E+05  0.16978E+05  0.20669E+05
  0.25838E+05  0.33170E+05  0.43710E+05  0.59054E+05  0.81669E+05  0.24374E+03
  0.24369E+03  0.24360E+03  0.24343E+03  0.24310E+03  0.24260E+03  0.24178E+03
  0.24048E+03  0.23831E+03  0.23482E+03  0.22901E+03  0.22052E+03  0.20868E+03
  0.18867E+03  0.15833E+03  0.12098E+03  0.69506E+02  0.34987E+01  0.24896E+03
  0.54545E+03  0.10052E+04  0.15868E+04  0.21796E+04  0.30223E+04  0.40112E+04
  0.49211E+04  0.61295E+04  0.74221E+04  0.88306E+04  0.10128E+05  0.11476E+05
  0.12471E+05  0.13396E+05  0.15894E+05  0.17637E+05  0.19963E+05  0.23099E+05
  0.27374E+05  0.33279E+05  0.41538E+05  0.53247E+05  0.70063E+05  0.94532E+05
  0.38992E+03  0.38982E+03  0.38966E+03  0.38936E+03  0.38882E+03  0.38797E+03
  0.38662E+03  0.38449E+03  0.38095E+03  0.37529E+03  0.36590E+03  0.35222E+03
  0.33316E+03  0.30104E+03  0.25246E+03  0.19275E+03  0.11061E+03  0.55604E+01
  0.40414E+03  0.88465E+03  0.16285E+04  0.25671E+04  0.35200E+04  0.48701E+04
  0.64458E+04  0.78810E+04  0.97748E+04  0.11774E+05  0.13919E+05  0.15839E+05
  0.17778E+05  0.19100E+05  0.20241E+05  0.23637E+05  0.25754E+05  0.28550E+05
  0.32277E+05  0.37298E+05  0.44142E+05  0.53585E+05  0.66785E+05  0.85480E+05
  0.11232E+06  0.62377E+03  0.62359E+03  0.62331E+03  0.62281E+03  0.62190E+03
  0.62051E+03  0.61829E+03  0.61482E+03  0.60907E+03  0.59993E+03  0.58478E+03
  0.56276E+03  0.53212E+03  0.48061E+03  0.40283E+03  0.30733E+03  0.17622E+03
  0.88487E+01  0.65656E+03  0.14362E+04  0.26415E+04  0.41592E+04  0.56951E+04
  0.78659E+04  0.10388E+05  0.12667E+05  0.15658E+05  0.18782E+05  0.22089E+05
  0.24977E+05  0.27819E+05  0.29608E+05  0.31024E+05  0.35747E+05  0.38339E+05
  0.41734E+05  0.46217E+05  0.52190E+05  0.60233E+05  0.71186E+05  0.86290E+05
  0.10738E+06  0.13724E+06  0.99787E+03  0.99757E+03  0.99709E+03  0.99626E+03
  0.99476E+03  0.99248E+03  0.98886E+03  0.98323E+03  0.97393E+03  0.95916E+03
  0.93478E+03  0.89939E+03  0.85019E+03  0.76761E+03  0.64310E+03  0.49038E+03
  0.28098E+03  0.14097E+02  0.10673E+04  0.23333E+04  0.42885E+04  0.67466E+04
  0.92280E+04  0.12728E+05  0.16780E+05  0.20417E+05  0.25171E+05  0.30093E+05
  0.35246E+05  0.39651E+05  0.43885E+05  0.46351E+05  0.48119E+05  0.54828E+05
  0.58027E+05  0.62188E+05  0.67635E+05  0.74822E+05  0.84396E+05  0.97277E+05
  0.11481E+06  0.13896E+06  0.17268E+06  0.15964E+04  0.15959E+04  0.15951E+04
  0.15937E+04  0.15913E+04  0.15875E+04  0.15817E+04  0.15725E+04  0.15575E+04
  0.15338E+04  0.14946E+04  0.14377E+04  0.13588E+04  0.12264E+04  0.10272E+04
  0.78288E+03  0.44833E+03  0.22477E+02  0.17357E+04  0.37929E+04  0.69675E+04
  0.10954E+05  0.14969E+05  0.20624E+05  0.27154E+05  0.32984E+05  0.40576E+05
  0.48383E+05  0.56481E+05  0.63281E+05  0.69688E+05  0.73148E+05  0.75365E+05
  0.85086E+05  0.89061E+05  0.94198E+05  0.10088E+06  0.10961E+06  0.12114E+06
  0.13648E+06  0.15712E+06  0.18518E+06  0.22381E+06  0.25540E+04  0.25532E+04
  0.25518E+04  0.25496E+04  0.25456E+04  0.25396E+04  0.25300E+04  0.25153E+04
  0.24911E+04  0.24529E+04  0.23899E+04  0.22987E+04  0.21721E+04  0.19601E+04
  0.16412E+04  0.12504E+04  0.71576E+03  0.35866E+02  0.28237E+04  0.61683E+04
  0.11326E+05  0.17797E+05  0.24304E+05  0.33458E+05  0.44004E+05  0.53378E+05
  0.65556E+05  0.78006E+05  0.90824E+05  0.10143E+06  0.11125E+06  0.11619E+06
  0.11898E+06  0.13332E+06  0.13829E+06  0.14467E+06  0.15292E+06  0.16364E+06
  0.17766E+06  0.19614E+06  0.22073E+06  0.25378E+06  0.29869E+06  0.40864E+04
  0.40850E+04  0.40828E+04  0.40791E+04  0.40727E+04  0.40629E+04  0.40475E+04
  0.40238E+04  0.39848E+04  0.39234E+04  0.38224E+04  0.36761E+04  0.34731E+04
  0.31336E+04  0.26231E+04  0.19980E+04  0.11433E+04  0.57263E+02  0.45955E+04
  0.10036E+05  0.18422E+05  0.28934E+05  0.39494E+05  0.54331E+05  0.71396E+05
  0.86515E+05  0.10611E+06  0.12606E+06  0.14647E+06  0.16315E+06  0.17836E+06
  0.18555E+06  0.18907E+06  0.21058E+06  0.21681E+06  0.22479E+06  0.23504E+06
  0.24828E+06  0.26548E+06  0.28798E+06  0.31762E+06  0.35703E+06  0.40997E+06
  0.65373E+04  0.65350E+04  0.65315E+04  0.65255E+04  0.65150E+04  0.64992E+04
  0.64745E+04  0.64363E+04  0.63737E+04  0.62751E+04  0.61130E+04  0.58785E+04
  0.55534E+04  0.50099E+04  0.41930E+04  0.31931E+04  0.18266E+04  0.91455E+02
  0.74797E+04  0.16332E+05  0.29970E+05  0.47056E+05  0.64202E+05  0.88276E+05
  0.11593E+06  0.14036E+06  0.17197E+06  0.20403E+06  0.23668E+06  0.26309E+06
  0.28690E+06  0.29751E+06  0.30197E+06  0.33469E+06  0.34253E+06  0.35254E+06
  0.36535E+06  0.38181E+06  0.40308E+06  0.43068E+06  0.46678E+06  0.51431E+06
  0.57748E+06  0.00000E+00  0.00000E+00  0.00000E+00  0.00000E+00  0.00000E+00
  0.00000E+00  0.00000E+00  0.00000E+00  0.00000E+00  0.00000E+00  0.00000E+00
  0.00000E+00  0.00000E+00  0.00000E+00  0.00000E+00  0.00000E+00  0.00000E+00
  0.00000E+00  0.00000E+00  0.00000E+00  0.00000E+00  0.00000E+00  0.00000E+00
  0.00000E+00  0.00000E+00  0.00000E+00  0.00000E+00  0.00000E+00  0.00000E+00
  0.00000E+00  0.00000E+00  0.00000E+00  0.00000E+00  0.72587E+03  0.11520E+04
  0.18284E+04  0.29020E+04  0.46059E+04  0.73112E+04  0.11605E+05  0.18422E+05
  0.29240E+05  0.46414E+05  0.00000E+00  0.00000E+00  0.00000E+00  0.00000E+00
  0.00000E+00  0.00000E+00  0.00000E+00  0.00000E+00  0.00000E+00  0.00000E+00
  0.00000E+00  0.00000E+00  0.00000E+00  0.00000E+00  0.00000E+00  0.00000E+00
  0.00000E+00  0.00000E+00  0.00000E+00  0.00000E+00  0.00000E+00  0.00000E+00
  0.00000E+00  0.00000E+00  0.00000E+00  0.00000E+00  0.00000E+00  0.00000E+00
  0.00000E+00  0.00000E+00  0.00000E+00  0.00000E+00  0.00000E+00  0.72605E+03
  0.11522E+04  0.18287E+04  0.29023E+04  0.46063E+04  0.73117E+04  0.11606E+05
  0.18422E+05  0.29241E+05  0.46415E+05  0.00000E+00  0.00000E+00  0.00000E+00
  0.00000E+00  0.00000E+00  0.00000E+00  0.00000E+00  0.00000E+00  0.00000E+00
  0.00000E+00  0.89462E-11  0.70341E-09  0.35252E-08  0.13908E-07  0.50361E-07
  0.15857E-06  0.47793E-06  0.13460E-05  0.28297E-05  0.57743E-05  0.12410E-04
  0.26436E-04  0.53577E-04  0.11247E-03  0.23252E-03  0.43461E-03  0.81755E-03
  0.15002E-02  0.27028E-02  0.46857E-02  0.79757E-02  0.12940E-01  0.20530E-01
  0.72628E+03  0.11525E+04  0.18290E+04  0.29028E+04  0.46069E+04  0.73124E+04
  0.11607E+05  0.18424E+05  0.29242E+05  0.46417E+05  0.00000E+00  0.00000E+00
  0.00000E+00  0.00000E+00  0.00000E+00  0.00000E+00  0.00000E+00  0.00000E+00
  0.00000E+00  0.00000E+00  0.86446E-08  0.66998E-06  0.33158E-05  0.12945E-04
  0.46460E-04  0.14522E-03  0.43504E-03  0.12192E-02  0.25531E-02  0.51930E-02
  0.11132E-01  0.23665E-01  0.47882E-01  0.10038E+00  0.20731E+00  0.38717E+00
  0.72781E+00  0.13349E+01  0.24039E+01  0.41659E+01  0.70891E+01  0.11499E+02
  0.18241E+02  0.72665E+03  0.11530E+04  0.18296E+04  0.29035E+04  0.46078E+04
  0.73135E+04  0.11608E+05  0.18425E+05  0.29244E+05  0.46419E+05  0.00000E+00
  0.00000E+00  0.00000E+00  0.00000E+00  0.00000E+00  0.00000E+00  0.00000E+00
  0.00000E+00  0.00000E+00  0.00000E+00  0.22347E-07  0.17016E-05  0.82910E-05
  0.31942E-04  0.11336E-03  0.35101E-03  0.10434E-02  0.29056E-02  0.60530E-02
  0.12261E-01  0.26194E-01  0.55534E-01  0.11212E+00  0.23464E+00  0.48393E+00
  0.90275E+00  0.16956E+01  0.31075E+01  0.55931E+01  0.96888E+01  0.16481E+02
  0.26726E+02  0.42387E+02  0.72713E+03  0.11536E+04  0.18304E+04  0.29044E+04
  0.46089E+04  0.73149E+04  0.11610E+05  0.18427E+05  0.29247E+05  0.46422E+05
  0.00000E+00  0.00000E+00  0.00000E+00  0.00000E+00  0.00000E+00  0.00000E+00
  0.00000E+00  0.00000E+00  0.00000E+00  0.00000E+00  0.76633E-07  0.57171E-05
  0.27347E-04  0.10515E-03  0.36288E-03  0.11105E-02  0.32688E-02  0.90304E-02
  0.18728E-01  0.37795E-01  0.80386E-01  0.16981E+00  0.34154E+00  0.71112E+00
  0.14639E+01  0.27269E+01  0.51158E+01  0.93673E+01  0.16847E+02  0.29167E+02
  0.49593E+02  0.80388E+02  0.12746E+03  0.72777E+03  0.11544E+04  0.18313E+04
  0.29057E+04  0.46104E+04  0.73168E+04  0.11612E+05  0.18430E+05  0.29250E+05
  0.46426E+05  0.00000E+00  0.00000E+00  0.00000E+00  0.00000E+00  0.00000E+00
  0.00000E+00  0.00000E+00  0.00000E+00  0.00000E+00  0.00000E+00  0.14003E-06
  0.10499E-04  0.49960E-04  0.19063E-03  0.65160E-03  0.19730E-02  0.57522E-02
  0.15757E-01  0.32457E-01  0.65108E-01  0.13770E+00  0.28947E+00  0.58008E+00
  0.12059E+01  0.24771E+01  0.46059E+01  0.86286E+01  0.15781E+02  0.28357E+02
  0.49058E+02  0.83364E+02  0.13507E+03  0.21406E+03  0.72836E+03  0.11550E+04
  0.18320E+04  0.29063E+04  0.46108E+04  0.73167E+04  0.11611E+05  0.18427E+05
  0.29244E+05  0.46415E+05  0.00000E+00  0.00000E+00  0.00000E+00  0.00000E+00
  0.00000E+00  0.00000E+00  0.00000E+00  0.00000E+00  0.00000E+00  0.00000E+00
  0.20038E-06  0.15008E-04  0.70625E-04  0.26594E-03  0.89587E-03  0.26732E-02
  0.76922E-02  0.20831E-01  0.42483E-01  0.84514E-01  0.17757E+00  0.37129E+00
  0.74067E+00  0.15337E+01  0.31412E+01  0.58267E+01  0.10895E+02  0.19895E+02
  0.35705E+02  0.61709E+02  0.10478E+03  0.16965E+03  0.26874E+03  0.72929E+03
  0.11561E+04  0.18333E+04  0.29077E+04  0.46123E+04  0.73181E+04  0.11612E+05
  0.18427E+05  0.29242E+05  0.46410E+05  0.00000E+00  0.00000E+00  0.00000E+00
  0.00000E+00  0.00000E+00  0.00000E+00  0.00000E+00  0.00000E+00  0.00000E+00
  0.00000E+00  0.25889E-06  0.20648E-04  0.98943E-04  0.37403E-03  0.12523E-02
  0.36934E-02  0.10499E-01  0.28097E-01  0.56686E-01  0.11171E+00  0.23294E+00
  0.48397E+00  0.96019E+00  0.19792E+01  0.40388E+01  0.74691E+01  0.13932E+02
  0.25393E+02  0.45502E+02  0.78542E+02  0.13322E+03  0.21553E+03  0.34118E+03
  0.73022E+03  0.11571E+04  0.18342E+04  0.29084E+04  0.46124E+04  0.73169E+04
  0.11608E+05  0.18420E+05  0.29228E+05  0.46384E+05  0.00000E+00  0.00000E+00
  0.00000E+00  0.00000E+00  0.00000E+00  0.00000E+00  0.00000E+00  0.00000E+00
  0.00000E+00  0.00000E+00  0.33884E-06  0.27205E-04  0.12902E-03  0.47669E-03
  0.15627E-02  0.45018E-02  0.12533E-01  0.32912E-01  0.65346E-01  0.12703E+00
  0.26191E+00  0.53904E+00  0.10611E+01  0.21731E+01  0.44119E+01  0.81249E+01
  0.15104E+02  0.27455E+02  0.49088E+02  0.84583E+02  0.14327E+03  0.23152E+03
  0.36616E+03  0.73210E+03  0.11594E+04  0.18370E+04  0.29118E+04  0.46165E+04
  0.73219E+04  0.11614E+05  0.18426E+05  0.29235E+05  0.46390E+05  0.00000E+00
  0.00000E+00  0.00000E+00  0.00000E+00  0.00000E+00  0.00000E+00  0.00000E+00
  0.00000E+00  0.00000E+00  0.00000E+00  0.46499E-06  0.37765E-04  0.17743E-03
  0.63963E-03  0.20486E-02  0.57463E-02  0.15615E-01  0.40091E-01  0.78079E-01
  0.14926E+00  0.30340E+00  0.61704E+00  0.12026E+01  0.24425E+01  0.49262E+01
  0.90225E+01  0.16699E+02  0.30245E+02  0.53922E+02  0.92698E+02  0.15673E+03
  0.25289E+03  0.39948E+03  0.73464E+03  0.11626E+04  0.18409E+04  0.29166E+04
  0.46223E+04  0.73289E+04  0.11622E+05  0.18436E+05  0.29246E+05  0.46402E+05
  0.00000E+00  0.00000E+00  0.00000E+00  0.00000E+00  0.00000E+00  0.00000E+00
  0.00000E+00  0.00000E+00  0.00000E+00  0.00000E+00  0.44821E-06  0.44333E-04
  0.21852E-03  0.80203E-03  0.25506E-02  0.70405E-02  0.18761E-01  0.47212E-01
  0.90048E-01  0.16882E+00  0.33737E+00  0.67570E+00  0.12987E+01  0.26053E+01
  0.51968E+01  0.94741E+01  0.17563E+02  0.31793E+02  0.56478E+02  0.96807E+02
  0.16329E+03  0.26297E+03  0.41476E+03  0.73745E+03  0.11658E+04  0.18447E+04
  0.29207E+04  0.46265E+04  0.73326E+04  0.11625E+05  0.18435E+05  0.29238E+05
  0.46383E+05  0.00000E+00  0.00000E+00  0.00000E+00  0.00000E+00  0.00000E+00
  0.00000E+00  0.00000E+00  0.90293E-06  0.13384E-05  0.73600E-06  0.86088E-06
  0.54671E-04  0.28434E-03  0.10629E-02  0.33467E-02  0.90621E-02  0.23592E-01
  0.57976E-01  0.10791E+00  0.19766E+00  0.38679E+00  0.75996E+00  0.14351E+01
  0.28336E+01  0.55705E+01  0.10093E+02  0.18738E+02  0.33883E+02  0.59906E+02
  0.10229E+03  0.17200E+03  0.27630E+03  0.43488E+03  0.74142E+03  0.11706E+04
  0.18502E+04  0.29271E+04  0.46336E+04  0.73399E+04  0.11631E+05  0.18439E+05
  0.29238E+05  0.46372E+05  0.00000E+00  0.00000E+00  0.00000E+00  0.00000E+00
  0.00000E+00  0.00000E+00  0.00000E+00  0.16309E-03  0.25856E-03  0.18889E-03
  0.17317E-04  0.31229E-03  0.10516E-02  0.28788E-02  0.72162E-02  0.16436E-01
  0.37377E-01  0.82673E-01  0.14889E+00  0.26327E+00  0.49555E+00  0.93505E+00
  0.16969E+01  0.32337E+01  0.60596E+01  0.10764E+02  0.19585E+02  0.34940E+02
  0.61396E+02  0.10431E+03  0.17468E+03  0.27967E+03  0.43902E+03  0.74692E+03
  0.11772E+04  0.18582E+04  0.29365E+04  0.46444E+04  0.73520E+04  0.11644E+05
  0.18452E+05  0.29247E+05  0.46374E+05  0.00000E+00  0.00000E+00  0.00000E+00
  0.00000E+00  0.00000E+00  0.00000E+00  0.00000E+00  0.98537E-03  0.13809E-02
  0.12905E-02  0.82863E-03  0.14632E-03  0.10772E-02  0.41476E-02  0.10888E-01
  0.23843E-01  0.51629E-01  0.10812E+00  0.18992E+00  0.32666E+00  0.60027E+00
  0.11054E+01  0.19514E+01  0.35954E+01  0.65795E+01  0.11484E+02  0.20572E+02
  0.36269E+02  0.63250E+02  0.10678E+03  0.17791E+03  0.28363E+03  0.44368E+03
  0.75292E+03  0.11840E+04  0.18656E+04  0.29438E+04  0.46507E+04  0.73553E+04
  0.11641E+05  0.18436E+05  0.29208E+05  0.46295E+05  0.24911E-04  0.29402E-04
  0.35117E-04  0.42367E-04  0.63428E-04  0.20237E-03  0.37824E-03  0.40477E-02
  0.49453E-02  0.51579E-02  0.45776E-02  0.20890E-02  0.12551E-02  0.30361E-02
  0.12247E-01  0.29351E-01  0.64578E-01  0.13306E+00  0.23154E+00  0.39135E+00
  0.70624E+00  0.12749E+01  0.22044E+01  0.39864E+01  0.71717E+01  0.12325E+02
  0.21792E+02  0.37993E+02  0.65640E+02  0.10995E+03  0.18200E+03  0.28855E+03
  0.44933E+03  0.76003E+03  0.11917E+04  0.18732E+04  0.29503E+04  0.46540E+04
  0.73515E+04  0.11624E+05  0.18394E+05  0.29125E+05  0.46142E+05  0.27094E-03
  0.31938E-03  0.38090E-03  0.45892E-03  0.68653E-03  0.21902E-02  0.41002E-02
  0.11593E-01  0.14021E-01  0.15105E-01  0.14640E-01  0.99347E-02  0.92396E-02
  0.25013E-02  0.10321E-01  0.33194E-01  0.79066E-01  0.16577E+00  0.28857E+00
  0.48144E+00  0.85515E+00  0.15132E+01  0.25585E+01  0.45311E+01  0.79921E+01
  0.13483E+02  0.23464E+02  0.40348E+02  0.68896E+02  0.11425E+03  0.18756E+03
  0.29527E+03  0.45709E+03  0.76989E+03  0.12025E+04  0.18844E+04  0.29606E+04
  0.46609E+04  0.73508E+04  0.11608E+05  0.18351E+05  0.29033E+05  0.45966E+05
  0.13010E-02  0.15319E-02  0.18247E-02  0.21956E-02  0.32807E-02  0.10456E-01
  0.19568E-01  0.31538E-01  0.37428E-01  0.41007E-01  0.41793E-01  0.36442E-01
  0.33198E-01  0.19288E-01  0.00000E+00  0.31773E-01  0.93583E-01  0.20683E+00
  0.36598E+00  0.60726E+00  0.10665E+01  0.18526E+01  0.30607E+01  0.52999E+01
  0.91428E+01  0.15097E+02  0.25781E+02  0.43594E+02  0.73367E+02  0.12015E+03
  0.19518E+03  0.30451E+03  0.46784E+03  0.78364E+03  0.12179E+04  0.19009E+04
  0.29768E+04  0.46743E+04  0.73566E+04  0.11598E+05  0.18311E+05  0.28939E+05
  0.45778E+05  0.45438E-02  0.51919E-02  0.64003E-02  0.92767E-02  0.15912E-01
  0.35477E-01  0.58697E-01  0.76028E-01  0.88095E-01  0.95826E-01  0.98695E-01
  0.95680E-01  0.85932E-01  0.58987E-01  0.23668E-01  0.21968E-01  0.11028E+00
  0.26733E+00  0.48406E+00  0.80044E+00  0.13900E+01  0.23680E+01  0.38157E+01
  0.64425E+01  0.10834E+02  0.17448E+02  0.29130E+02  0.48262E+02  0.79776E+02
  0.12862E+03  0.20616E+03  0.31798E+03  0.48387E+03  0.80456E+03  0.12424E+04
  0.19290E+04  0.30082E+04  0.47076E+04  0.73888E+04  0.11623E+05  0.18319E+05
  0.28911E+05  0.45685E+05  0.13246E-01  0.14589E-01  0.18612E-01  0.31761E-01
  0.58568E-01  0.97089E-01  0.13686E+00  0.17016E+00  0.19282E+00  0.20542E+00
  0.21012E+00  0.20684E+00  0.19298E+00  0.15578E+00  0.81677E-01  0.61640E-02
  0.11966E+00  0.34767E+00  0.65571E+00  0.10886E+01  0.18776E+01  0.31435E+01
  0.49428E+01  0.81323E+01  0.13309E+02  0.20852E+02  0.33929E+02  0.54892E+02
  0.88812E+02  0.14049E+03  0.22151E+03  0.33684E+03  0.50642E+03  0.83412E+03
  0.12775E+04  0.19702E+04  0.30557E+04  0.47609E+04  0.74461E+04  0.11680E+05
  0.18366E+05  0.28933E+05  0.45652E+05  0.34160E-01  0.37055E-01  0.46698E-01
  0.79637E-01  0.13740E+00  0.22031E+00  0.30446E+00  0.37183E+00  0.41886E+00
  0.44615E+00  0.46689E+00  0.46493E+00  0.44161E+00  0.38286E+00  0.27444E+00
  0.97393E-01  0.56313E-01  0.39881E+00  0.84992E+00  0.14614E+01  0.25535E+01
  0.42490E+01  0.65589E+01  0.10558E+02  0.16844E+02  0.25666E+02  0.40655E+02
  0.64086E+02  0.10122E+03  0.15662E+03  0.24216E+03  0.36192E+03  0.53606E+03
  0.87267E+03  0.13227E+04  0.20225E+04  0.31149E+04  0.48255E+04  0.75123E+04
  0.11740E+05  0.18406E+05  0.28926E+05  0.45553E+05  0.78299E-01  0.89114E-01
  0.11482E+00  0.18904E+00  0.30670E+00  0.47112E+00  0.63393E+00  0.76849E+00
  0.87004E+00  0.92863E+00  0.96970E+00  0.97173E+00  0.93367E+00  0.82931E+00
  0.65399E+00  0.41031E+00  0.35671E-01  0.41107E+00  0.10962E+01  0.20190E+01
  0.35968E+01  0.59674E+01  0.90610E+01  0.14284E+02  0.22218E+02  0.32898E+02
  0.50636E+02  0.77579E+02  0.11924E+03  0.17986E+03  0.27175E+03  0.39781E+03
  0.57862E+03  0.92818E+03  0.13886E+04  0.21004E+04  0.32061E+04  0.49306E+04
  0.76302E+04  0.11867E+05  0.18532E+05  0.29034E+05  0.45608E+05  0.16184E+00
  0.19804E+00  0.27204E+00  0.46348E+00  0.70474E+00  0.10086E+01  0.13440E+01
  0.16028E+01  0.18125E+01  0.19351E+01  0.20095E+01  0.20230E+01  0.19917E+01
  0.18209E+01  0.15129E+01  0.11168E+01  0.50944E+00  0.26375E+00  0.13434E+01
  0.27166E+01  0.50728E+01  0.85066E+01  0.12803E+02  0.19882E+02  0.30262E+02
  0.43625E+02  0.65289E+02  0.97157E+02  0.14507E+03  0.21278E+03  0.31322E+03
  0.44757E+03  0.63711E+03  0.10040E+04  0.14782E+04  0.22058E+04  0.33292E+04
  0.50723E+04  0.77898E+04  0.12040E+05  0.18707E+05  0.29189E+05  0.45702E+05
  0.31799E+00  0.38903E+00  0.53423E+00  0.90988E+00  0.13830E+01  0.19785E+01
  0.26353E+01  0.31417E+01  0.35521E+01  0.37934E+01  0.39439E+01  0.39805E+01
  0.39373E+01  0.36423E+01  0.31096E+01  0.24331E+01  0.13835E+01  0.14638E+00
  0.16009E+01  0.37673E+01  0.74155E+01  0.12585E+02  0.18804E+02  0.28804E+02
  0.42961E+02  0.60357E+02  0.87853E+02  0.12690E+03  0.18382E+03  0.26157E+03
  0.37404E+03  0.52006E+03  0.72202E+03  0.11137E+04  0.16083E+04  0.23605E+04
  0.35130E+04  0.52899E+04  0.80454E+04  0.12336E+05  0.19043E+05  0.29556E+05
  0.46080E+05  0.58696E+00  0.71794E+00  0.98567E+00  0.16783E+01  0.25501E+01
  0.36465E+01  0.48549E+01  0.57846E+01  0.65367E+01  0.69773E+01  0.72523E+01
  0.73203E+01  0.72460E+01  0.67248E+01  0.57910E+01  0.46165E+01  0.27951E+01
  0.73961E+00  0.21625E+01  0.56872E+01  0.11518E+02  0.19575E+02  0.28940E+02
  0.43644E+02  0.63768E+02  0.87384E+02  0.12374E+03  0.17350E+03  0.24360E+03
  0.33584E+03  0.46548E+03  0.62804E+03  0.84776E+03  0.12751E+04  0.17999E+04
  0.25896E+04  0.37884E+04  0.56222E+04  0.84471E+04  0.12821E+05  0.19628E+05
  0.30258E+05  0.46914E+05  0.10539E+01  0.12889E+01  0.17692E+01  0.30117E+01
  0.45749E+01  0.65397E+01  0.87031E+01  0.10365E+02  0.11706E+02  0.12487E+02
  0.12971E+02  0.13085E+02  0.12946E+02  0.12020E+02  0.10377E+02  0.83262E+01
  0.51603E+01  0.16758E+01  0.32191E+01  0.90672E+01  0.18593E+02  0.31483E+02
  0.46025E+02  0.68375E+02  0.98025E+02  0.13131E+03  0.18126E+03  0.24707E+03
  0.33656E+03  0.44955E+03  0.60343E+03  0.78874E+03  0.10327E+04  0.15098E+04
  0.20761E+04  0.29179E+04  0.41819E+04  0.60972E+04  0.90235E+04  0.13524E+05
  0.20487E+05  0.31308E+05  0.48198E+05  0.18682E+01  0.22845E+01  0.31354E+01
  0.53362E+01  0.81042E+01  0.11581E+02  0.15407E+02  0.18341E+02  0.20704E+02
  0.22072E+02  0.22913E+02  0.23098E+02  0.22834E+02  0.21190E+02  0.18300E+02
  0.14711E+02  0.92010E+01  0.32267E+01  0.51130E+01  0.14950E+02  0.30770E+02
  0.51812E+02  0.74963E+02  0.10989E+03  0.15497E+03  0.20353E+03  0.27464E+03
  0.36491E+03  0.48328E+03  0.62630E+03  0.81452E+03  0.10309E+04  0.13072E+04
  0.18532E+04  0.24755E+04  0.33876E+04  0.47399E+04  0.67661E+04  0.98316E+04
  0.14506E+05  0.21688E+05  0.32782E+05  0.50012E+05  0.33117E+01  0.40492E+01
  0.55568E+01  0.94561E+01  0.14359E+02  0.20515E+02  0.27286E+02  0.32472E+02
  0.36642E+02  0.39048E+02  0.40518E+02  0.40826E+02  0.40342E+02  0.37434E+02
  0.32354E+02  0.26070E+02  0.16457E+02  0.61697E+01  0.81347E+01  0.24839E+02
  0.51435E+02  0.86322E+02  0.12392E+03  0.17978E+03  0.25016E+03  0.32321E+03
  0.42784E+03  0.55596E+03  0.71805E+03  0.90510E+03  0.11424E+04  0.14011E+04
  0.17203E+04  0.23621E+04  0.30584E+04  0.40636E+04  0.55330E+04  0.77064E+04
  0.10957E+05  0.15864E+05  0.23336E+05  0.34794E+05  0.52480E+05  0.57980E+01
  0.70888E+01  0.97271E+01  0.16551E+02  0.25129E+02  0.35897E+02  0.47733E+02
  0.56789E+02  0.64059E+02  0.68235E+02  0.70766E+02  0.71253E+02  0.70348E+02
  0.65205E+02  0.56279E+02  0.45268E+02  0.28515E+02  0.10661E+02  0.14009E+02
  0.42598E+02  0.87754E+02  0.14634E+03  0.20844E+03  0.29953E+03  0.41199E+03
  0.52501E+03  0.68369E+03  0.87164E+03  0.11014E+04  0.13543E+04  0.16633E+04
  0.19804E+04  0.23568E+04  0.31337E+04  0.39289E+04  0.50587E+04  0.66851E+04
  0.90562E+04  0.12556E+05  0.17777E+05  0.25644E+05  0.37601E+05  0.55914E+05
  0.10277E+02  0.12564E+02  0.17240E+02  0.29332E+02  0.44529E+02  0.63603E+02
  0.84565E+02  0.10059E+03  0.11346E+03  0.12083E+03  0.12530E+03  0.12615E+03
  0.12455E+03  0.11550E+03  0.99836E+02  0.80557E+02  0.51243E+02  0.20330E+02
  0.22360E+02  0.71536E+02  0.14873E+03  0.24803E+03  0.35190E+03  0.50269E+03
  0.68580E+03  0.86476E+03  0.11118E+04  0.13956E+04  0.17315E+04  0.20846E+04
  0.24993E+04  0.28971E+04  0.33487E+04  0.43173E+04  0.52423E+04  0.65356E+04
  0.83677E+04  0.10997E+05  0.14823E+05  0.20453E+05  0.28834E+05  0.41436E+05
  0.60559E+05  0.17996E+02  0.22000E+02  0.30185E+02  0.51353E+02  0.77954E+02
  0.11134E+03  0.14801E+03  0.17604E+03  0.19850E+03  0.21136E+03  0.21910E+03
  0.22050E+03  0.21759E+03  0.20166E+03  0.17417E+03  0.14039E+03  0.89193E+02
  0.35330E+02  0.38782E+02  0.12377E+03  0.25655E+03  0.42619E+03  0.60181E+03
  0.85467E+03  0.11576E+04  0.14470E+04  0.18406E+04  0.22811E+04  0.27873E+04
  0.32962E+04  0.38709E+04  0.43825E+04  0.49341E+04  0.61812E+04  0.72792E+04
  0.87904E+04  0.10897E+05  0.13873E+05  0.18134E+05  0.24313E+05  0.33387E+05
  0.46861E+05  0.67082E+05  0.31510E+02  0.38520E+02  0.52848E+02  0.89906E+02
  0.13647E+03  0.19489E+03  0.25907E+03  0.30809E+03  0.34735E+03  0.36977E+03
  0.38323E+03  0.38556E+03  0.38034E+03  0.35231E+03  0.30410E+03  0.24494E+03
  0.15547E+03  0.61508E+02  0.67416E+02  0.21475E+03  0.44409E+03  0.73557E+03
  0.10349E+04  0.14631E+04  0.19707E+04  0.24463E+04  0.30857E+04  0.37853E+04
  0.45687E+04  0.53239E+04  0.61448E+04  0.68185E+04  0.75026E+04  0.91601E+04
  0.10487E+05  0.12287E+05  0.14757E+05  0.18190E+05  0.23028E+05  0.29934E+05
  0.39924E+05  0.54551E+05  0.76226E+05  0.55179E+02  0.67453E+02  0.92542E+02
  0.15743E+03  0.23895E+03  0.34123E+03  0.45355E+03  0.53932E+03  0.60799E+03
  0.64714E+03  0.67056E+03  0.67450E+03  0.66516E+03  0.61592E+03  0.53139E+03
  0.42778E+03  0.27131E+03  0.10725E+03  0.11741E+03  0.37347E+03  0.77093E+03
  0.12741E+04  0.17876E+04  0.25184E+04  0.33775E+04  0.41703E+04  0.52256E+04
  0.63589E+04  0.75998E+04  0.87517E+04  0.99590E+04  0.10867E+05  0.11727E+05
  0.14001E+05  0.15631E+05  0.17812E+05  0.20763E+05  0.24802E+05  0.30404E+05
  0.38272E+05  0.49473E+05  0.65627E+05  0.89226E+05  0.13805E+04  0.13801E+04
  0.13795E+04  0.13784E+04  0.13765E+04  0.13737E+04  0.13692E+04  0.13623E+04
  0.13508E+04  0.13327E+04  0.13029E+04  0.12597E+04  0.11997E+04  0.10993E+04
  0.94809E+03  0.76289E+03  0.50946E+03  0.18720E+03  0.20477E+03  0.65065E+03
  0.13412E+04  0.22129E+04  0.30980E+04  0.43530E+04  0.58186E+04  0.71547E+04
  0.89195E+04  0.10786E+05  0.12791E+05  0.14592E+05  0.16416E+05  0.17670E+05
  0.18762E+05  0.21981E+05  0.24012E+05  0.26698E+05  0.30286E+05  0.35127E+05
  0.41739E+05  0.50880E+05  0.63685E+05  0.81860E+05  0.10800E+06  0.24174E+04
  0.24166E+04  0.24155E+04  0.24136E+04  0.24103E+04  0.24052E+04  0.23972E+04
  0.23849E+04  0.23648E+04  0.23329E+04  0.22805E+04  0.22045E+04  0.20992E+04
  0.19231E+04  0.16582E+04  0.13338E+04  0.89035E+03  0.32699E+03  0.35745E+03
  0.11348E+04  0.23369E+04  0.38506E+04  0.53821E+04  0.75469E+04  0.10062E+05
  0.12334E+05  0.15315E+05  0.18429E+05  0.21724E+05  0.24599E+05  0.27426E+05
  0.29200E+05  0.30598E+05  0.35292E+05  0.37853E+05  0.41208E+05  0.45638E+05
  0.51540E+05  0.59489E+05  0.70314E+05  0.85242E+05  0.10609E+06  0.13560E+06
  0.42335E+04  0.42322E+04  0.42302E+04  0.42267E+04  0.42208E+04  0.42118E+04
  0.41978E+04  0.41760E+04  0.41405E+04  0.40844E+04  0.39923E+04  0.38591E+04
  0.36743E+04  0.33654E+04  0.29012E+04  0.23331E+04  0.15569E+04  0.57158E+03
  0.62450E+03  0.19814E+04  0.40771E+04  0.67113E+04  0.93690E+04  0.13117E+05
  0.17455E+05  0.21343E+05  0.26423E+05  0.31676E+05  0.37165E+05  0.41841E+05
  0.46320E+05  0.48889E+05  0.50694E+05  0.57735E+05  0.60998E+05  0.65238E+05
  0.70782E+05  0.78089E+05  0.87807E+05  0.10086E+06  0.11860E+06  0.14299E+06
  0.17696E+06  0.74136E+04  0.74112E+04  0.74077E+04  0.74016E+04  0.73911E+04
  0.73752E+04  0.73504E+04  0.73122E+04  0.72497E+04  0.71512E+04  0.69895E+04
  0.67557E+04  0.64315E+04  0.58902E+04  0.50770E+04  0.40821E+04  0.27234E+04
  0.99951E+03  0.10916E+04  0.34620E+04  0.71193E+04  0.11710E+05  0.16332E+05
  0.22839E+05  0.30347E+05  0.37039E+05  0.45748E+05  0.54684E+05  0.63930E+05
  0.71654E+05  0.78886E+05  0.82698E+05  0.85040E+05  0.95878E+05  0.10007E+06
  0.10548E+06  0.11250E+06  0.12166E+06  0.13372E+06  0.14973E+06  0.17118E+06
  0.20025E+06  0.24012E+06  0.12983E+05  0.12979E+05  0.12973E+05  0.12962E+05
  0.12943E+05  0.12915E+05  0.12872E+05  0.12804E+05  0.12695E+05  0.12522E+05
  0.12238E+05  0.11828E+05  0.11260E+05  0.10311E+05  0.88865E+04  0.71441E+04
  0.47654E+04  0.17485E+04  0.19092E+04  0.60524E+04  0.12441E+05  0.20452E+05
  0.28504E+05  0.39824E+05  0.52856E+05  0.64420E+05  0.79426E+05  0.94733E+05
  0.11045E+06  0.12336E+06  0.13524E+06  0.14103E+06  0.14408E+06  0.16115E+06
  0.16657E+06  0.17353E+06  0.18250E+06  0.19413E+06  0.20929E+06  0.22919E+06
  0.25557E+06  0.29083E+06  0.33851E+06  0.22736E+05  0.22729E+05  0.22718E+05
  0.22699E+05  0.22666E+05  0.22617E+05  0.22540E+05  0.22422E+05  0.22229E+05
  0.21926E+05  0.21428E+05  0.20709E+05  0.19713E+05  0.18051E+05  0.15556E+05
  0.12504E+05  0.83398E+04  0.30596E+04  0.33399E+04  0.10585E+05  0.21751E+05
  0.35741E+05  0.49786E+05  0.69512E+05  0.92179E+05  0.11223E+06  0.13818E+06
  0.16454E+06  0.19142E+06  0.21325E+06  0.23301E+06  0.24200E+06  0.24599E+06
  0.27343E+06  0.28048E+06  0.28949E+06  0.30105E+06  0.31592E+06  0.33518E+06
  0.36026E+06  0.39314E+06  0.43660E+06  0.49462E+06  0.39815E+05  0.39802E+05
  0.39782E+05  0.39748E+05  0.39691E+05  0.39604E+05  0.39470E+05  0.39262E+05
  0.38924E+05  0.38392E+05  0.37520E+05  0.36260E+05  0.34515E+05  0.31603E+05
  0.27233E+05  0.21889E+05  0.14597E+05  0.53545E+04  0.58442E+04  0.18518E+05
  0.38042E+05  0.62490E+05  0.87011E+05  0.12142E+06  0.16091E+06  0.19575E+06
  0.24078E+06  0.28633E+06  0.33259E+06  0.36977E+06  0.40302E+06  0.41726E+06
  0.42250E+06  0.46737E+06  0.47657E+06  0.48829E+06  0.50326E+06  0.52245E+06
  0.54713E+06  0.57904E+06  0.62054E+06  0.67485E+06  0.74654E+06  0.69733E+05
  0.69709E+05  0.69674E+05  0.69615E+05  0.69514E+05  0.69363E+05  0.69126E+05
  0.68762E+05  0.68169E+05  0.67236E+05  0.65708E+05  0.63500E+05  0.60441E+05
  0.55340E+05  0.47685E+05  0.38326E+05  0.25557E+05  0.93736E+04  0.10230E+05
  0.32409E+05  0.66565E+05  0.10932E+06  0.15217E+06  0.21226E+06  0.28116E+06
  0.34182E+06  0.42013E+06  0.49912E+06  0.57904E+06  0.64280E+06  0.69926E+06
  0.72223E+06  0.72912E+06  0.80355E+06  0.81560E+06  0.83092E+06  0.85041E+06
  0.87530E+06  0.90717E+06  0.94812E+06  0.10010E+07  0.10697E+07  0.11595E+07
  0.12212E+06  0.12208E+06  0.12202E+06  0.12191E+06  0.12174E+06  0.12147E+06
  0.12106E+06  0.12042E+06  0.11938E+06  0.11774E+06  0.11507E+06  0.11120E+06
  0.10584E+06  0.96903E+05  0.83495E+05  0.67104E+05  0.44744E+05  0.16410E+05
  0.17907E+05  0.56726E+05  0.11649E+06  0.19127E+06  0.26618E+06  0.37120E+06
  0.49151E+06  0.59727E+06  0.73366E+06  0.87097E+06  0.10095E+07  0.11193E+07
  0.12159E+07  0.12535E+07  0.12626E+07  0.13875E+07  0.14034E+07  0.14234E+07
  0.14489E+07  0.14813E+07  0.15227E+07  0.15756E+07  0.16436E+07  0.17313E+07
  0.18450E+07  0.21387E+06  0.21379E+06  0.21369E+06  0.21350E+06  0.21319E+06
  0.21273E+06  0.21200E+06  0.21088E+06  0.20906E+06  0.20619E+06  0.20150E+06
  0.19472E+06  0.18534E+06  0.16969E+06  0.14620E+06  0.11750E+06  0.78342E+05
  0.28731E+05  0.31349E+05  0.99300E+05  0.20390E+06  0.33474E+06  0.46576E+06
  0.64937E+06  0.85959E+06  0.10442E+07  0.12821E+07  0.15212E+07  0.17619E+07
  0.19519E+07  0.21179E+07  0.21804E+07  0.21924E+07  0.24041E+07  0.24249E+07
  0.24512E+07  0.24847E+07  0.25271E+07  0.25810E+07  0.26498E+07  0.27377E+07
  0.28506E+07  0.29960E+07  0.00000E+00  0.00000E+00  0.00000E+00  0.00000E+00
  0.00000E+00  0.00000E+00  0.00000E+00  0.00000E+00  0.00000E+00  0.00000E+00
  0.00000E+00  0.00000E+00  0.00000E+00  0.00000E+00  0.00000E+00  0.00000E+00
  0.00000E+00  0.00000E+00  0.00000E+00  0.00000E+00  0.00000E+00  0.00000E+00
  0.00000E+00  0.00000E+00  0.00000E+00  0.00000E+00  0.00000E+00  0.00000E+00
  0.00000E+00  0.00000E+00  0.00000E+00  0.00000E+00  0.00000E+00  0.72596E+03
  0.11521E+04  0.18285E+04  0.29022E+04  0.46061E+04  0.73115E+04  0.11605E+05
  0.18422E+05  0.29241E+05  0.46415E+05  0.00000E+00  0.00000E+00  0.00000E+00
  0.00000E+00  0.00000E+00  0.00000E+00  0.00000E+00  0.00000E+00  0.00000E+00
  0.00000E+00  0.00000E+00  0.00000E+00  0.00000E+00  0.00000E+00  0.00000E+00
  0.00000E+00  0.00000E+00  0.00000E+00  0.00000E+00  0.00000E+00  0.00000E+00
  0.00000E+00  0.00000E+00  0.00000E+00  0.00000E+00  0.00000E+00  0.00000E+00
  0.00000E+00  0.00000E+00  0.00000E+00  0.00000E+00  0.00000E+00  0.00000E+00
  0.72617E+03  0.11524E+04  0.18289E+04  0.29026E+04  0.46066E+04  0.73121E+04
  0.11606E+05  0.18423E+05  0.29242E+05  0.46416E+05  0.00000E+00  0.00000E+00
  0.00000E+00  0.00000E+00  0.00000E+00  0.00000E+00  0.00000E+00  0.00000E+00
  0.00000E+00  0.00000E+00  0.00000E+00  0.00000E+00  0.00000E+00  0.00000E+00
  0.00000E+00  0.00000E+00  0.00000E+00  0.00000E+00  0.00000E+00  0.00000E+00
  0.00000E+00  0.00000E+00  0.00000E+00  0.00000E+00  0.00000E+00  0.00000E+00
  0.00000E+00  0.00000E+00  0.00000E+00  0.00000E+00  0.00000E+00  0.00000E+00
  0.00000E+00  0.72644E+03  0.11527E+04  0.18293E+04  0.29031E+04  0.46073E+04
  0.73129E+04  0.11607E+05  0.18424E+05  0.29243E+05  0.46418E+05  0.00000E+00
  0.00000E+00  0.00000E+00  0.00000E+00  0.00000E+00  0.00000E+00  0.00000E+00
  0.00000E+00  0.00000E+00  0.00000E+00  0.90788E-08  0.70035E-06  0.34519E-05
  0.13621E-04  0.48061E-04  0.14986E-03  0.44805E-03  0.12536E-02  0.26217E-02
  0.53365E-02  0.11496E-01  0.24319E-01  0.49013E-01  0.10274E+00  0.21254E+00
  0.39589E+00  0.74405E+00  0.13644E+01  0.24567E+01  0.42571E+01  0.72436E+01
  0.11748E+02  0.18636E+02  0.72677E+03  0.11531E+04  0.18298E+04  0.29037E+04
  0.46081E+04  0.73138E+04  0.11608E+05  0.18426E+05  0.29245E+05  0.46420E+05
  0.00000E+00  0.00000E+00  0.00000E+00  0.00000E+00  0.00000E+00  0.00000E+00
  0.00000E+00  0.00000E+00  0.00000E+00  0.00000E+00  0.22495E-07  0.17096E-05
  0.83164E-05  0.32447E-04  0.11339E-03  0.35071E-03  0.10416E-02  0.28983E-02
  0.60341E-02  0.12238E-01  0.26288E-01  0.55480E-01  0.11160E+00  0.23358E+00
  0.48264E+00  0.89814E+00  0.16867E+01  0.30910E+01  0.55630E+01  0.96362E+01
  0.16391E+02  0.26579E+02  0.42152E+02  0.72719E+03  0.11536E+04  0.18304E+04
  0.29045E+04  0.46090E+04  0.73151E+04  0.11610E+05  0.18427E+05  0.29247E+05
  0.46422E+05  0.00000E+00  0.00000E+00  0.00000E+00  0.00000E+00  0.00000E+00
  0.00000E+00  0.00000E+00  0.00000E+00  0.00000E+00  0.00000E+00  0.75585E-07
  0.56525E-05  0.27092E-04  0.10434E-03  0.36057E-03  0.11045E-02  0.32541E-02
  0.89961E-02  0.18668E-01  0.37690E-01  0.80193E-01  0.16945E+00  0.34090E+00
  0.70993E+00  0.14622E+01  0.27230E+01  0.51089E+01  0.93554E+01  0.16827E+02
  0.29133E+02  0.49537E+02  0.80301E+02  0.12732E+03  0.72771E+03  0.11543E+04
  0.18312E+04  0.29055E+04  0.46103E+04  0.73165E+04  0.11612E+05  0.18429E+05
  0.29249E+05  0.46425E+05  0.00000E+00  0.00000E+00  0.00000E+00  0.00000E+00
  0.00000E+00  0.00000E+00  0.00000E+00  0.00000E+00  0.00000E+00  0.00000E+00
  0.13128E-06  0.99812E-05  0.47952E-04  0.18434E-03  0.63364E-03  0.19267E-02
  0.56359E-02  0.15479E-01  0.31950E-01  0.64186E-01  0.13586E+00  0.28604E+00
  0.57387E+00  0.11938E+01  0.24534E+01  0.45642E+01  0.85535E+01  0.15648E+02
  0.28125E+02  0.48664E+02  0.82705E+02  0.13401E+03  0.21241E+03  0.72810E+03
  0.11547E+04  0.18315E+04  0.29056E+04  0.46099E+04  0.73154E+04  0.11609E+05
  0.18424E+05  0.29240E+05  0.46408E+05  0.00000E+00  0.00000E+00  0.00000E+00
  0.00000E+00  0.00000E+00  0.00000E+00  0.00000E+00  0.00000E+00  0.00000E+00
  0.00000E+00  0.18787E-06  0.14281E-04  0.67867E-04  0.25752E-03  0.87253E-03
  0.26150E-02  0.75509E-02  0.20505E-01  0.41913E-01  0.83518E-01  0.17566E+00
  0.36786E+00  0.73472E+00  0.15226E+01  0.31203E+01  0.57908E+01  0.10832E+02
  0.19786E+02  0.35519E+02  0.61399E+02  0.10427E+03  0.16884E+03  0.26748E+03
  0.72901E+03  0.11557E+04  0.18328E+04  0.29070E+04  0.46113E+04  0.73167E+04
  0.11610E+05  0.18424E+05  0.29238E+05  0.46403E+05  0.00000E+00  0.00000E+00
  0.00000E+00  0.00000E+00  0.00000E+00  0.00000E+00  0.00000E+00  0.00000E+00
  0.00000E+00  0.00000E+00  0.24223E-06  0.19682E-04  0.95335E-04  0.36330E-03
  0.12235E-02  0.36243E-02  0.10339E-01  0.27750E-01  0.56117E-01  0.11078E+00
  0.23130E+00  0.48133E+00  0.95613E+00  0.19724E+01  0.40280E+01  0.74526E+01
  0.13908E+02  0.25357E+02  0.45450E+02  0.78468E+02  0.13312E+03  0.21539E+03
  0.34099E+03  0.72992E+03  0.11567E+04  0.18337E+04  0.29076E+04  0.46113E+04
  0.73155E+04  0.11606E+05  0.18417E+05  0.29224E+05  0.46377E+05  0.00000E+00
  0.00000E+00  0.00000E+00  0.00000E+00  0.00000E+00  0.00000E+00  0.00000E+00
  0.00000E+00  0.00000E+00  0.00000E+00  0.30604E-06  0.25475E-04  0.12300E-03
  0.45998E-03  0.15202E-02  0.44036E-02  0.12313E-01  0.32443E-01  0.64591E-01
  0.12582E+00  0.25981E+00  0.53565E+00  0.10558E+01  0.21644E+01  0.43978E+01
  0.81036E+01  0.15072E+02  0.27407E+02  0.49018E+02  0.84483E+02  0.14313E+03
  0.23132E+03  0.36589E+03  0.73170E+03  0.11588E+04  0.18363E+04  0.29107E+04
  0.46150E+04  0.73196E+04  0.11611E+05  0.18421E+05  0.29227E+05  0.46379E+05
  0.00000E+00  0.00000E+00  0.00000E+00  0.00000E+00  0.00000E+00  0.00000E+00
  0.00000E+00  0.00000E+00  0.00000E+00  0.00000E+00  0.37124E-06  0.33398E-04
  0.16378E-03  0.60595E-03  0.19711E-02  0.55798E-02  0.15264E-01  0.39380E-01
  0.76976E-01  0.14755E+00  0.30057E+00  0.61259E+00  0.11958E+01  0.24317E+01
  0.49089E+01  0.89975E+01  0.16663E+02  0.30193E+02  0.53850E+02  0.92600E+02
  0.15660E+03  0.25272E+03  0.39926E+03  0.73401E+03  0.11616E+04  0.18396E+04
  0.29146E+04  0.46193E+04  0.73243E+04  0.11615E+05  0.18425E+05  0.29229E+05
  0.46376E+05  0.00000E+00  0.00000E+00  0.00000E+00  0.00000E+00  0.00000E+00
  0.00000E+00  0.00000E+00  0.00000E+00  0.00000E+00  0.00000E+00  0.24327E-06
  0.35503E-04  0.19288E-03  0.74308E-03  0.24241E-02  0.67820E-02  0.18238E-01
  0.46188E-01  0.88496E-01  0.16644E+00  0.33345E+00  0.66959E+00  0.12894E+01
  0.25903E+01  0.51721E+01  0.94534E+01  0.17494E+02  0.31560E+02  0.56087E+02
  0.96167E+02  0.16225E+03  0.26133E+03  0.41222E+03  0.73660E+03  0.11646E+04
  0.18428E+04  0.29178E+04  0.46221E+04  0.73257E+04  0.11614E+05  0.18418E+05
  0.29213E+05  0.46342E+05  0.00000E+00  0.00000E+00  0.00000E+00  0.00000E+00
  0.00000E+00  0.00000E+00  0.00000E+00  0.00000E+00  0.00000E+00  0.00000E+00
  0.76999E-07  0.35980E-04  0.23475E-03  0.95674E-03  0.31355E-02  0.86609E-02
  0.22837E-01  0.56590E-01  0.10586E+00  0.19456E+00  0.38177E+00  0.75233E+00
  0.14239E+01  0.28159E+01  0.55434E+01  0.10094E+02  0.18655E+02  0.33459E+02
  0.59179E+02  0.10108E+03  0.16999E+03  0.27311E+03  0.42991E+03  0.74046E+03
  0.11691E+04  0.18480E+04  0.29236E+04  0.46283E+04  0.73317E+04  0.11619E+05
  0.18419E+05  0.29206E+05  0.46323E+05  0.00000E+00  0.00000E+00  0.00000E+00
  0.00000E+00  0.00000E+00  0.00000E+00  0.00000E+00  0.66042E-05  0.61861E-05
  0.52397E-05  0.39653E-05  0.90083E-05  0.22847E-03  0.11963E-02  0.42970E-02
  0.12182E-01  0.32215E-01  0.74751E-01  0.13599E+00  0.24264E+00  0.46255E+00
  0.88493E+00  0.16251E+01  0.31189E+01  0.59567E+01  0.10656E+02  0.19438E+02
  0.34604E+02  0.60833E+02  0.10338E+03  0.17317E+03  0.27728E+03  0.43528E+03
  0.74529E+03  0.11747E+04  0.18543E+04  0.29302E+04  0.46346E+04  0.73365E+04
  0.11620E+05  0.18413E+05  0.29186E+05  0.46277E+05  0.00000E+00  0.00000E+00
  0.00000E+00  0.00000E+00  0.00000E+00  0.00000E+00  0.00000E+00  0.34547E-04
  0.33030E-04  0.29645E-04  0.22735E-04  0.55880E-04  0.17274E-03  0.15131E-02
  0.61790E-02  0.18138E-01  0.48227E-01  0.10459E+00  0.18465E+00  0.31877E+00
  0.58791E+00  0.10864E+01  0.19245E+01  0.35602E+01  0.65454E+01  0.11446E+02
  0.20530E+02  0.36198E+02  0.63131E+02  0.10658E+03  0.17758E+03  0.28310E+03
  0.44282E+03  0.75226E+03  0.11829E+04  0.18638E+04  0.29410E+04  0.46462E+04
  0.73480E+04  0.11629E+05  0.18417E+05  0.29179E+05  0.46248E+05  0.21033E-05
  0.22980E-05  0.25448E-05  0.28551E-05  0.36139E-05  0.53200E-05  0.92813E-04
  0.17944E-02  0.33563E-02  0.37465E-02  0.30899E-02  0.21232E-03  0.00000E+00
  0.45063E-02  0.14294E-01  0.32878E-01  0.71162E-01  0.13923E+00  0.23969E+00
  0.40229E+00  0.72152E+00  0.12966E+01  0.22351E+01  0.40312E+01  0.72372E+01
  0.12420E+02  0.21931E+02  0.38196E+02  0.65939E+02  0.11038E+03  0.18263E+03
  0.28948E+03  0.45069E+03  0.76209E+03  0.11948E+04  0.18779E+04  0.29574E+04
  0.46648E+04  0.73683E+04  0.11650E+05  0.18435E+05  0.29189E+05  0.46241E+05
  0.10691E-03  0.11664E-03  0.12895E-03  0.14443E-03  0.18256E-03  0.26848E-03
  0.69139E-03  0.43238E-02  0.78450E-02  0.89415E-02  0.80740E-02  0.19453E-02
  0.26055E-02  0.36637E-02  0.18024E-01  0.44094E-01  0.96034E-01  0.18564E+00
  0.31386E+00  0.51420E+00  0.89933E+00  0.15741E+01  0.26424E+01  0.46504E+01
  0.81632E+01  0.13726E+02  0.23817E+02  0.40860E+02  0.69641E+02  0.11534E+03
  0.18914E+03  0.29757E+03  0.46046E+03  0.77497E+03  0.12101E+04  0.18959E+04
  0.29782E+04  0.46879E+04  0.73926E+04  0.11673E+05  0.18452E+05  0.29192E+05
  0.46216E+05  0.52119E-03  0.56801E-03  0.62710E-03  0.70137E-03  0.88534E-03
  0.13003E-02  0.28463E-02  0.10102E-01  0.17569E-01  0.20202E-01  0.19439E-01
  0.89203E-02  0.72515E-02  0.00000E+00  0.22121E-01  0.60368E-01  0.13373E+00
  0.25651E+00  0.42723E+00  0.68416E+00  0.11670E+01  0.19871E+01  0.32413E+01
  0.55503E+01  0.94941E+01  0.15587E+02  0.26479E+02  0.44594E+02  0.74805E+02
  0.12222E+03  0.19816E+03  0.30882E+03  0.47411E+03  0.79305E+03  0.12319E+04
  0.19220E+04  0.30089E+04  0.47235E+04  0.74325E+04  0.11716E+05  0.18494E+05
  0.29226E+05  0.46228E+05  0.19886E-02  0.21654E-02  0.23885E-02  0.26687E-02
  0.33659E-02  0.49403E-02  0.10175E-01  0.24583E-01  0.40711E-01  0.47133E-01
  0.48272E-01  0.34752E-01  0.15408E-01  0.14341E-01  0.20830E-01  0.78740E-01
  0.18534E+00  0.35883E+00  0.59501E+00  0.93716E+00  0.15657E+01  0.25988E+01
  0.41195E+01  0.68562E+01  0.11404E+02  0.18227E+02  0.30219E+02  0.49791E+02
  0.81935E+02  0.13166E+03  0.21046E+03  0.32406E+03  0.49253E+03  0.81736E+03
  0.12611E+04  0.19568E+04  0.30499E+04  0.47708E+04  0.74855E+04  0.11772E+05
  0.18549E+05  0.29270E+05  0.46244E+05  0.62782E-02  0.67540E-02  0.74060E-02
  0.84069E-02  0.11583E-01  0.18550E-01  0.34102E-01  0.62626E-01  0.91615E-01
  0.10610E+00  0.11266E+00  0.10171E+00  0.50802E-01  0.48936E-01  0.68962E-02
  0.96870E-01  0.25693E+00  0.51453E+00  0.85519E+00  0.13304E+01  0.21835E+01
  0.35389E+01  0.54533E+01  0.88149E+01  0.14232E+02  0.22086E+02  0.35623E+02
  0.57222E+02  0.92038E+02  0.14493E+03  0.22767E+03  0.34534E+03  0.51825E+03
  0.85131E+03  0.13022E+04  0.20062E+04  0.31089E+04  0.48405E+04  0.75663E+04
  0.11863E+05  0.18648E+05  0.29368E+05  0.46328E+05  0.31496E-01  0.33335E-01
  0.36261E-01  0.42049E-01  0.64412E-01  0.11446E+00  0.19346E+00  0.30543E+00
  0.38234E+00  0.43882E+00  0.47167E+00  0.46263E+00  0.40715E+00  0.27340E+00
  0.61054E-01  0.10871E+00  0.51207E+00  0.11139E+01  0.18894E+01  0.29015E+01
  0.46410E+01  0.72306E+01  0.10596E+02  0.16212E+02  0.24677E+02  0.36022E+02
  0.54713E+02  0.82946E+02  0.12638E+03  0.18936E+03  0.28455E+03  0.41501E+03
  0.60206E+03  0.96156E+03  0.14358E+04  0.21683E+04  0.33052E+04  0.50774E+04
  0.78504E+04  0.12200E+05  0.19042E+05  0.29818E+05  0.46822E+05  0.11206E+00
  0.12034E+00  0.13085E+00  0.14435E+00  0.17390E+00  0.29397E+00  0.46323E+00
  0.72524E+00  0.91325E+00  0.10410E+01  0.11222E+01  0.11265E+01  0.10494E+01
  0.82565E+00  0.39650E+00  0.36870E-01  0.62565E+00  0.17274E+01  0.30757E+01
  0.47772E+01  0.76374E+01  0.11747E+02  0.16833E+02  0.25073E+02  0.36981E+02
  0.52106E+02  0.76291E+02  0.11141E+03  0.16358E+03  0.23656E+03  0.34387E+03
  0.48650E+03  0.68683E+03  0.10718E+04  0.15681E+04  0.23275E+04  0.34970E+04
  0.53081E+04  0.81266E+04  0.12528E+05  0.19426E+05  0.30260E+05  0.47315E+05
  0.29500E+00  0.32106E+00  0.35309E+00  0.39062E+00  0.56202E+00  0.76339E+00
  0.10932E+01  0.16908E+01  0.21574E+01  0.24458E+01  0.26024E+01  0.26723E+01
  0.25224E+01  0.21289E+01  0.13700E+01  0.16611E+00  0.64268E+00  0.26417E+01
  0.50678E+01  0.80461E+01  0.12957E+02  0.19798E+02  0.27896E+02  0.40657E+02
  0.58357E+02  0.79628E+02  0.11261E+03  0.15848E+03  0.22405E+03  0.31193E+03
  0.43708E+03  0.59720E+03  0.81647E+03  0.12386E+04  0.17667E+04  0.25654E+04
  0.37830E+04  0.56524E+04  0.85411E+04  0.13026E+05  0.20020E+05  0.30960E+05
  0.48128E+05  0.74000E+00  0.76134E+00  0.80249E+00  0.90371E+00  0.13257E+01
  0.17514E+01  0.24454E+01  0.37561E+01  0.48629E+01  0.54477E+01  0.57665E+01
  0.59544E+01  0.56600E+01  0.49183E+01  0.33859E+01  0.64388E+00  0.45263E+00
  0.40836E+01  0.85701E+01  0.13960E+02  0.22703E+02  0.34570E+02  0.48091E+02
  0.68874E+02  0.96619E+02  0.12820E+03  0.17571E+03  0.23887E+03  0.32545E+03
  0.43606E+03  0.58789E+03  0.77337E+03  0.10198E+04  0.14966E+04  0.20709E+04
  0.29269E+04  0.42156E+04  0.61729E+04  0.91694E+04  0.13785E+05  0.20937E+05
  0.32066E+05  0.49452E+05  0.15795E+01  0.16248E+01  0.17124E+01  0.19282E+01
  0.28282E+01  0.37359E+01  0.52162E+01  0.80125E+01  0.10378E+02  0.11636E+02
  0.12342E+02  0.12791E+02  0.12236E+02  0.10797E+02  0.77326E+01  0.16640E+01
  0.29108E+00  0.64089E+01  0.14872E+02  0.24872E+02  0.40881E+02  0.62164E+02
  0.85656E+02  0.12101E+03  0.16664E+03  0.21601E+03  0.28818E+03  0.37991E+03
  0.50031E+03  0.64624E+03  0.83856E+03  0.10609E+04  0.13458E+04  0.19038E+04
  0.25440E+04  0.34826E+04  0.48745E+04  0.69602E+04  0.10116E+05  0.14930E+05
  0.22325E+05  0.33750E+05  0.51496E+05  0.32349E+01  0.33275E+01  0.35065E+01
  0.39478E+01  0.57897E+01  0.76468E+01  0.10675E+02  0.16396E+02  0.21234E+02
  0.23812E+02  0.25271E+02  0.26221E+02  0.25140E+02  0.22312E+02  0.16226E+02
  0.36472E+01  0.16957E+01  0.11016E+02  0.27213E+02  0.46120E+02  0.76073E+02
  0.11525E+03  0.15743E+03  0.21979E+03  0.29804E+03  0.37899E+03  0.49426E+03
  0.63462E+03  0.81109E+03  0.10134E+04  0.12686E+04  0.15451E+04  0.18851E+04
  0.25650E+04  0.32999E+04  0.43574E+04  0.58986E+04  0.81718E+04  0.11563E+05
  0.16671E+05  0.24434E+05  0.36318E+05  0.54635E+05  0.67332E+01  0.69256E+01
  0.72977E+01  0.82156E+01  0.12048E+02  0.15913E+02  0.22214E+02  0.34123E+02
  0.44206E+02  0.49605E+02  0.52714E+02  0.54822E+02  0.52764E+02  0.47243E+02
  0.35081E+02  0.83214E+01  0.66162E+01  0.17409E+02  0.48674E+02  0.84841E+02
  0.14169E+03  0.21516E+03  0.29272E+03  0.40581E+03  0.54448E+03  0.68254E+03
  0.87477E+03  0.10998E+04  0.13714E+04  0.16655E+04  0.20196E+04  0.23755E+04
  0.27922E+04  0.36563E+04  0.45232E+04  0.57467E+04  0.74963E+04  0.10031E+05
  0.13750E+05  0.19268E+05  0.27543E+05  0.40066E+05  0.59177E+05  0.13520E+02
  0.13906E+02  0.14652E+02  0.16494E+02  0.24187E+02  0.31941E+02  0.44586E+02
  0.68481E+02  0.88712E+02  0.99546E+02  0.10580E+03  0.11008E+03  0.10603E+03
  0.95140E+02  0.71042E+02  0.17095E+02  0.15110E+02  0.31389E+02  0.92182E+02
  0.16205E+03  0.27123E+03  0.41103E+03  0.55648E+03  0.76630E+03  0.10190E+04
  0.12628E+04  0.15959E+04  0.19727E+04  0.24108E+04  0.28598E+04  0.33752E+04
  0.38507E+04  0.43763E+04  0.55270E+04  0.65816E+04  0.80415E+04  0.10089E+05
  0.12998E+05  0.17188E+05  0.23300E+05  0.32321E+05  0.45781E+05  0.66069E+05
  0.27596E+02  0.28383E+02  0.29905E+02  0.33664E+02  0.49364E+02  0.65191E+02
  0.91003E+02  0.13979E+03  0.18112E+03  0.20332E+03  0.21628E+03  0.22533E+03
  0.21754E+03  0.19619E+03  0.14820E+03  0.36644E+02  0.38126E+02  0.51253E+02
  0.16997E+03  0.30576E+03  0.51705E+03  0.78579E+03  0.10623E+04  0.14581E+04
  0.19280E+04  0.23703E+04  0.29657E+04  0.36200E+04  0.43562E+04  0.50723E+04
  0.58569E+04  0.65139E+04  0.71917E+04  0.87961E+04  0.10113E+05  0.11903E+05
  0.14366E+05  0.17798E+05  0.22646E+05  0.29584E+05  0.39644E+05  0.54408E+05
  0.76332E+05  0.55364E+02  0.56941E+02  0.59995E+02  0.67533E+02  0.99027E+02
  0.13077E+03  0.18255E+03  0.28041E+03  0.36334E+03  0.40794E+03  0.43409E+03
  0.45250E+03  0.43728E+03  0.39524E+03  0.30009E+03  0.75094E+02  0.83264E+02
  0.90564E+02  0.32314E+03  0.58827E+03  0.99950E+03  0.15200E+04  0.20513E+04
  0.28071E+04  0.36954E+04  0.45155E+04  0.56064E+04  0.67777E+04  0.80599E+04
  0.92504E+04  0.10498E+05  0.11439E+05  0.12331E+05  0.14677E+05  0.16363E+05
  0.18619E+05  0.21669E+05  0.25840E+05  0.31618E+05  0.39727E+05  0.51262E+05
  0.67881E+05  0.92138E+05  0.11107E+03  0.11423E+03  0.12035E+03  0.13547E+03
  0.19865E+03  0.26233E+03  0.36620E+03  0.56253E+03  0.72897E+03  0.81859E+03
  0.87137E+03  0.90889E+03  0.87921E+03  0.79648E+03  0.60778E+03  0.15382E+03
  0.18028E+03  0.15833E+03  0.61505E+03  0.11345E+04  0.19382E+04  0.29519E+04
  0.39808E+04  0.54378E+04  0.71370E+04  0.86832E+04  0.10721E+05  0.12870E+05
  0.15171E+05  0.17223E+05  0.19289E+05  0.20684E+05  0.21877E+05  0.25467E+05
  0.27673E+05  0.30584E+05  0.34457E+05  0.39666E+05  0.46752E+05  0.56507E+05
  0.70114E+05  0.89341E+05  0.11688E+06  0.22276E+03  0.22910E+03  0.24138E+03
  0.27170E+03  0.39841E+03  0.52613E+03  0.73447E+03  0.11283E+04  0.14623E+04
  0.16424E+04  0.17490E+04  0.18255E+04  0.17677E+04  0.16049E+04  0.12307E+04
  0.31482E+03  0.38743E+03  0.27276E+03  0.11710E+04  0.21909E+04  0.37664E+04
  0.57484E+04  0.77516E+04  0.10579E+05  0.13858E+05  0.16810E+05  0.20675E+05
  0.24692E+05  0.28919E+05  0.32567E+05  0.36112E+05  0.38256E+05  0.39872E+05
  0.45611E+05  0.48546E+05  0.52375E+05  0.57406E+05  0.64072E+05  0.72993E+05
  0.85060E+05  0.10158E+06  0.12447E+06  0.15663E+06  0.44666E+03  0.45937E+03
  0.48399E+03  0.54479E+03  0.79886E+03  0.10550E+04  0.14728E+04  0.22626E+04
  0.29328E+04  0.32948E+04  0.35100E+04  0.36659E+04  0.35536E+04  0.32336E+04
  0.24912E+04  0.64377E+03  0.82736E+03  0.46067E+03  0.22294E+04  0.42349E+04
  0.73296E+04  0.11216E+05  0.15131E+05  0.20646E+05  0.27014E+05  0.32702E+05
  0.40111E+05  0.47733E+05  0.55644E+05  0.62295E+05  0.68571E+05  0.71983E+05
  0.74192E+05  0.83742E+05  0.87701E+05  0.92819E+05  0.99474E+05  0.10819E+06
  0.11969E+06  0.13500E+06  0.15561E+06  0.18365E+06  0.22229E+06  0.97979E+04
  0.97939E+04  0.97878E+04  0.97775E+04  0.97597E+04  0.97330E+04  0.96913E+04
  0.96271E+04  0.95223E+04  0.93574E+04  0.90870E+04  0.86961E+04  0.81545E+04
  0.72505E+04  0.58931E+04  0.42329E+04  0.19664E+04  0.90822E+03  0.43937E+04
  0.83424E+04  0.14430E+05  0.22065E+05  0.29741E+05  0.40533E+05  0.52959E+05
  0.63994E+05  0.78316E+05  0.92934E+05  0.10795E+06  0.12033E+06  0.13173E+06
  0.13736E+06  0.14040E+06  0.15687E+06  0.16227E+06  0.16921E+06  0.17816E+06
  0.18975E+06  0.20489E+06  0.22478E+06  0.25116E+06  0.28648E+06  0.33428E+06
  0.19344E+05  0.19335E+05  0.19323E+05  0.19303E+05  0.19268E+05  0.19215E+05
  0.19132E+05  0.19005E+05  0.18797E+05  0.18471E+05  0.17937E+05  0.17164E+05
  0.16094E+05  0.14309E+05  0.11629E+05  0.83517E+04  0.38791E+04  0.17913E+04
  0.86634E+04  0.16444E+05  0.28432E+05  0.43453E+05  0.58531E+05  0.79704E+05
  0.10403E+06  0.12555E+06  0.15339E+06  0.18166E+06  0.21048E+06  0.23386E+06
  0.25501E+06  0.26459E+06  0.26881E+06  0.29809E+06  0.30552E+06  0.31501E+06
  0.32718E+06  0.34283E+06  0.36307E+06  0.38940E+06  0.42389E+06  0.46942E+06
  0.53009E+06  0.38191E+05  0.38175E+05  0.38150E+05  0.38110E+05  0.38040E+05
  0.37935E+05  0.37771E+05  0.37520E+05  0.37110E+05  0.36465E+05  0.35409E+05
  0.33883E+05  0.31769E+05  0.28243E+05  0.22951E+05  0.16482E+05  0.76545E+04
  0.35341E+04  0.17089E+05  0.32430E+05  0.56056E+05  0.85637E+05  0.11530E+06
  0.15692E+06  0.20466E+06  0.24676E+06  0.30114E+06  0.35610E+06  0.41185E+06
  0.45656E+06  0.49642E+06  0.51323E+06  0.51910E+06  0.57249E+06  0.58276E+06
  0.59584E+06  0.61253E+06  0.63388E+06  0.66130E+06  0.69667E+06  0.74256E+06
  0.80244E+06  0.88120E+06  0.75397E+05  0.75365E+05  0.75317E+05  0.75236E+05
  0.75098E+05  0.74890E+05  0.74566E+05  0.74069E+05  0.73259E+05  0.71985E+05
  0.69898E+05  0.66884E+05  0.62709E+05  0.55747E+05  0.45300E+05  0.32529E+05
  0.15106E+05  0.69736E+04  0.33717E+05  0.63972E+05  0.11055E+06  0.16885E+06
  0.22726E+06  0.30916E+06  0.40302E+06  0.48559E+06  0.59212E+06  0.69946E+06
  0.80790E+06  0.89413E+06  0.97019E+06  0.10005E+07  0.10087E+07  0.11079E+07
  0.11222E+07  0.11403E+07  0.11634E+07  0.11927E+07  0.12302E+07  0.12783E+07
  0.13402E+07  0.14203E+07  0.15244E+07  0.14885E+06  0.14879E+06  0.14870E+06
  0.14854E+06  0.14826E+06  0.14785E+06  0.14721E+06  0.14623E+06  0.14463E+06
  0.14211E+06  0.13799E+06  0.13204E+06  0.12379E+06  0.11005E+06  0.89420E+05
  0.64206E+05  0.29814E+05  0.13763E+05  0.66537E+05  0.12623E+06  0.21811E+06
  0.33306E+06  0.44817E+06  0.60950E+06  0.79424E+06  0.95651E+06  0.11657E+07
  0.13759E+07  0.15878E+07  0.17552E+07  0.19016E+07  0.19574E+07  0.19688E+07
  0.21563E+07  0.21762E+07  0.22014E+07  0.22334E+07  0.22740E+07  0.23257E+07
  0.23916E+07  0.24760E+07  0.25844E+07  0.27243E+07  0.29389E+06  0.29376E+06
  0.29358E+06  0.29326E+06  0.29272E+06  0.29191E+06  0.29064E+06  0.28870E+06
  0.28554E+06  0.28057E+06  0.27243E+06  0.26067E+06  0.24439E+06  0.21725E+06
  0.17652E+06  0.12675E+06  0.58852E+05  0.27166E+05  0.13132E+06  0.24912E+06
  0.43040E+06  0.65715E+06  0.88412E+06  0.12021E+07  0.15661E+07  0.18854E+07
  0.22967E+07  0.27096E+07  0.31246E+07  0.34511E+07  0.37352E+07  0.38396E+07
  0.38556E+07  0.42140E+07  0.42418E+07  0.42769E+07  0.43214E+07  0.43778E+07
  0.44494E+07  0.45405E+07  0.46565E+07  0.48047E+07  0.49947E+07  0.58023E+06
  0.57998E+06  0.57961E+06  0.57898E+06  0.57791E+06  0.57631E+06  0.57381E+06
  0.56997E+06  0.56373E+06  0.55391E+06  0.53784E+06  0.51462E+06  0.48247E+06
  0.42888E+06  0.34848E+06  0.25021E+06  0.11618E+06  0.53625E+05  0.25922E+06
  0.49169E+06  0.84944E+06  0.12968E+07  0.17445E+07  0.23716E+07  0.30891E+07
  0.37180E+07  0.45277E+07  0.53397E+07  0.61546E+07  0.67937E+07  0.73474E+07
  0.75455E+07  0.75679E+07  0.82590E+07  0.82979E+07  0.83471E+07  0.84092E+07
  0.84878E+07  0.85874E+07  0.87136E+07  0.88741E+07  0.90782E+07  0.93388E+07
  0.11456E+07  0.11451E+07  0.11443E+07  0.11431E+07  0.11410E+07  0.11378E+07
  0.11329E+07  0.11253E+07  0.11130E+07  0.10936E+07  0.10619E+07  0.10160E+07
  0.95253E+06  0.84672E+06  0.68798E+06  0.49396E+06  0.22935E+06  0.10586E+06
  0.51170E+06  0.97057E+06  0.16767E+07  0.25595E+07  0.34429E+07  0.46800E+07
  0.60949E+07  0.73347E+07  0.89300E+07  0.10529E+08  0.12131E+08  0.13385E+08
  0.14468E+08  0.14848E+08  0.14880E+08  0.16221E+08  0.16276E+08  0.16345E+08
  0.16431E+08  0.16541E+08  0.16680E+08  0.16856E+08  0.17079E+08  0.17362E+08
  0.17721E+08  0.22617E+07  0.22607E+07  0.22593E+07  0.22568E+07  0.22527E+07
  0.22464E+07  0.22367E+07  0.22217E+07  0.21973E+07  0.21591E+07  0.20964E+07
  0.20059E+07  0.18805E+07  0.16716E+07  0.13582E+07  0.97516E+06  0.45277E+06
  0.20898E+06  0.10101E+07  0.19159E+07  0.33096E+07  0.50521E+07  0.67953E+07
  0.92363E+07  0.12028E+08  0.14472E+08  0.17617E+08  0.20767E+08  0.23923E+08
  0.26387E+08  0.28512E+08  0.29246E+08  0.29290E+08  0.31906E+08  0.31983E+08
  0.32079E+08  0.32201E+08  0.32355E+08  0.32549E+08  0.32794E+08  0.33105E+08
  0.33498E+08  0.33997E+08  0.44657E+07  0.44637E+07  0.44609E+07  0.44561E+07
  0.44478E+07  0.44354E+07  0.44162E+07  0.43867E+07  0.43385E+07  0.42629E+07
  0.41392E+07  0.39605E+07  0.37130E+07  0.33005E+07  0.26817E+07  0.19253E+07
  0.89393E+06  0.41260E+06  0.19943E+07  0.37825E+07  0.65339E+07  0.99736E+07
  0.13414E+08  0.18232E+08  0.23740E+08  0.28563E+08  0.34767E+08  0.40977E+08
  0.47195E+08  0.52046E+08  0.56220E+08  0.57649E+08  0.57711E+08  0.62831E+08
  0.62938E+08  0.63074E+08  0.63244E+08  0.63459E+08  0.63731E+08  0.64074E+08
  0.64508E+08  0.65057E+08  0.65751E+08
