  0.00000E+00  0.00000E+00  0.00000E+00  0.00000E+00  0.00000E+00  0.00000E+00
  0.00000E+00  0.00000E+00  0.00000E+00  0.00000E+00  0.00000E+00  0.00000E+00
  0.00000E+00  0.00000E+00  0.00000E+00  0.00000E+00  0.00000E+00  0.00000E+00
  0.00000E+00  0.00000E+00  0.00000E+00  0.00000E+00  0.00000E+00  0.00000E+00
  0.00000E+00  0.00000E+00  0.00000E+00  0.00000E+00  0.00000E+00  0.00000E+00
  0.00000E+00  0.00000E+00  0.00000E+00  0.00000E+00  0.00000E+00  0.00000E+00
  0.00000E+00  0.00000E+00  0.00000E+00  0.00000E+00  0.00000E+00  0.00000E+00
  0.00000E+00  0.00000E+00  0.00000E+00  0.00000E+00  0.00000E+00  0.00000E+00
  0.00000E+00  0.00000E+00  0.00000E+00  0.00000E+00  0.00000E+00  0.57685E-05
  0.11204E-04  0.25121E-04  0.64489E-04  0.16469E-03  0.37944E-03  0.84521E-03
  0.18196E-02  0.38086E-02  0.77169E-02  0.16360E-01  0.34529E-01  0.71220E-01
  0.14302E+00  0.28133E+00  0.52174E+00  0.98187E+00  0.18023E+01  0.32480E+01
  0.56321E+01  0.95882E+01  0.15558E+02  0.24687E+02  0.42345E+02  0.67200E+02
  0.10665E+03  0.16927E+03  0.26866E+03  0.42644E+03  0.67688E+03  0.10745E+04
  0.17054E+04  0.27071E+04  0.00000E+00  0.00000E+00  0.00000E+00  0.00000E+00
  0.00000E+00  0.00000E+00  0.00000E+00  0.00000E+00  0.00000E+00  0.00000E+00
  0.12204E-04  0.23466E-04  0.52195E-04  0.13305E-03  0.33785E-03  0.77423E-03
  0.17183E-02  0.36873E-02  0.76978E-02  0.15557E-01  0.32931E-01  0.69442E-01
  0.14308E+00  0.28707E+00  0.56431E+00  0.10460E+01  0.19676E+01  0.36105E+01
  0.65046E+01  0.11277E+02  0.19194E+02  0.31140E+02  0.49407E+02  0.84742E+02
  0.13447E+03  0.21341E+03  0.33869E+03  0.53752E+03  0.85320E+03  0.13542E+04
  0.21496E+04  0.34119E+04  0.54158E+04  0.00000E+00  0.00000E+00  0.00000E+00
  0.00000E+00  0.00000E+00  0.00000E+00  0.00000E+00  0.00000E+00  0.00000E+00
  0.00000E+00  0.19564E-04  0.37209E-04  0.81962E-04  0.20716E-03  0.52252E-03
  0.11908E-02  0.26294E-02  0.56203E-02  0.11696E-01  0.23588E-01  0.49815E-01
  0.10479E+00  0.21568E+00  0.43228E+00  0.84905E+00  0.15727E+01  0.29568E+01
  0.54233E+01  0.97673E+01  0.16928E+02  0.28808E+02  0.46729E+02  0.74130E+02
  0.12713E+03  0.20172E+03  0.32011E+03  0.50801E+03  0.80621E+03  0.12796E+04
  0.20310E+04  0.32238E+04  0.51169E+04  0.81220E+04  0.00000E+00  0.00000E+00
  0.00000E+00  0.00000E+00  0.00000E+00  0.00000E+00  0.00000E+00  0.00000E+00
  0.00000E+00  0.00000E+00  0.28233E-04  0.53076E-04  0.11556E-03  0.28937E-03
  0.72332E-03  0.16376E-02  0.35943E-02  0.76455E-02  0.15847E-01  0.31854E-01
  0.67091E-01  0.14090E+00  0.28943E+00  0.57932E+00  0.11366E+01  0.21036E+01
  0.39522E+01  0.72452E+01  0.13043E+02  0.22598E+02  0.38445E+02  0.62349E+02
  0.98891E+02  0.16957E+03  0.26903E+03  0.42689E+03  0.67742E+03  0.10750E+04
  0.17062E+04  0.27080E+04  0.42982E+04  0.68220E+04  0.10828E+05  0.00000E+00
  0.00000E+00  0.00000E+00  0.00000E+00  0.00000E+00  0.00000E+00  0.00000E+00
  0.00000E+00  0.00000E+00  0.00000E+00  0.38683E-04  0.71814E-04  0.15447E-03
  0.38252E-03  0.94720E-03  0.21257E-02  0.46322E-02  0.97953E-02  0.20205E-01
  0.40461E-01  0.84965E-01  0.17796E+00  0.36475E+00  0.72886E+00  0.14281E+01
  0.26402E+01  0.49562E+01  0.90795E+01  0.16336E+02  0.28291E+02  0.48115E+02
  0.78008E+02  0.12370E+03  0.21208E+03  0.33643E+03  0.53377E+03  0.84695E+03
  0.13439E+04  0.21329E+04  0.33850E+04  0.53727E+04  0.85272E+04  0.13535E+05
  0.00000E+00  0.00000E+00  0.00000E+00  0.00000E+00  0.00000E+00  0.00000E+00
  0.00000E+00  0.00000E+00  0.00000E+00  0.00000E+00  0.51471E-04  0.94456E-04
  0.20061E-03  0.49101E-03  0.12025E-02  0.26721E-02  0.57737E-02  0.12123E-01
  0.24857E-01  0.49531E-01  0.10362E+00  0.21633E+00  0.44230E+00  0.88199E+00
  0.17253E+01  0.31853E+01  0.59730E+01  0.10933E+02  0.19658E+02  0.34025E+02
  0.57841E+02  0.93744E+02  0.14861E+03  0.25474E+03  0.40402E+03  0.64092E+03
  0.10168E+04  0.16134E+04  0.25604E+04  0.40632E+04  0.64489E+04  0.10235E+05
  0.16245E+05  0.00000E+00  0.00000E+00  0.00000E+00  0.00000E+00  0.00000E+00
  0.00000E+00  0.00000E+00  0.00000E+00  0.00000E+00  0.00000E+00  0.67042E-04
  0.12213E-03  0.25630E-03  0.62000E-03  0.15007E-02  0.32970E-02  0.70555E-02
  0.14689E-01  0.29906E-01  0.59247E-01  0.12331E+00  0.25647E+00  0.52264E+00
  0.10395E+01  0.20292E+01  0.37401E+01  0.70040E+01  0.12806E+02  0.23006E+02
  0.39793E+02  0.67610E+02  0.10953E+03  0.17357E+03  0.29744E+03  0.47165E+03
  0.74807E+03  0.11867E+04  0.18826E+04  0.29874E+04  0.47405E+04  0.75234E+04
  0.11940E+05  0.18950E+05  0.00000E+00  0.00000E+00  0.00000E+00  0.00000E+00
  0.00000E+00  0.00000E+00  0.00000E+00  0.00000E+00  0.00000E+00  0.00000E+00
  0.85458E-04  0.15584E-03  0.32433E-03  0.77638E-03  0.18566E-02  0.40291E-02
  0.85263E-02  0.17578E-01  0.35486E-01  0.69797E-01  0.14445E+00  0.29894E+00
  0.60684E+00  0.12032E+01  0.23426E+01  0.43087E+01  0.80555E+01  0.14709E+02
  0.26396E+02  0.45618E+02  0.77453E+02  0.12540E+03  0.19864E+03  0.34029E+03
  0.53943E+03  0.85539E+03  0.13567E+04  0.21520E+04  0.34145E+04  0.54178E+04
  0.85977E+04  0.13644E+05  0.21653E+05  0.00000E+00  0.00000E+00  0.00000E+00
  0.00000E+00  0.00000E+00  0.00000E+00  0.00000E+00  0.00000E+00  0.00000E+00
  0.00000E+00  0.10506E-03  0.19553E-03  0.40690E-03  0.96767E-03  0.22896E-02
  0.49056E-02  0.10254E-01  0.20906E-01  0.41791E-01  0.81499E-01  0.16752E+00
  0.34468E+00  0.69637E+00  0.13753E+01  0.26693E+01  0.48967E+01  0.91359E+01
  0.16654E+02  0.29847E+02  0.51525E+02  0.87407E+02  0.14142E+03  0.22388E+03
  0.38337E+03  0.60751E+03  0.96306E+03  0.15271E+04  0.24219E+04  0.38421E+04
  0.60956E+04  0.96725E+04  0.15348E+05  0.24357E+05  0.00000E+00  0.00000E+00
  0.00000E+00  0.00000E+00  0.00000E+00  0.00000E+00  0.00000E+00  0.00000E+00
  0.00000E+00  0.00000E+00  0.11834E-03  0.23608E-03  0.50102E-03  0.11963E-02
  0.28134E-02  0.59584E-02  0.12305E-01  0.24789E-01  0.49014E-01  0.94659E-01
  0.19301E+00  0.39450E+00  0.79238E+00  0.15577E+01  0.30117E+01  0.55074E+01
  0.10249E+02  0.18646E+02  0.33361E+02  0.57515E+02  0.97464E+02  0.15755E+03
  0.24925E+03  0.42658E+03  0.67567E+03  0.10707E+04  0.16973E+04  0.26913E+04
  0.42687E+04  0.67715E+04  0.10744E+05  0.17046E+05  0.27050E+05  0.00000E+00
  0.00000E+00  0.00000E+00  0.00000E+00  0.00000E+00  0.00000E+00  0.00000E+00
  0.00000E+00  0.00000E+00  0.00000E+00  0.10498E-03  0.26260E-03  0.59591E-03
  0.14614E-02  0.34498E-02  0.72461E-02  0.14796E-01  0.29442E-01  0.57519E-01
  0.10987E+00  0.22197E+00  0.45006E+00  0.89763E+00  0.17546E+01  0.33767E+01
  0.61505E+01  0.11410E+02  0.20705E+02  0.36970E+02  0.63629E+02  0.10768E+03
  0.17387E+03  0.27480E+03  0.47002E+03  0.74405E+03  0.11785E+04  0.18676E+04
  0.29603E+04  0.46943E+04  0.74452E+04  0.11811E+05  0.18738E+05  0.29731E+05
  0.00000E+00  0.00000E+00  0.00000E+00  0.00000E+00  0.00000E+00  0.00000E+00
  0.00000E+00  0.00000E+00  0.00000E+00  0.00000E+00  0.00000E+00  0.22046E-03
  0.63818E-03  0.17119E-02  0.41621E-02  0.87584E-02  0.17770E-01  0.34991E-01
  0.67557E-01  0.12753E+00  0.25509E+00  0.51269E+00  0.10143E+01  0.19696E+01
  0.37694E+01  0.68333E+01  0.12629E+02  0.22846E+02  0.40689E+02  0.69885E+02
  0.11807E+03  0.19038E+03  0.30054E+03  0.51364E+03  0.81249E+03  0.12862E+04
  0.20372E+04  0.32280E+04  0.51172E+04  0.81141E+04  0.12870E+05  0.20414E+05
  0.32387E+05  0.00000E+00  0.00000E+00  0.00000E+00  0.00000E+00  0.00000E+00
  0.00000E+00  0.00000E+00  0.00000E+00  0.00000E+00  0.00000E+00  0.34519E-03
  0.12405E-04  0.51267E-03  0.18441E-02  0.48839E-02  0.10496E-01  0.21353E-01
  0.41759E-01  0.79752E-01  0.14871E+00  0.29434E+00  0.58554E+00  0.11476E+01
  0.22111E+01  0.42032E+01  0.75747E+01  0.13934E+02  0.25107E+02  0.44575E+02
  0.76357E+02  0.12872E+03  0.20718E+03  0.32657E+03  0.55757E+03  0.88112E+03
  0.13938E+04  0.22062E+04  0.34941E+04  0.55370E+04  0.87769E+04  0.13917E+05
  0.22072E+05  0.35012E+05  0.00000E+00  0.00000E+00  0.00000E+00  0.00000E+00
  0.00000E+00  0.00000E+00  0.00000E+00  0.00000E+00  0.00000E+00  0.00000E+00
  0.12161E-02  0.66864E-03  0.00000E+00  0.16521E-02  0.54601E-02  0.12398E-01
  0.25647E-01  0.50100E-01  0.94829E-01  0.17467E+00  0.34191E+00  0.67258E+00
  0.13035E+01  0.24884E+01  0.46919E+01  0.83945E+01  0.15352E+02  0.27529E+02
  0.48680E+02  0.83111E+02  0.13973E+03  0.22436E+03  0.35297E+03  0.60190E+03
  0.95001E+03  0.15012E+04  0.23745E+04  0.37582E+04  0.59525E+04  0.94319E+04
  0.14951E+05  0.23706E+05  0.37596E+05  0.00000E+00  0.00000E+00  0.00000E+00
  0.00000E+00  0.00000E+00  0.00000E+00  0.00000E+00  0.00000E+00  0.00000E+00
  0.00000E+00  0.00000E+00  0.30556E-02  0.17608E-02  0.42019E-03  0.52742E-02
  0.13876E-01  0.30106E-01  0.59299E-01  0.11151E+00  0.20211E+00  0.39011E+00
  0.74967E+00  0.14016E+01  0.26437E+01  0.49314E+01  0.87371E+01  0.15852E+02
  0.28236E+02  0.49654E+02  0.84378E+02  0.14132E+03  0.22617E+03  0.35483E+03
  0.60398E+03  0.95161E+03  0.15017E+04  0.23725E+04  0.37517E+04  0.59380E+04
  0.94035E+04  0.14900E+05  0.23615E+05  0.37442E+05  0.00000E+00  0.00000E+00
  0.00000E+00  0.00000E+00  0.00000E+00  0.00000E+00  0.00000E+00  0.00000E+00
  0.00000E+00  0.00000E+00  0.00000E+00  0.00000E+00  0.64639E-02  0.26200E-02
  0.38631E-02  0.14873E-01  0.35207E-01  0.70944E-01  0.13290E+00  0.23740E+00
  0.45025E+00  0.84989E+00  0.15408E+01  0.28631E+01  0.52684E+01  0.92192E+01
  0.16556E+02  0.29234E+02  0.51037E+02  0.86199E+02  0.14364E+03  0.22891E+03
  0.35785E+03  0.60765E+03  0.95520E+03  0.15046E+04  0.23736E+04  0.37491E+04
  0.59283E+04  0.93813E+04  0.14856E+05  0.23534E+05  0.37300E+05  0.00000E+00
  0.00000E+00  0.00000E+00  0.00000E+00  0.00000E+00  0.00000E+00  0.00000E+00
  0.00000E+00  0.00000E+00  0.00000E+00  0.00000E+00  0.00000E+00  0.00000E+00
  0.10886E-01  0.00000E+00  0.15046E-01  0.41868E-01  0.87479E-01  0.16383E+00
  0.28879E+00  0.53904E+00  0.99400E+00  0.17508E+01  0.31917E+01  0.57703E+01
  0.99351E+01  0.17599E+02  0.30714E+02  0.53093E+02  0.88928E+02  0.14718E+03
  0.23317E+03  0.36277E+03  0.61389E+03  0.96200E+03  0.15115E+04  0.23797E+04
  0.37528E+04  0.59265E+04  0.93689E+04  0.14824E+05  0.23469E+05  0.37178E+05
  0.00000E+00  0.00000E+00  0.00000E+00  0.00000E+00  0.00000E+00  0.00000E+00
  0.11034E-02  0.74724E-02  0.13229E-01  0.17769E-01  0.20095E-01  0.18678E-01
  0.37676E-02  0.00000E+00  0.17423E-01  0.62299E-02  0.42038E-01  0.10104E+00
  0.19680E+00  0.34771E+00  0.64491E+00  0.11732E+01  0.20190E+01  0.36133E+01
  0.64136E+01  0.10847E+02  0.18921E+02  0.32576E+02  0.55663E+02  0.92302E+02
  0.15148E+03  0.23827E+03  0.36846E+03  0.62089E+03  0.96911E+03  0.15178E+04
  0.23835E+04  0.37511E+04  0.59142E+04  0.93372E+04  0.14758E+05  0.23346E+05
  0.36958E+05  0.00000E+00  0.00000E+00  0.00000E+00  0.00000E+00  0.00000E+00
  0.32377E-02  0.16826E-01  0.30514E-01  0.42993E-01  0.52907E-01  0.59465E-01
  0.62004E-01  0.59663E-01  0.47234E-01  0.00000E+00  0.20479E-01  0.40564E-01
  0.12223E+00  0.25034E+00  0.44503E+00  0.82034E+00  0.14639E+01  0.24551E+01
  0.42907E+01  0.74369E+01  0.12289E+02  0.21001E+02  0.35501E+02  0.59702E+02
  0.97646E+02  0.15841E+03  0.24669E+03  0.37832E+03  0.63360E+03  0.98352E+03
  0.15335E+04  0.23996E+04  0.37656E+04  0.59234E+04  0.93345E+04  0.14732E+05
  0.23278E+05  0.36815E+05  0.00000E+00  0.00000E+00  0.00000E+00  0.00000E+00
  0.29014E-02  0.29236E-01  0.57853E-01  0.85598E-01  0.10939E+00  0.12802E+00
  0.13958E+00  0.14462E+00  0.14293E+00  0.12838E+00  0.96670E-01  0.47342E-01
  0.00000E+00  0.14453E+00  0.31620E+00  0.57286E+00  0.10618E+01  0.18730E+01
  0.30681E+01  0.52397E+01  0.88610E+01  0.14279E+02  0.23849E+02  0.39478E+02
  0.65163E+02  0.10484E+03  0.16770E+03  0.25799E+03  0.39159E+03  0.65076E+03
  0.10032E+04  0.15554E+04  0.24228E+04  0.37881E+04  0.59412E+04  0.93405E+04
  0.14714E+05  0.23214E+05  0.36670E+05  0.00000E+00  0.00000E+00  0.00000E+00
  0.00000E+00  0.43087E-01  0.98456E-01  0.15561E+00  0.20729E+00  0.24981E+00
  0.28114E+00  0.30017E+00  0.30783E+00  0.30338E+00  0.27937E+00  0.22849E+00
  0.15563E+00  0.40184E-01  0.46206E-01  0.44804E+00  0.76067E+00  0.14152E+01
  0.24787E+01  0.39726E+01  0.66316E+01  0.10932E+02  0.17145E+02  0.27912E+02
  0.45103E+02  0.72835E+02  0.11490E+03  0.18066E+03  0.27380E+03  0.41030E+03
  0.67515E+03  0.10317E+04  0.15882E+04  0.24595E+04  0.38272E+04  0.59798E+04
  0.93724E+04  0.14728E+05  0.23190E+05  0.36576E+05  0.00000E+00  0.19129E-01
  0.38324E-01  0.57595E-01  0.16610E+00  0.28230E+00  0.39187E+00  0.48594E+00
  0.55856E+00  0.60851E+00  0.63715E+00  0.64415E+00  0.63294E+00  0.58693E+00
  0.49885E+00  0.37475E+00  0.18352E+00  0.88982E-01  0.38745E+00  0.12114E+01
  0.19963E+01  0.34404E+01  0.54044E+01  0.88207E+01  0.14156E+02  0.21556E+02
  0.34097E+02  0.53578E+02  0.84287E+02  0.12981E+03  0.19979E+03  0.29710E+03
  0.43798E+03  0.71134E+03  0.10746E+04  0.16385E+04  0.25177E+04  0.38931E+04
  0.60515E+04  0.94456E+04  0.14794E+05  0.23231E+05  0.36562E+05  0.00000E+00
  0.49735E+00  0.99601E+00  0.14958E+01  0.14975E+01  0.14989E+01  0.14997E+01
  0.14990E+01  0.14946E+01  0.14843E+01  0.14619E+01  0.14254E+01  0.13703E+01
  0.12642E+01  0.10894E+01  0.86221E+00  0.52376E+00  0.52435E-01  0.58530E+00
  0.14113E+01  0.28587E+01  0.50150E+01  0.77822E+01  0.12435E+02  0.19425E+02
  0.28675E+02  0.43948E+02  0.66904E+02  0.10208E+03  0.15273E+03  0.22895E+03
  0.33244E+03  0.47989E+03  0.76612E+03  0.11398E+04  0.17161E+04  0.26093E+04
  0.39999E+04  0.61738E+04  0.95815E+04  0.14937E+05  0.23369E+05  0.36670E+05
  0.00000E+00  0.97955E+00  0.19609E+01  0.29436E+01  0.29453E+01  0.29464E+01
  0.29458E+01  0.29421E+01  0.29315E+01  0.29097E+01  0.28659E+01  0.27966E+01
  0.26943E+01  0.25033E+01  0.21949E+01  0.18004E+01  0.12241E+01  0.43866E+00
  0.59798E+00  0.19015E+01  0.41354E+01  0.73595E+01  0.11324E+02  0.17816E+02
  0.27215E+02  0.39079E+02  0.58167E+02  0.85879E+02  0.12707E+03  0.18452E+03
  0.26893E+03  0.38043E+03  0.53640E+03  0.83954E+03  0.12271E+04  0.18199E+04
  0.27324E+04  0.41451E+04  0.63430E+04  0.97749E+04  0.15152E+05  0.23596E+05
  0.36887E+05  0.00000E+00  0.19120E+01  0.38265E+01  0.57418E+01  0.57427E+01
  0.57419E+01  0.57373E+01  0.57262E+01  0.57015E+01  0.56551E+01  0.55678E+01
  0.54331E+01  0.52375E+01  0.48824E+01  0.43192E+01  0.36075E+01  0.25852E+01
  0.12168E+01  0.55194E+00  0.27207E+01  0.63580E+01  0.11455E+02  0.17478E+02
  0.27079E+02  0.40463E+02  0.56535E+02  0.81676E+02  0.11678E+03  0.16718E+03
  0.23483E+03  0.33143E+03  0.45472E+03  0.62333E+03  0.95180E+03  0.13606E+04
  0.19794E+04  0.29236E+04  0.43744E+04  0.66176E+04  0.10102E+05  0.15538E+05
  0.24045E+05  0.37398E+05  0.00000E+00  0.37056E+01  0.74144E+01  0.11123E+02
  0.11121E+02  0.11115E+02  0.11102E+02  0.11075E+02  0.11023E+02  0.10929E+02
  0.10759E+02  0.10502E+02  0.10132E+02  0.94757E+01  0.84483E+01  0.71617E+01
  0.53367E+01  0.29273E+01  0.13675E+00  0.38200E+01  0.98859E+01  0.18179E+02
  0.27644E+02  0.42370E+02  0.62194E+02  0.84866E+02  0.11936E+03  0.16562E+03
  0.22960E+03  0.31192E+03  0.42572E+03  0.56519E+03  0.75090E+03  0.11147E+04
  0.15524E+04  0.22071E+04  0.31953E+04  0.46998E+04  0.70078E+04  0.10570E+05
  0.16096E+05  0.24705E+05  0.38170E+05  0.00000E+00  0.70667E+01  0.14137E+02
  0.21204E+02  0.21196E+02  0.21181E+02  0.21149E+02  0.21092E+02  0.20986E+02
  0.20805E+02  0.20484E+02  0.20004E+02  0.19322E+02  0.18126E+02  0.16274E+02
  0.13969E+02  0.10732E+02  0.65005E+01  0.11852E+01  0.51081E+01  0.15322E+02
  0.29012E+02  0.44192E+02  0.67330E+02  0.97529E+02  0.13054E+03  0.17947E+03
  0.24253E+03  0.32652E+03  0.42979E+03  0.56766E+03  0.72890E+03  0.93719E+03
  0.13493E+04  0.18256E+04  0.25280E+04  0.35754E+04  0.51525E+04  0.75494E+04
  0.11219E+05  0.16873E+05  0.25633E+05  0.39269E+05  0.00000E+00  0.14127E+02
  0.28259E+02  0.42379E+02  0.42359E+02  0.42321E+02  0.42253E+02  0.42135E+02
  0.41924E+02  0.41570E+02  0.40957E+02  0.40046E+02  0.38760E+02  0.36532E+02
  0.33106E+02  0.28864E+02  0.22948E+02  0.15280E+02  0.57398E+01  0.54184E+01
  0.23313E+02  0.46899E+02  0.72416E+02  0.11061E+03  0.15908E+03  0.20983E+03
  0.28317E+03  0.37395E+03  0.49012E+03  0.62591E+03  0.80015E+03  0.99255E+03
  0.12321E+04  0.17150E+04  0.22447E+04  0.30133E+04  0.41425E+04  0.58203E+04
  0.83399E+04  0.12157E+05  0.17989E+05  0.26956E+05  0.40827E+05  0.00000E+00
  0.27082E+02  0.54169E+02  0.81230E+02  0.81183E+02  0.81104E+02  0.80966E+02
  0.80737E+02  0.80336E+02  0.79673E+02  0.78540E+02  0.76868E+02  0.74518E+02
  0.70482E+02  0.64311E+02  0.56696E+02  0.46134E+02  0.32522E+02  0.15704E+02
  0.37940E+01  0.34775E+02  0.75104E+02  0.11792E+03  0.18110E+03  0.25950E+03
  0.33866E+03  0.45062E+03  0.58428E+03  0.74907E+03  0.93232E+03  0.11582E+04
  0.13924E+04  0.16723E+04  0.22528E+04  0.28518E+04  0.37070E+04  0.49439E+04
  0.67551E+04  0.94394E+04  0.13459E+05  0.19536E+05  0.28798E+05  0.43019E+05
  0.00000E+00  0.54210E+02  0.10842E+03  0.16258E+03  0.16248E+03  0.16232E+03
  0.16204E+03  0.16159E+03  0.16082E+03  0.15956E+03  0.15742E+03  0.15429E+03
  0.14989E+03  0.14239E+03  0.13098E+03  0.11694E+03  0.97540E+02  0.72652E+02
  0.42070E+02  0.68595E+01  0.48673E+02  0.12023E+03  0.19505E+03  0.30410E+03
  0.43686E+03  0.56667E+03  0.74670E+03  0.95435E+03  0.12011E+04  0.14616E+04
  0.17688E+04  0.20642E+04  0.24000E+04  0.31278E+04  0.38231E+04  0.47983E+04
  0.61847E+04  0.81811E+04  0.11094E+05  0.15394E+05  0.21814E+05  0.31488E+05
  0.46198E+05  0.00000E+00  0.97010E+02  0.19402E+03  0.29093E+03  0.29075E+03
  0.29046E+03  0.28998E+03  0.28921E+03  0.28789E+03  0.28575E+03  0.28216E+03
  0.27690E+03  0.26955E+03  0.25706E+03  0.23809E+03  0.21479E+03  0.18270E+03
  0.14163E+03  0.91349E+02  0.33705E+02  0.56774E+02  0.17260E+03  0.29250E+03
  0.46588E+03  0.67422E+03  0.87345E+03  0.11460E+04  0.14525E+04  0.18068E+04
  0.21652E+04  0.25728E+04  0.29380E+04  0.33335E+04  0.42356E+04  0.50340E+04
  0.61381E+04  0.76848E+04  0.98805E+04  0.13040E+05  0.17643E+05  0.24432E+05
  0.34553E+05  0.49797E+05  0.00000E+00  0.17317E+03  0.34633E+03  0.51931E+03
  0.51899E+03  0.51848E+03  0.51765E+03  0.51632E+03  0.51408E+03  0.51046E+03
  0.50441E+03  0.49558E+03  0.48325E+03  0.46239E+03  0.43078E+03  0.39199E+03
  0.33867E+03  0.27061E+03  0.18748E+03  0.92512E+02  0.55969E+02  0.24507E+03
  0.43926E+03  0.71822E+03  0.10499E+04  0.13613E+04  0.17821E+04  0.22452E+04
  0.27673E+04  0.32746E+04  0.38309E+04  0.42925E+04  0.47647E+04  0.59153E+04
  0.68468E+04  0.81173E+04  0.98719E+04  0.12326E+05  0.15807E+05  0.20808E+05
  0.28086E+05  0.38805E+05  0.54773E+05  0.00000E+00  0.31270E+03  0.62539E+03
  0.93773E+03  0.93715E+03  0.93625E+03  0.93480E+03  0.93249E+03  0.92862E+03
  0.92242E+03  0.91208E+03  0.89702E+03  0.87603E+03  0.84061E+03  0.78706E+03
  0.72141E+03  0.63132E+03  0.51653E+03  0.37662E+03  0.21720E+03  0.31227E+02
  0.34627E+03  0.66776E+03  0.11271E+04  0.16684E+04  0.21688E+04  0.28383E+04
  0.35609E+04  0.43573E+04  0.51025E+04  0.58907E+04  0.64915E+04  0.70655E+04
  0.85883E+04  0.96967E+04  0.11189E+05  0.13221E+05  0.16022E+05  0.19936E+05
  0.25473E+05  0.33417E+05  0.44954E+05  0.61924E+05  0.00000E+00  0.55414E+03
  0.11082E+04  0.16617E+04  0.16607E+04  0.16591E+04  0.16565E+04  0.16525E+04
  0.16458E+04  0.16351E+04  0.16173E+04  0.15915E+04  0.15556E+04  0.14950E+04
  0.14037E+04  0.12918E+04  0.11384E+04  0.94325E+03  0.70580E+03  0.43576E+03
  0.16133E+02  0.51426E+03  0.10529E+04  0.18190E+04  0.27158E+04  0.35344E+04
  0.46206E+04  0.57744E+04  0.70216E+04  0.81500E+04  0.93041E+04  0.10110E+05
  0.10820E+05  0.12908E+05  0.14253E+05  0.16044E+05  0.18451E+05  0.21722E+05
  0.26224E+05  0.32499E+05  0.41364E+05  0.54050E+05  0.72447E+05  0.00000E+00
  0.10178E+04  0.20356E+04  0.30523E+04  0.30504E+04  0.30476E+04  0.30431E+04
  0.30361E+04  0.30245E+04  0.30059E+04  0.29752E+04  0.29307E+04  0.28687E+04
  0.27646E+04  0.26077E+04  0.24156E+04  0.21527E+04  0.18184E+04  0.14122E+04
  0.95100E+03  0.23577E+03  0.66590E+03  0.15781E+04  0.28709E+04  0.43758E+04
  0.57359E+04  0.75281E+04  0.94067E+04  0.11404E+05  0.13158E+05  0.14896E+05
  0.16002E+05  0.16885E+05  0.19838E+05  0.21487E+05  0.23657E+05  0.26540E+05
  0.30408E+05  0.35656E+05  0.42863E+05  0.52888E+05  0.67014E+05  0.87191E+05
  0.00000E+00  0.18885E+04  0.37769E+04  0.56633E+04  0.56600E+04  0.56550E+04
  0.56471E+04  0.56348E+04  0.56144E+04  0.55820E+04  0.55286E+04  0.54510E+04
  0.53433E+04  0.51625E+04  0.48904E+04  0.45573E+04  0.41018E+04  0.35233E+04
  0.28209E+04  0.20243E+04  0.79111E+03  0.76040E+03  0.23253E+04  0.45371E+04
  0.71004E+04  0.93989E+04  0.12411E+05  0.15534E+05  0.18809E+05  0.21612E+05
  0.24313E+05  0.25878E+05  0.26988E+05  0.31318E+05  0.33364E+05  0.36034E+05
  0.39544E+05  0.44199E+05  0.50433E+05  0.58873E+05  0.70436E+05  0.86477E+05
  0.10903E+06  0.00000E+00  0.35496E+04  0.70991E+04  0.10645E+05  0.10639E+05
  0.10630E+05  0.10616E+05  0.10594E+05  0.10558E+05  0.10501E+05  0.10407E+05
  0.10270E+05  0.10080E+05  0.97625E+04  0.92845E+04  0.86996E+04  0.79002E+04
  0.68856E+04  0.56547E+04  0.42600E+04  0.21038E+04  0.60474E+03  0.33304E+04
  0.71744E+04  0.11614E+05  0.15570E+05  0.20732E+05  0.26037E+05  0.31540E+05
  0.36148E+05  0.40481E+05  0.42773E+05  0.44183E+05  0.50772E+05  0.53346E+05
  0.56680E+05  0.61024E+05  0.66725E+05  0.74271E+05  0.84354E+05  0.97972E+05
  0.11658E+06  0.14232E+06  0.00000E+00  0.67904E+04  0.13580E+05  0.20364E+05
  0.20353E+05  0.20337E+05  0.20311E+05  0.20272E+05  0.20207E+05  0.20104E+05
  0.19935E+05  0.19691E+05  0.19351E+05  0.18783E+05  0.17928E+05  0.16883E+05
  0.15455E+05  0.13644E+05  0.11448E+05  0.89608E+04  0.51204E+04  0.30227E+03
  0.45380E+04  0.11352E+05  0.19201E+05  0.26162E+05  0.35211E+05  0.44449E+05
  0.53946E+05  0.61759E+05  0.68952E+05  0.72443E+05  0.74257E+05  0.84695E+05
  0.87979E+05  0.92206E+05  0.97673E+05  0.10478E+06  0.11410E+06  0.12640E+06
  0.14280E+06  0.16488E+06  0.19496E+06  0.00000E+00  0.13321E+05  0.26641E+05
  0.39948E+05  0.39928E+05  0.39898E+05  0.39851E+05  0.39778E+05  0.39658E+05
  0.39470E+05  0.39159E+05  0.38710E+05  0.38086E+05  0.37044E+05  0.35478E+05
  0.33563E+05  0.30948E+05  0.27632E+05  0.23613E+05  0.19064E+05  0.12046E+05
  0.32492E+04  0.55764E+04  0.17984E+05  0.32246E+05  0.44848E+05  0.61184E+05
  0.77770E+05  0.94700E+05  0.10843E+06  0.12085E+06  0.12642E+06  0.12879E+06
  0.14610E+06  0.15036E+06  0.15581E+06  0.16282E+06  0.17187E+06  0.18363E+06
  0.19899E+06  0.21922E+06  0.24611E+06  0.28220E+06  0.00000E+00  0.27168E+05
  0.54336E+05  0.81478E+05  0.81440E+05  0.81382E+05  0.81292E+05  0.81152E+05
  0.80923E+05  0.80562E+05  0.79970E+05  0.79112E+05  0.77923E+05  0.75937E+05
  0.72953E+05  0.69305E+05  0.64325E+05  0.58013E+05  0.50365E+05  0.41712E+05
  0.28370E+05  0.11661E+05  0.50861E+04  0.28605E+05  0.55595E+05  0.79376E+05
  0.11013E+06  0.14123E+06  0.17280E+06  0.19810E+06  0.22067E+06  0.23010E+06
  0.23325E+06  0.26362E+06  0.26927E+06  0.27647E+06  0.28568E+06  0.29750E+06
  0.31273E+06  0.33245E+06  0.35817E+06  0.39193E+06  0.43664E+06  0.00000E+00
  0.46224E+05  0.92448E+05  0.13863E+06  0.13857E+06  0.13848E+06  0.13833E+06
  0.13811E+06  0.13775E+06  0.13717E+06  0.13623E+06  0.13487E+06  0.13298E+06
  0.12982E+06  0.12508E+06  0.11929E+06  0.11138E+06  0.10136E+06  0.89216E+05
  0.75483E+05  0.54317E+05  0.27819E+05  0.12756E+04  0.35979E+05  0.78694E+05
  0.11627E+06  0.16481E+06  0.21378E+06  0.26331E+06  0.30277E+06  0.33767E+06
  0.35164E+06  0.35547E+06  0.40151E+06  0.40839E+06  0.41714E+06  0.42829E+06
  0.44255E+06  0.46086E+06  0.48445E+06  0.51502E+06  0.55485E+06  0.60716E+06
  0.00000E+00  0.78645E+05  0.15729E+06  0.23587E+06  0.23577E+06  0.23562E+06
  0.23539E+06  0.23504E+06  0.23446E+06  0.23355E+06  0.23205E+06  0.22988E+06
  0.22688E+06  0.22187E+06  0.21434E+06  0.20514E+06  0.19258E+06  0.17667E+06
  0.15739E+06  0.13560E+06  0.10201E+06  0.59979E+05  0.17892E+05  0.41148E+05
  0.10880E+06  0.16823E+06  0.24494E+06  0.32217E+06  0.40011E+06  0.46186E+06
  0.51613E+06  0.53705E+06  0.54172E+06  0.61211E+06  0.62048E+06  0.63111E+06
  0.64463E+06  0.66187E+06  0.68391E+06  0.71220E+06  0.74867E+06  0.79589E+06
  0.85745E+06
