  0.00000E+00  0.00000E+00  0.00000E+00  0.00000E+00  0.00000E+00  0.00000E+00
  0.00000E+00  0.00000E+00  0.00000E+00  0.00000E+00  0.00000E+00  0.00000E+00
  0.00000E+00  0.00000E+00  0.00000E+00  0.00000E+00  0.00000E+00  0.00000E+00
  0.00000E+00  0.00000E+00  0.00000E+00  0.00000E+00  0.00000E+00  0.00000E+00
  0.00000E+00  0.00000E+00  0.00000E+00  0.00000E+00  0.00000E+00  0.00000E+00
  0.00000E+00  0.00000E+00  0.00000E+00  0.00000E+00  0.00000E+00  0.00000E+00
  0.00000E+00  0.00000E+00  0.00000E+00  0.00000E+00  0.00000E+00  0.00000E+00
  0.00000E+00  0.00000E+00  0.00000E+00  0.00000E+00  0.00000E+00  0.00000E+00
  0.00000E+00  0.00000E+00  0.00000E+00  0.00000E+00  0.00000E+00  0.90839E-05
  0.18159E-04  0.40994E-04  0.10331E-03  0.26316E-03  0.61124E-03  0.13695E-02
  0.29540E-02  0.61828E-02  0.12477E-01  0.26396E-01  0.55143E-01  0.11261E+00
  0.22613E+00  0.44482E+00  0.82494E+00  0.15525E+01  0.28498E+01  0.51355E+01
  0.89051E+01  0.15160E+02  0.24599E+02  0.39033E+02  0.66954E+02  0.10625E+03
  0.16863E+03  0.26764E+03  0.42478E+03  0.67426E+03  0.10702E+04  0.16989E+04
  0.26965E+04  0.42803E+04  0.00000E+00  0.00000E+00  0.00000E+00  0.00000E+00
  0.00000E+00  0.00000E+00  0.00000E+00  0.00000E+00  0.00000E+00  0.00000E+00
  0.19222E-04  0.38041E-04  0.85190E-04  0.21315E-03  0.53984E-03  0.12472E-02
  0.27841E-02  0.59869E-02  0.12496E-01  0.25157E-01  0.53125E-01  0.11085E+00
  0.22622E+00  0.45389E+00  0.89225E+00  0.16538E+01  0.31110E+01  0.57087E+01
  0.10285E+02  0.17830E+02  0.30349E+02  0.49237E+02  0.78119E+02  0.13399E+03
  0.21262E+03  0.33743E+03  0.53552E+03  0.84990E+03  0.13490E+04  0.21412E+04
  0.33988E+04  0.53947E+04  0.85631E+04  0.00000E+00  0.00000E+00  0.00000E+00
  0.00000E+00  0.00000E+00  0.00000E+00  0.00000E+00  0.00000E+00  0.00000E+00
  0.00000E+00  0.30805E-04  0.60301E-04  0.13369E-03  0.33197E-03  0.83472E-03
  0.19182E-02  0.42603E-02  0.91231E-02  0.18982E-01  0.38124E-01  0.80343E-01
  0.16740E+00  0.34102E+00  0.68350E+00  0.13425E+01  0.24866E+01  0.46751E+01
  0.85750E+01  0.15443E+02  0.26766E+02  0.45549E+02  0.73886E+02  0.11721E+03
  0.20101E+03  0.31895E+03  0.50614E+03  0.80324E+03  0.12747E+04  0.20233E+04
  0.32113E+04  0.50973E+04  0.80905E+04  0.12842E+05  0.00000E+00  0.00000E+00
  0.00000E+00  0.00000E+00  0.00000E+00  0.00000E+00  0.00000E+00  0.00000E+00
  0.00000E+00  0.00000E+00  0.44450E-04  0.86002E-04  0.18853E-03  0.46356E-03
  0.11558E-02  0.26369E-02  0.58236E-02  0.12409E-01  0.25717E-01  0.51491E-01
  0.10827E+00  0.22499E+00  0.45763E+00  0.91599E+00  0.17972E+01  0.33260E+01
  0.62490E+01  0.11456E+02  0.20623E+02  0.35730E+02  0.60788E+02  0.98582E+02
  0.15636E+03  0.26812E+03  0.42538E+03  0.67498E+03  0.10711E+04  0.16997E+04
  0.26977E+04  0.42816E+04  0.67961E+04  0.10787E+05  0.17121E+05  0.00000E+00
  0.00000E+00  0.00000E+00  0.00000E+00  0.00000E+00  0.00000E+00  0.00000E+00
  0.00000E+00  0.00000E+00  0.00000E+00  0.60896E-04  0.11635E-03  0.25202E-03
  0.61291E-03  0.15138E-02  0.34243E-02  0.75077E-02  0.15907E-01  0.32805E-01
  0.65408E-01  0.13709E+00  0.28420E+00  0.57672E+00  0.11524E+01  0.22581E+01
  0.41745E+01  0.78364E+01  0.14356E+02  0.25830E+02  0.44732E+02  0.76076E+02
  0.12334E+03  0.19559E+03  0.33533E+03  0.53194E+03  0.84396E+03  0.13391E+04
  0.21249E+04  0.33724E+04  0.53522E+04  0.84951E+04  0.13483E+05  0.21400E+05
  0.00000E+00  0.00000E+00  0.00000E+00  0.00000E+00  0.00000E+00  0.00000E+00
  0.00000E+00  0.00000E+00  0.00000E+00  0.00000E+00  0.81045E-04  0.15308E-03
  0.32732E-03  0.78660E-03  0.19214E-02  0.43034E-02  0.93572E-02  0.19683E-01
  0.40353E-01  0.80075E-01  0.16716E+00  0.34549E+00  0.69934E+00  0.13946E+01
  0.27279E+01  0.50363E+01  0.94442E+01  0.17287E+02  0.31081E+02  0.53798E+02
  0.91454E+02  0.14822E+03  0.23498E+03  0.40277E+03  0.63881E+03  0.10134E+04
  0.16078E+04  0.25510E+04  0.40483E+04  0.64245E+04  0.10197E+05  0.16183E+05
  0.25685E+05  0.00000E+00  0.00000E+00  0.00000E+00  0.00000E+00  0.00000E+00
  0.00000E+00  0.00000E+00  0.00000E+00  0.00000E+00  0.00000E+00  0.10558E-03
  0.19791E-03  0.41833E-03  0.99336E-03  0.23977E-02  0.53111E-02  0.11432E-01
  0.23847E-01  0.48554E-01  0.95785E-01  0.19895E+00  0.40954E+00  0.82637E+00
  0.16436E+01  0.32085E+01  0.59135E+01  0.11074E+02  0.20249E+02  0.36376E+02
  0.62918E+02  0.10690E+03  0.17318E+03  0.27444E+03  0.47030E+03  0.74574E+03
  0.11828E+04  0.18763E+04  0.29767E+04  0.47234E+04  0.74954E+04  0.11896E+05
  0.18878E+05  0.29962E+05  0.00000E+00  0.00000E+00  0.00000E+00  0.00000E+00
  0.00000E+00  0.00000E+00  0.00000E+00  0.00000E+00  0.00000E+00  0.00000E+00
  0.13457E-03  0.25257E-03  0.52936E-03  0.12438E-02  0.29667E-02  0.64893E-02
  0.13815E-01  0.28540E-01  0.57608E-01  0.11285E+00  0.23303E+00  0.47746E+00
  0.95950E+00  0.19024E+01  0.37040E+01  0.68127E+01  0.12737E+02  0.23257E+02
  0.41736E+02  0.72128E+02  0.12246E+03  0.19828E+03  0.31408E+03  0.53804E+03
  0.85292E+03  0.13525E+04  0.21451E+04  0.34026E+04  0.53987E+04  0.85663E+04
  0.13594E+05  0.21573E+05  0.34237E+05  0.00000E+00  0.00000E+00  0.00000E+00
  0.00000E+00  0.00000E+00  0.00000E+00  0.00000E+00  0.00000E+00  0.00000E+00
  0.00000E+00  0.16543E-03  0.31688E-03  0.66398E-03  0.15501E-02  0.36583E-02
  0.79010E-02  0.16615E-01  0.33941E-01  0.67838E-01  0.13177E+00  0.27023E+00
  0.55044E+00  0.11011E+01  0.21745E+01  0.42205E+01  0.77424E+01  0.14445E+02
  0.26333E+02  0.47192E+02  0.81468E+02  0.13820E+03  0.22361E+03  0.35399E+03
  0.60616E+03  0.96055E+03  0.15227E+04  0.24146E+04  0.38294E+04  0.60749E+04
  0.96381E+04  0.15294E+05  0.24268E+05  0.38512E+05  0.00000E+00  0.00000E+00
  0.00000E+00  0.00000E+00  0.00000E+00  0.00000E+00  0.00000E+00  0.00000E+00
  0.00000E+00  0.00000E+00  0.18635E-03  0.38264E-03  0.81759E-03  0.19165E-02
  0.44956E-02  0.95984E-02  0.19937E-01  0.40242E-01  0.79569E-01  0.15305E+00
  0.31142E+00  0.63002E+00  0.12529E+01  0.24629E+01  0.47619E+01  0.87079E+01
  0.16206E+02  0.29482E+02  0.52749E+02  0.90940E+02  0.15410E+03  0.24911E+03
  0.39409E+03  0.67448E+03  0.10683E+04  0.16930E+04  0.26837E+04  0.42553E+04
  0.67494E+04  0.10707E+05  0.16987E+05  0.26953E+05  0.42770E+05  0.00000E+00
  0.00000E+00  0.00000E+00  0.00000E+00  0.00000E+00  0.00000E+00  0.00000E+00
  0.00000E+00  0.00000E+00  0.00000E+00  0.16531E-03  0.42560E-03  0.97245E-03
  0.23410E-02  0.55121E-02  0.11671E-01  0.23974E-01  0.47794E-01  0.93370E-01
  0.17762E+00  0.35810E+00  0.71876E+00  0.14193E+01  0.27743E+01  0.53390E+01
  0.97248E+01  0.18041E+02  0.32738E+02  0.58454E+02  0.10061E+03  0.17026E+03
  0.27491E+03  0.43450E+03  0.74317E+03  0.11764E+04  0.18634E+04  0.29529E+04
  0.46807E+04  0.74223E+04  0.11772E+05  0.18675E+05  0.29627E+05  0.47009E+05
  0.00000E+00  0.00000E+00  0.00000E+00  0.00000E+00  0.00000E+00  0.00000E+00
  0.00000E+00  0.00000E+00  0.00000E+00  0.00000E+00  0.00000E+00  0.35729E-03
  0.10414E-02  0.27425E-02  0.66506E-02  0.14107E-01  0.28792E-01  0.56805E-01
  0.10966E+00  0.20618E+00  0.41157E+00  0.81870E+00  0.16037E+01  0.31143E+01
  0.59600E+01  0.10804E+02  0.19969E+02  0.36122E+02  0.64335E+02  0.11050E+03
  0.18668E+03  0.30101E+03  0.47520E+03  0.81213E+03  0.12847E+04  0.20336E+04
  0.32211E+04  0.51039E+04  0.80911E+04  0.12830E+05  0.20349E+05  0.32278E+05
  0.51209E+05  0.00000E+00  0.00000E+00  0.00000E+00  0.00000E+00  0.00000E+00
  0.00000E+00  0.00000E+00  0.00000E+00  0.00000E+00  0.00000E+00  0.54357E-03
  0.20102E-04  0.83664E-03  0.29541E-02  0.78035E-02  0.16906E-01  0.34597E-01
  0.67791E-01  0.12946E+00  0.24042E+00  0.47485E+00  0.93518E+00  0.18145E+01
  0.34961E+01  0.66458E+01  0.11977E+02  0.22031E+02  0.39698E+02  0.70479E+02
  0.12073E+03  0.20353E+03  0.32757E+03  0.51635E+03  0.88159E+03  0.13932E+04
  0.22037E+04  0.34883E+04  0.55247E+04  0.87547E+04  0.13878E+05  0.22005E+05
  0.34899E+05  0.55359E+05  0.00000E+00  0.00000E+00  0.00000E+00  0.00000E+00
  0.00000E+00  0.00000E+00  0.00000E+00  0.00000E+00  0.00000E+00  0.00000E+00
  0.19149E-02  0.10836E-02  0.00000E+00  0.26467E-02  0.87238E-02  0.19970E-01
  0.41554E-01  0.81336E-01  0.15395E+00  0.28240E+00  0.55157E+00  0.10741E+01
  0.20611E+01  0.39345E+01  0.74185E+01  0.13273E+02  0.24274E+02  0.43528E+02
  0.76970E+02  0.13141E+03  0.22093E+03  0.35475E+03  0.55810E+03  0.95168E+03
  0.15021E+04  0.23737E+04  0.37544E+04  0.59423E+04  0.94118E+04  0.14913E+05
  0.23640E+05  0.37482E+05  0.59445E+05  0.00000E+00  0.00000E+00  0.00000E+00
  0.00000E+00  0.00000E+00  0.00000E+00  0.00000E+00  0.00000E+00  0.00000E+00
  0.00000E+00  0.00000E+00  0.48604E-02  0.28198E-02  0.66722E-03  0.83567E-02
  0.22162E-01  0.48175E-01  0.95271E-01  0.17880E+00  0.32340E+00  0.62297E+00
  0.11923E+01  0.22161E+01  0.41800E+01  0.77972E+01  0.13815E+02  0.25065E+02
  0.44646E+02  0.78510E+02  0.13341E+03  0.22344E+03  0.35760E+03  0.56103E+03
  0.95498E+03  0.15046E+04  0.23743E+04  0.37512E+04  0.59320E+04  0.93888E+04
  0.14868E+05  0.23558E+05  0.37339E+05  0.59201E+05  0.00000E+00  0.00000E+00
  0.00000E+00  0.00000E+00  0.00000E+00  0.00000E+00  0.00000E+00  0.00000E+00
  0.00000E+00  0.00000E+00  0.00000E+00  0.00000E+00  0.10260E-01  0.41171E-02
  0.60836E-02  0.23608E-01  0.56109E-01  0.11306E+00  0.21180E+00  0.37760E+00
  0.71614E+00  0.13490E+01  0.24362E+01  0.45269E+01  0.83301E+01  0.14577E+02
  0.26178E+02  0.46224E+02  0.80697E+02  0.13629E+03  0.22712E+03  0.36193E+03
  0.56581E+03  0.96078E+03  0.15103E+04  0.23789E+04  0.37530E+04  0.59278E+04
  0.93735E+04  0.14833E+05  0.23489E+05  0.37211E+05  0.58976E+05  0.00000E+00
  0.00000E+00  0.00000E+00  0.00000E+00  0.00000E+00  0.00000E+00  0.00000E+00
  0.14713E-03  0.32385E-02  0.35614E-02  0.00000E+00  0.00000E+00  0.00000E+00
  0.16953E-01  0.00000E+00  0.23743E-01  0.66326E-01  0.13886E+00  0.26006E+00
  0.45841E+00  0.85394E+00  0.15748E+01  0.27682E+01  0.50466E+01  0.91236E+01
  0.15709E+02  0.27827E+02  0.48563E+02  0.83948E+02  0.14061E+03  0.23270E+03
  0.36868E+03  0.57359E+03  0.97064E+03  0.15211E+04  0.23898E+04  0.37627E+04
  0.59336E+04  0.93707E+04  0.14814E+05  0.23439E+05  0.37108E+05  0.58783E+05
  0.00000E+00  0.00000E+00  0.00000E+00  0.00000E+00  0.00000E+00  0.00000E+00
  0.10165E-01  0.20077E-01  0.28755E-01  0.35392E-01  0.38667E-01  0.36875E-01
  0.17760E-01  0.00000E+00  0.26183E-01  0.97531E-02  0.66467E-01  0.16007E+00
  0.31176E+00  0.55083E+00  0.10216E+01  0.18587E+01  0.31924E+01  0.57131E+01
  0.10141E+02  0.17151E+02  0.29917E+02  0.51508E+02  0.88011E+02  0.14594E+03
  0.23952E+03  0.37674E+03  0.58258E+03  0.98171E+03  0.15323E+04  0.23998E+04
  0.37687E+04  0.59310E+04  0.93512E+04  0.14763E+05  0.23335E+05  0.36913E+05
  0.58436E+05  0.00000E+00  0.00000E+00  0.00000E+00  0.00000E+00  0.00000E+00
  0.19615E-01  0.41728E-01  0.62954E-01  0.80919E-01  0.94606E-01  0.10275E+00
  0.10519E+00  0.10071E+00  0.81345E-01  0.00000E+00  0.25786E-01  0.63142E-01
  0.19325E+00  0.39583E+00  0.70365E+00  0.12971E+01  0.23191E+01  0.38819E+01
  0.67841E+01  0.11759E+02  0.19431E+02  0.33205E+02  0.56131E+02  0.94397E+02
  0.15439E+03  0.25046E+03  0.39006E+03  0.59818E+03  0.10018E+04  0.15551E+04
  0.24247E+04  0.37941E+04  0.59539E+04  0.93657E+04  0.14759E+05  0.23294E+05
  0.36805E+05  0.58210E+05  0.00000E+00  0.00000E+00  0.00000E+00  0.00000E+00
  0.30407E-01  0.75850E-01  0.12146E+00  0.16210E+00  0.19569E+00  0.22003E+00
  0.23395E+00  0.23896E+00  0.23357E+00  0.20889E+00  0.15795E+00  0.79403E-01
  0.14982E+00  0.22059E+00  0.49797E+00  0.90578E+00  0.16789E+01  0.29614E+01
  0.48511E+01  0.82846E+01  0.14010E+02  0.22577E+02  0.37709E+02  0.62419E+02
  0.10303E+03  0.16576E+03  0.26515E+03  0.40792E+03  0.61916E+03  0.10289E+04
  0.15862E+04  0.24593E+04  0.38308E+04  0.59894E+04  0.93939E+04  0.14769E+05
  0.23265E+05  0.36704E+05  0.57981E+05  0.00000E+00  0.12664E-01  0.25383E-01
  0.38182E-01  0.12449E+00  0.21635E+00  0.30309E+00  0.37672E+00  0.43390E+00
  0.47442E+00  0.49596E+00  0.50196E+00  0.49144E+00  0.44975E+00  0.36710E+00
  0.25005E+00  0.65499E-01  0.99952E-01  0.66387E+00  0.11956E+01  0.22377E+01
  0.39113E+01  0.62812E+01  0.10485E+02  0.17284E+02  0.27108E+02  0.44133E+02
  0.71315E+02  0.11516E+03  0.18167E+03  0.28565E+03  0.43292E+03  0.64875E+03
  0.10675E+04  0.16312E+04  0.25111E+04  0.38887E+04  0.60513E+04  0.94549E+04
  0.14819E+05  0.23287E+05  0.36667E+05  0.57832E+05  0.00000E+00  0.65785E-01
  0.13180E+00  0.19812E+00  0.37964E+00  0.55910E+00  0.71902E+00  0.84752E+00
  0.94124E+00  0.10036E+01  0.10346E+01  0.10372E+01  0.10149E+01  0.93728E+00
  0.79500E+00  0.59722E+00  0.29247E+00  0.14295E+00  0.69419E+00  0.19122E+01
  0.31317E+01  0.54289E+01  0.85451E+01  0.13947E+02  0.22382E+02  0.34083E+02
  0.53912E+02  0.84715E+02  0.13327E+03  0.20524E+03  0.31589E+03  0.46976E+03
  0.69250E+03  0.11247E+04  0.16990E+04  0.25907E+04  0.39809E+04  0.61555E+04
  0.95683E+04  0.14935E+05  0.23391E+05  0.36732E+05  0.57810E+05  0.00000E+00
  0.78638E+00  0.15748E+01  0.23650E+01  0.23677E+01  0.23700E+01  0.23712E+01
  0.23701E+01  0.23632E+01  0.23469E+01  0.23115E+01  0.22537E+01  0.21666E+01
  0.19988E+01  0.17225E+01  0.13633E+01  0.82813E+00  0.82907E-01  0.92545E+00
  0.22315E+01  0.45200E+01  0.79295E+01  0.12305E+02  0.19662E+02  0.30714E+02
  0.45339E+02  0.69488E+02  0.10578E+03  0.16140E+03  0.24148E+03  0.36200E+03
  0.52563E+03  0.75878E+03  0.12113E+04  0.18022E+04  0.27133E+04  0.41256E+04
  0.63244E+04  0.97617E+04  0.15150E+05  0.23618E+05  0.36950E+05  0.57980E+05
  0.00000E+00  0.15488E+01  0.31005E+01  0.46542E+01  0.46569E+01  0.46587E+01
  0.46577E+01  0.46519E+01  0.46351E+01  0.46006E+01  0.45313E+01  0.44219E+01
  0.42600E+01  0.39580E+01  0.34704E+01  0.28467E+01  0.19355E+01  0.69358E+00
  0.94549E+00  0.30065E+01  0.65386E+01  0.11636E+02  0.17905E+02  0.28170E+02
  0.43030E+02  0.61789E+02  0.91970E+02  0.13579E+03  0.20092E+03  0.29175E+03
  0.42522E+03  0.60151E+03  0.84812E+03  0.13274E+04  0.19402E+04  0.28775E+04
  0.43203E+04  0.65539E+04  0.10029E+05  0.15456E+05  0.23957E+05  0.37308E+05
  0.58323E+05  0.00000E+00  0.30232E+01  0.60502E+01  0.90786E+01  0.90800E+01
  0.90788E+01  0.90715E+01  0.90540E+01  0.90148E+01  0.89416E+01  0.88035E+01
  0.85905E+01  0.82811E+01  0.77197E+01  0.68292E+01  0.57040E+01  0.40876E+01
  0.19239E+01  0.87269E+00  0.43019E+01  0.10053E+02  0.18113E+02  0.27635E+02
  0.42815E+02  0.63977E+02  0.89390E+02  0.12914E+03  0.18465E+03  0.26434E+03
  0.37131E+03  0.52404E+03  0.71897E+03  0.98557E+03  0.15049E+04  0.21513E+04
  0.31297E+04  0.46227E+04  0.69166E+04  0.10463E+05  0.15973E+05  0.24568E+05
  0.38019E+05  0.59132E+05  0.00000E+00  0.58591E+01  0.11723E+02  0.17587E+02
  0.17584E+02  0.17575E+02  0.17554E+02  0.17512E+02  0.17428E+02  0.17280E+02
  0.17011E+02  0.16604E+02  0.16021E+02  0.14982E+02  0.13358E+02  0.11324E+02
  0.84380E+01  0.46285E+01  0.21623E+00  0.60399E+01  0.15631E+02  0.28744E+02
  0.43708E+02  0.66993E+02  0.98337E+02  0.13419E+03  0.18872E+03  0.26186E+03
  0.36303E+03  0.49319E+03  0.67313E+03  0.89364E+03  0.11873E+04  0.17624E+04
  0.24546E+04  0.34897E+04  0.50522E+04  0.74310E+04  0.11080E+05  0.16712E+05
  0.25450E+05  0.39063E+05  0.60352E+05  0.00000E+00  0.11173E+02  0.22353E+02
  0.33527E+02  0.33514E+02  0.33489E+02  0.33439E+02  0.33350E+02  0.33182E+02
  0.32895E+02  0.32388E+02  0.31629E+02  0.30550E+02  0.28660E+02  0.25731E+02
  0.22088E+02  0.16968E+02  0.10278E+02  0.18739E+01  0.80766E+01  0.24226E+02
  0.45871E+02  0.69874E+02  0.10646E+03  0.15421E+03  0.20640E+03  0.28376E+03
  0.38348E+03  0.51628E+03  0.67956E+03  0.89755E+03  0.11525E+04  0.14818E+04
  0.21334E+04  0.28865E+04  0.39971E+04  0.56532E+04  0.81469E+04  0.11937E+05
  0.17738E+05  0.26679E+05  0.40529E+05  0.62089E+05  0.00000E+00  0.22337E+02
  0.44681E+02  0.67008E+02  0.66975E+02  0.66916E+02  0.66807E+02  0.66622E+02
  0.66288E+02  0.65729E+02  0.64759E+02  0.63319E+02  0.61285E+02  0.57762E+02
  0.52345E+02  0.45638E+02  0.36285E+02  0.24160E+02  0.90754E+01  0.85672E+01
  0.36860E+02  0.74154E+02  0.11450E+03  0.17489E+03  0.25153E+03  0.33177E+03
  0.44773E+03  0.59127E+03  0.77495E+03  0.98965E+03  0.12651E+04  0.15694E+04
  0.19481E+04  0.27117E+04  0.35491E+04  0.47644E+04  0.65499E+04  0.92026E+04
  0.13187E+05  0.19222E+05  0.28443E+05  0.42621E+05  0.64553E+05  0.00000E+00
  0.42821E+02  0.85648E+02  0.12844E+03  0.12836E+03  0.12824E+03  0.12802E+03
  0.12766E+03  0.12702E+03  0.12597E+03  0.12418E+03  0.12154E+03  0.11782E+03
  0.11144E+03  0.10168E+03  0.89644E+02  0.72944E+02  0.51421E+02  0.24830E+02
  0.59989E+01  0.54984E+02  0.11875E+03  0.18645E+03  0.28634E+03  0.41030E+03
  0.53547E+03  0.71249E+03  0.92383E+03  0.11844E+04  0.14741E+04  0.18313E+04
  0.22016E+04  0.26442E+04  0.35619E+04  0.45091E+04  0.58613E+04  0.78170E+04
  0.10681E+05  0.14925E+05  0.21280E+05  0.30889E+05  0.45533E+05  0.68018E+05
  0.00000E+00  0.85714E+02  0.17143E+03  0.25706E+03  0.25691E+03  0.25665E+03
  0.25621E+03  0.25550E+03  0.25428E+03  0.25228E+03  0.24891E+03  0.24395E+03
  0.23700E+03  0.22515E+03  0.20710E+03  0.18490E+03  0.15422E+03  0.11487E+03
  0.66519E+02  0.10846E+02  0.76959E+02  0.19010E+03  0.30840E+03  0.48083E+03
  0.69074E+03  0.89598E+03  0.11806E+04  0.15090E+04  0.18992E+04  0.23109E+04
  0.27968E+04  0.32638E+04  0.37947E+04  0.49455E+04  0.60448E+04  0.75868E+04
  0.97788E+04  0.12936E+05  0.17542E+05  0.24341E+05  0.34490E+05  0.49786E+05
  0.73046E+05  0.00000E+00  0.15339E+03  0.30678E+03  0.46000E+03  0.45971E+03
  0.45926E+03  0.45850E+03  0.45727E+03  0.45519E+03  0.45181E+03  0.44613E+03
  0.43782E+03  0.42619E+03  0.40644E+03  0.37646E+03  0.33962E+03  0.28887E+03
  0.22394E+03  0.14444E+03  0.53292E+02  0.89768E+02  0.27291E+03  0.46248E+03
  0.73661E+03  0.10660E+04  0.13810E+04  0.18119E+04  0.22965E+04  0.28568E+04
  0.34234E+04  0.40680E+04  0.46454E+04  0.52707E+04  0.66971E+04  0.79595E+04
  0.97052E+04  0.12151E+05  0.15622E+05  0.20618E+05  0.27896E+05  0.38630E+05
  0.54633E+05  0.78736E+05  0.00000E+00  0.27380E+03  0.54760E+03  0.82110E+03
  0.82059E+03  0.81979E+03  0.81847E+03  0.81637E+03  0.81283E+03  0.80711E+03
  0.79755E+03  0.78358E+03  0.76409E+03  0.73110E+03  0.68112E+03  0.61979E+03
  0.53549E+03  0.42787E+03  0.29644E+03  0.14627E+03  0.88495E+02  0.38748E+03
  0.69452E+03  0.11356E+04  0.16601E+04  0.21524E+04  0.28178E+04  0.35500E+04
  0.43754E+04  0.51775E+04  0.60573E+04  0.67870E+04  0.75337E+04  0.93529E+04
  0.10826E+05  0.12835E+05  0.15609E+05  0.19490E+05  0.24994E+05  0.32900E+05
  0.44408E+05  0.61356E+05  0.86603E+05  0.00000E+00  0.49442E+03  0.98882E+03
  0.14827E+04  0.14818E+04  0.14803E+04  0.14780E+04  0.14744E+04  0.14683E+04
  0.14585E+04  0.14421E+04  0.14183E+04  0.13851E+04  0.13291E+04  0.12445E+04
  0.11407E+04  0.99821E+03  0.81670E+03  0.59549E+03  0.34342E+03  0.49375E+02
  0.54750E+03  0.10558E+04  0.17821E+04  0.26380E+04  0.34292E+04  0.44877E+04
  0.56303E+04  0.68894E+04  0.80677E+04  0.93141E+04  0.10264E+05  0.11172E+05
  0.13579E+05  0.15332E+05  0.17691E+05  0.20904E+05  0.25334E+05  0.31521E+05
  0.40277E+05  0.52836E+05  0.71079E+05  0.97910E+05  0.00000E+00  0.87618E+03
  0.17523E+04  0.26274E+04  0.26258E+04  0.26233E+04  0.26192E+04  0.26129E+04
  0.26023E+04  0.25853E+04  0.25573E+04  0.25164E+04  0.24595E+04  0.23638E+04
  0.22194E+04  0.20424E+04  0.18000E+04  0.14914E+04  0.11160E+04  0.68900E+03
  0.25509E+02  0.81312E+03  0.16648E+04  0.28761E+04  0.42940E+04  0.55884E+04
  0.73058E+04  0.91301E+04  0.11102E+05  0.12886E+05  0.14711E+05  0.15985E+05
  0.17107E+05  0.20409E+05  0.22537E+05  0.25368E+05  0.29173E+05  0.34345E+05
  0.41464E+05  0.51386E+05  0.65402E+05  0.85460E+05  0.11455E+06  0.00000E+00
  0.16093E+04  0.32186E+04  0.48261E+04  0.48232E+04  0.48187E+04  0.48116E+04
  0.48005E+04  0.47821E+04  0.47528E+04  0.47043E+04  0.46338E+04  0.45359E+04
  0.43713E+04  0.41232E+04  0.38195E+04  0.34037E+04  0.28752E+04  0.22329E+04
  0.15037E+04  0.37279E+03  0.10529E+04  0.24951E+04  0.45393E+04  0.69187E+04
  0.90693E+04  0.11903E+05  0.14873E+05  0.18032E+05  0.20805E+05  0.23553E+05
  0.25301E+05  0.26697E+05  0.31367E+05  0.33973E+05  0.37405E+05  0.41963E+05
  0.48079E+05  0.56378E+05  0.67773E+05  0.83623E+05  0.10596E+06  0.13786E+06
  0.00000E+00  0.29860E+04  0.59718E+04  0.89544E+04  0.89492E+04  0.89414E+04
  0.89288E+04  0.89093E+04  0.88771E+04  0.88259E+04  0.87414E+04  0.86188E+04
  0.84484E+04  0.81627E+04  0.77324E+04  0.72058E+04  0.64855E+04  0.55708E+04
  0.44602E+04  0.32007E+04  0.12509E+04  0.12023E+04  0.36766E+04  0.71738E+04
  0.11227E+05  0.14861E+05  0.19623E+05  0.24561E+05  0.29740E+05  0.34172E+05
  0.38442E+05  0.40916E+05  0.42672E+05  0.49517E+05  0.52753E+05  0.56975E+05
  0.62525E+05  0.69885E+05  0.79742E+05  0.93086E+05  0.11137E+06  0.13673E+06
  0.17239E+06  0.00000E+00  0.56125E+04  0.11225E+05  0.16831E+05  0.16822E+05
  0.16808E+05  0.16785E+05  0.16751E+05  0.16694E+05  0.16603E+05  0.16454E+05
  0.16238E+05  0.15938E+05  0.15436E+05  0.14680E+05  0.13755E+05  0.12491E+05
  0.10887E+05  0.89409E+04  0.67356E+04  0.33264E+04  0.95617E+03  0.52659E+04
  0.11344E+05  0.18363E+05  0.24619E+05  0.32779E+05  0.41168E+05  0.49869E+05
  0.57156E+05  0.64006E+05  0.67630E+05  0.69860E+05  0.80277E+05  0.84347E+05
  0.89618E+05  0.96487E+05  0.10550E+06  0.11743E+06  0.13338E+06  0.15491E+06
  0.18432E+06  0.22503E+06  0.00000E+00  0.10737E+05  0.21473E+05  0.32198E+05
  0.32181E+05  0.32155E+05  0.32115E+05  0.32053E+05  0.31950E+05  0.31788E+05
  0.31521E+05  0.31134E+05  0.30597E+05  0.29698E+05  0.28347E+05  0.26694E+05
  0.24437E+05  0.21573E+05  0.18100E+05  0.14168E+05  0.80960E+04  0.47793E+03
  0.71752E+04  0.17949E+05  0.30360E+05  0.41366E+05  0.55674E+05  0.70281E+05
  0.85296E+05  0.97650E+05  0.10902E+06  0.11454E+06  0.11741E+06  0.13391E+06
  0.13911E+06  0.14579E+06  0.15443E+06  0.16568E+06  0.18041E+06  0.19986E+06
  0.22579E+06  0.26070E+06  0.30826E+06  0.00000E+00  0.21062E+05  0.42123E+05
  0.63163E+05  0.63132E+05  0.63084E+05  0.63010E+05  0.62895E+05  0.62706E+05
  0.62407E+05  0.61916E+05  0.61205E+05  0.60220E+05  0.58572E+05  0.56096E+05
  0.53068E+05  0.48933E+05  0.43690E+05  0.37335E+05  0.30143E+05  0.19046E+05
  0.51374E+04  0.88170E+04  0.28435E+05  0.50985E+05  0.70910E+05  0.96740E+05
  0.12297E+06  0.14973E+06  0.17144E+06  0.19108E+06  0.19989E+06  0.20363E+06
  0.23100E+06  0.23773E+06  0.24636E+06  0.25744E+06  0.27175E+06  0.29034E+06
  0.31463E+06  0.34662E+06  0.38913E+06  0.44619E+06  0.00000E+00  0.42957E+05
  0.85913E+05  0.12883E+06  0.12877E+06  0.12868E+06  0.12853E+06  0.12831E+06
  0.12795E+06  0.12738E+06  0.12644E+06  0.12509E+06  0.12321E+06  0.12007E+06
  0.11535E+06  0.10958E+06  0.10171E+06  0.91726E+05  0.79633E+05  0.65952E+05
  0.44858E+05  0.18438E+05  0.80418E+04  0.45228E+05  0.87904E+05  0.12550E+06
  0.17414E+06  0.22331E+06  0.27321E+06  0.31322E+06  0.34891E+06  0.36382E+06
  0.36879E+06  0.41682E+06  0.42575E+06  0.43714E+06  0.45170E+06  0.47038E+06
  0.49446E+06  0.52566E+06  0.56632E+06  0.61970E+06  0.69039E+06  0.00000E+00
  0.73086E+05  0.14617E+06  0.21919E+06  0.21910E+06  0.21895E+06  0.21872E+06
  0.21837E+06  0.21779E+06  0.21689E+06  0.21540E+06  0.21324E+06  0.21025E+06
  0.20526E+06  0.19777E+06  0.18861E+06  0.17611E+06  0.16026E+06  0.14106E+06
  0.11935E+06  0.85883E+05  0.43986E+05  0.20168E+04  0.56887E+05  0.12443E+06
  0.18384E+06  0.26059E+06  0.33801E+06  0.41634E+06  0.47873E+06  0.53391E+06
  0.55599E+06  0.56205E+06  0.63484E+06  0.64571E+06  0.65955E+06  0.67719E+06
  0.69974E+06  0.72869E+06  0.76599E+06  0.81432E+06  0.87730E+06  0.96000E+06
  0.00000E+00  0.12435E+06  0.24870E+06  0.37294E+06  0.37279E+06  0.37255E+06
  0.37219E+06  0.37163E+06  0.37071E+06  0.36927E+06  0.36690E+06  0.36347E+06
  0.35873E+06  0.35080E+06  0.33890E+06  0.32435E+06  0.30449E+06  0.27933E+06
  0.24886E+06  0.21439E+06  0.16129E+06  0.94836E+05  0.28290E+05  0.65061E+05
  0.17202E+06  0.26600E+06  0.38728E+06  0.50939E+06  0.63262E+06  0.73027E+06
  0.81607E+06  0.84916E+06  0.85654E+06  0.96782E+06  0.98106E+06  0.99787E+06
  0.10192E+07  0.10465E+07  0.10814E+07  0.11261E+07  0.11837E+07  0.12584E+07
  0.13558E+07
