  0.00000E+00  0.00000E+00  0.00000E+00  0.00000E+00  0.00000E+00  0.00000E+00
  0.00000E+00  0.00000E+00  0.00000E+00  0.00000E+00  0.00000E+00  0.00000E+00
  0.00000E+00  0.00000E+00  0.00000E+00  0.00000E+00  0.00000E+00  0.00000E+00
  0.00000E+00  0.00000E+00  0.00000E+00  0.00000E+00  0.00000E+00  0.00000E+00
  0.00000E+00  0.00000E+00  0.00000E+00  0.00000E+00  0.00000E+00  0.00000E+00
  0.00000E+00  0.00000E+00  0.00000E+00  0.00000E+00  0.00000E+00  0.00000E+00
  0.00000E+00  0.00000E+00  0.00000E+00  0.00000E+00  0.00000E+00  0.00000E+00
  0.00000E+00  0.00000E+00  0.00000E+00  0.00000E+00  0.00000E+00  0.00000E+00
  0.00000E+00  0.00000E+00  0.00000E+00  0.00000E+00  0.00000E+00  0.70506E-05
  0.13878E-04  0.31187E-04  0.79511E-04  0.20342E-03  0.46953E-03  0.10480E-02
  0.22604E-02  0.47215E-02  0.95485E-02  0.20241E-01  0.42458E-01  0.87226E-01
  0.17516E+00  0.34456E+00  0.63900E+00  0.12025E+01  0.22074E+01  0.39780E+01
  0.68978E+01  0.11743E+02  0.19054E+02  0.30235E+02  0.51862E+02  0.82303E+02
  0.13062E+03  0.20732E+03  0.32903E+03  0.52228E+03  0.82900E+03  0.13159E+04
  0.20887E+04  0.33155E+04  0.00000E+00  0.00000E+00  0.00000E+00  0.00000E+00
  0.00000E+00  0.00000E+00  0.00000E+00  0.00000E+00  0.00000E+00  0.00000E+00
  0.14912E-04  0.29063E-04  0.64775E-04  0.16396E-03  0.41715E-03  0.95791E-03
  0.21305E-02  0.45785E-02  0.95430E-02  0.19256E-01  0.40757E-01  0.85363E-01
  0.17523E+00  0.35158E+00  0.69113E+00  0.12810E+01  0.24098E+01  0.44219E+01
  0.79665E+01  0.13811E+02  0.23508E+02  0.38139E+02  0.60511E+02  0.10379E+03
  0.16469E+03  0.26137E+03  0.41481E+03  0.65833E+03  0.10450E+04  0.16586E+04
  0.26327E+04  0.41787E+04  0.66330E+04  0.00000E+00  0.00000E+00  0.00000E+00
  0.00000E+00  0.00000E+00  0.00000E+00  0.00000E+00  0.00000E+00  0.00000E+00
  0.00000E+00  0.23911E-04  0.46112E-04  0.10172E-03  0.25550E-03  0.64518E-03
  0.14736E-02  0.32602E-02  0.69821E-02  0.14499E-01  0.29181E-01  0.61622E-01
  0.12891E+00  0.26416E+00  0.52944E+00  0.10399E+01  0.19261E+01  0.36213E+01
  0.66422E+01  0.11962E+02  0.20733E+02  0.35282E+02  0.57232E+02  0.90790E+02
  0.15570E+03  0.24706E+03  0.39206E+03  0.62219E+03  0.98740E+03  0.15672E+04
  0.24875E+04  0.39484E+04  0.62669E+04  0.99474E+04  0.00000E+00  0.00000E+00
  0.00000E+00  0.00000E+00  0.00000E+00  0.00000E+00  0.00000E+00  0.00000E+00
  0.00000E+00  0.00000E+00  0.34498E-04  0.65735E-04  0.14348E-03  0.35674E-03
  0.89347E-03  0.20260E-02  0.44565E-02  0.94969E-02  0.19646E-01  0.39412E-01
  0.83003E-01  0.17326E+00  0.35448E+00  0.70952E+00  0.13921E+01  0.25763E+01
  0.48404E+01  0.88736E+01  0.15974E+02  0.27676E+02  0.47086E+02  0.76361E+02
  0.12112E+03  0.20768E+03  0.32950E+03  0.52284E+03  0.82967E+03  0.13166E+04
  0.20896E+04  0.33166E+04  0.52642E+04  0.83552E+04  0.13262E+05  0.00000E+00
  0.00000E+00  0.00000E+00  0.00000E+00  0.00000E+00  0.00000E+00  0.00000E+00
  0.00000E+00  0.00000E+00  0.00000E+00  0.47273E-04  0.88942E-04  0.19177E-03
  0.47162E-03  0.11699E-02  0.26304E-02  0.57435E-02  0.12170E-01  0.25055E-01
  0.50065E-01  0.10512E+00  0.21885E+00  0.44673E+00  0.89267E+00  0.17491E+01
  0.32335E+01  0.60700E+01  0.11120E+02  0.20008E+02  0.34649E+02  0.58928E+02
  0.95540E+02  0.15150E+03  0.25975E+03  0.41204E+03  0.65373E+03  0.10373E+04
  0.16460E+04  0.26123E+04  0.41458E+04  0.65802E+04  0.10444E+05  0.16576E+05
  0.00000E+00  0.00000E+00  0.00000E+00  0.00000E+00  0.00000E+00  0.00000E+00
  0.00000E+00  0.00000E+00  0.00000E+00  0.00000E+00  0.62908E-04  0.11698E-03
  0.24904E-03  0.60525E-03  0.14851E-02  0.33060E-02  0.71588E-02  0.15060E-01
  0.30823E-01  0.61291E-01  0.12818E+00  0.26599E+00  0.54171E+00  0.10802E+01
  0.21130E+01  0.39011E+01  0.73154E+01  0.13390E+02  0.24075E+02  0.41671E+02
  0.70840E+02  0.11481E+03  0.18201E+03  0.31199E+03  0.49482E+03  0.78496E+03
  0.12454E+04  0.19760E+04  0.31358E+04  0.49764E+04  0.78982E+04  0.12535E+05
  0.19895E+05  0.00000E+00  0.00000E+00  0.00000E+00  0.00000E+00  0.00000E+00
  0.00000E+00  0.00000E+00  0.00000E+00  0.00000E+00  0.00000E+00  0.81945E-04
  0.15126E-03  0.31825E-03  0.76430E-03  0.18534E-02  0.40805E-02  0.87481E-02
  0.18251E-01  0.37075E-01  0.73300E-01  0.15258E+00  0.31537E+00  0.64011E+00
  0.12732E+01  0.24853E+01  0.45806E+01  0.85781E+01  0.15684E+02  0.28177E+02
  0.48736E+02  0.82805E+02  0.13414E+03  0.21258E+03  0.36429E+03  0.57765E+03
  0.91619E+03  0.14534E+04  0.23057E+04  0.36588E+04  0.58059E+04  0.92143E+04
  0.14623E+05  0.23209E+05  0.00000E+00  0.00000E+00  0.00000E+00  0.00000E+00
  0.00000E+00  0.00000E+00  0.00000E+00  0.00000E+00  0.00000E+00  0.00000E+00
  0.10446E-03  0.19300E-03  0.40269E-03  0.95693E-03  0.22929E-02  0.49859E-02
  0.10572E-01  0.21838E-01  0.43993E-01  0.86358E-01  0.17871E+00  0.36761E+00
  0.74323E+00  0.14736E+01  0.28691E+01  0.52771E+01  0.98659E+01  0.18015E+02
  0.32329E+02  0.55870E+02  0.94860E+02  0.15359E+03  0.24329E+03  0.41677E+03
  0.66067E+03  0.10476E+04  0.16616E+04  0.26357E+04  0.41818E+04  0.66354E+04
  0.10530E+05  0.16710E+05  0.26520E+05  0.00000E+00  0.00000E+00  0.00000E+00
  0.00000E+00  0.00000E+00  0.00000E+00  0.00000E+00  0.00000E+00  0.00000E+00
  0.00000E+00  0.12841E-03  0.24222E-03  0.50517E-03  0.11930E-02  0.28276E-02
  0.60699E-02  0.12714E-01  0.25971E-01  0.51809E-01  0.10084E+00  0.20723E+00
  0.42387E+00  0.85287E+00  0.16844E+01  0.32692E+01  0.59973E+01  0.11189E+02
  0.20397E+02  0.36555E+02  0.63105E+02  0.10705E+03  0.17320E+03  0.27420E+03
  0.46953E+03  0.74404E+03  0.11795E+04  0.18703E+04  0.29662E+04  0.47056E+04
  0.74656E+04  0.11846E+05  0.18798E+05  0.29831E+05  0.00000E+00  0.00000E+00
  0.00000E+00  0.00000E+00  0.00000E+00  0.00000E+00  0.00000E+00  0.00000E+00
  0.00000E+00  0.00000E+00  0.14464E-03  0.29244E-03  0.62200E-03  0.14750E-02
  0.34750E-02  0.73731E-02  0.15257E-01  0.30794E-01  0.60763E-01  0.11713E+00
  0.23881E+00  0.48509E+00  0.97047E+00  0.19077E+01  0.36886E+01  0.67451E+01
  0.12553E+02  0.22836E+02  0.40859E+02  0.70442E+02  0.11937E+03  0.19296E+03
  0.30526E+03  0.52245E+03  0.82753E+03  0.13114E+04  0.20788E+04  0.32962E+04
  0.52281E+04  0.82934E+04  0.13158E+05  0.20878E+05  0.33130E+05  0.00000E+00
  0.00000E+00  0.00000E+00  0.00000E+00  0.00000E+00  0.00000E+00  0.00000E+00
  0.00000E+00  0.00000E+00  0.00000E+00  0.12832E-03  0.32529E-03  0.73978E-03
  0.18016E-02  0.42609E-02  0.89670E-02  0.18346E-01  0.36578E-01  0.71307E-01
  0.13594E+00  0.27460E+00  0.55342E+00  0.10994E+01  0.21490E+01  0.41355E+01
  0.75328E+01  0.13975E+02  0.25358E+02  0.45278E+02  0.77929E+02  0.13188E+03
  0.21295E+03  0.33657E+03  0.57566E+03  0.91127E+03  0.14434E+04  0.22873E+04
  0.36256E+04  0.57493E+04  0.91185E+04  0.14465E+05  0.22949E+05  0.36413E+05
  0.00000E+00  0.00000E+00  0.00000E+00  0.00000E+00  0.00000E+00  0.00000E+00
  0.00000E+00  0.00000E+00  0.00000E+00  0.00000E+00  0.00000E+00  0.27304E-03
  0.79236E-03  0.21105E-02  0.51405E-02  0.10838E-01  0.22033E-01  0.43469E-01
  0.83750E-01  0.15779E+00  0.31559E+00  0.63038E+00  0.12422E+01  0.24123E+01
  0.46166E+01  0.83691E+01  0.15468E+02  0.27980E+02  0.49834E+02  0.85592E+02
  0.14460E+03  0.23316E+03  0.36809E+03  0.62907E+03  0.99509E+03  0.15753E+04
  0.24950E+04  0.39535E+04  0.62673E+04  0.99377E+04  0.15762E+05  0.25002E+05
  0.39666E+05  0.00000E+00  0.00000E+00  0.00000E+00  0.00000E+00  0.00000E+00
  0.00000E+00  0.00000E+00  0.00000E+00  0.00000E+00  0.00000E+00  0.42191E-03
  0.15364E-04  0.63651E-03  0.22732E-02  0.60318E-02  0.12988E-01  0.26475E-01
  0.51876E-01  0.98869E-01  0.18400E+00  0.36415E+00  0.72007E+00  0.14055E+01
  0.27081E+01  0.51478E+01  0.92771E+01  0.17065E+02  0.30750E+02  0.54593E+02
  0.93518E+02  0.15765E+03  0.25374E+03  0.39996E+03  0.68288E+03  0.10792E+04
  0.17070E+04  0.27020E+04  0.42794E+04  0.67814E+04  0.10750E+05  0.17045E+05
  0.27033E+05  0.42881E+05  0.00000E+00  0.00000E+00  0.00000E+00  0.00000E+00
  0.00000E+00  0.00000E+00  0.00000E+00  0.00000E+00  0.00000E+00  0.00000E+00
  0.14863E-02  0.82822E-03  0.00000E+00  0.20369E-02  0.67434E-02  0.15341E-01
  0.31796E-01  0.62241E-01  0.11757E+00  0.21613E+00  0.42298E+00  0.82704E+00
  0.15965E+01  0.30476E+01  0.57463E+01  0.10281E+02  0.18802E+02  0.33716E+02
  0.59621E+02  0.10179E+03  0.17113E+03  0.27479E+03  0.43230E+03  0.73717E+03
  0.11635E+04  0.18386E+04  0.29081E+04  0.46029E+04  0.72903E+04  0.11552E+05
  0.18312E+05  0.29033E+05  0.46046E+05  0.00000E+00  0.00000E+00  0.00000E+00
  0.00000E+00  0.00000E+00  0.00000E+00  0.00000E+00  0.00000E+00  0.00000E+00
  0.00000E+00  0.00000E+00  0.37497E-02  0.21704E-02  0.51683E-03  0.64730E-02
  0.17098E-01  0.37094E-01  0.73208E-01  0.13768E+00  0.24903E+00  0.47967E+00
  0.92175E+00  0.17166E+01  0.32378E+01  0.60397E+01  0.10701E+02  0.19415E+02
  0.34582E+02  0.60814E+02  0.10334E+03  0.17308E+03  0.27699E+03  0.43457E+03
  0.73972E+03  0.11655E+04  0.18391E+04  0.29057E+04  0.45949E+04  0.72725E+04
  0.11517E+05  0.18248E+05  0.28923E+05  0.45857E+05  0.00000E+00  0.00000E+00
  0.00000E+00  0.00000E+00  0.00000E+00  0.00000E+00  0.00000E+00  0.00000E+00
  0.00000E+00  0.00000E+00  0.00000E+00  0.00000E+00  0.79013E-02  0.32022E-02
  0.47313E-02  0.18287E-01  0.43289E-01  0.87228E-01  0.16343E+00  0.29192E+00
  0.55359E+00  0.10429E+01  0.18870E+01  0.35065E+01  0.64525E+01  0.11291E+02
  0.20277E+02  0.35805E+02  0.62508E+02  0.10557E+03  0.17593E+03  0.28035E+03
  0.43828E+03  0.74422E+03  0.11699E+04  0.18427E+04  0.29070E+04  0.45917E+04
  0.72607E+04  0.11490E+05  0.18194E+05  0.28824E+05  0.45683E+05  0.00000E+00
  0.00000E+00  0.00000E+00  0.00000E+00  0.00000E+00  0.00000E+00  0.00000E+00
  0.00000E+00  0.46893E-03  0.45577E-03  0.00000E+00  0.00000E+00  0.00000E+00
  0.13179E-01  0.00000E+00  0.18427E-01  0.51376E-01  0.10735E+00  0.20103E+00
  0.35441E+00  0.66019E+00  0.12174E+01  0.21443E+01  0.39090E+01  0.70671E+01
  0.12168E+02  0.21555E+02  0.37616E+02  0.65026E+02  0.10891E+03  0.18025E+03
  0.28558E+03  0.44430E+03  0.75186E+03  0.11782E+04  0.18512E+04  0.29145E+04
  0.45962E+04  0.72585E+04  0.11475E+05  0.18156E+05  0.28744E+05  0.45533E+05
  0.00000E+00  0.00000E+00  0.00000E+00  0.00000E+00  0.00000E+00  0.00000E+00
  0.45116E-02  0.12283E-01  0.19210E-01  0.24544E-01  0.27250E-01  0.25640E-01
  0.91681E-02  0.00000E+00  0.20729E-01  0.75999E-02  0.51589E-01  0.12399E+00
  0.24102E+00  0.42586E+00  0.79137E+00  0.14369E+01  0.24728E+01  0.44253E+01
  0.78550E+01  0.13285E+02  0.23174E+02  0.39898E+02  0.68173E+02  0.11305E+03
  0.18553E+03  0.29182E+03  0.45127E+03  0.76043E+03  0.11869E+04  0.18589E+04
  0.29192E+04  0.45941E+04  0.72434E+04  0.11436E+05  0.18075E+05  0.28593E+05
  0.45264E+05  0.00000E+00  0.00000E+00  0.00000E+00  0.00000E+00  0.00000E+00
  0.93870E-02  0.26387E-01  0.43073E-01  0.57715E-01  0.69229E-01  0.76262E-01
  0.78858E-01  0.75521E-01  0.60542E-01  0.00000E+00  0.22284E-01  0.49199E-01
  0.14969E+00  0.30661E+00  0.54505E+00  0.10047E+01  0.17929E+01  0.30069E+01
  0.52550E+01  0.91083E+01  0.15051E+02  0.25721E+02  0.43479E+02  0.73120E+02
  0.11959E+03  0.19401E+03  0.30214E+03  0.46335E+03  0.77600E+03  0.12046E+04
  0.18782E+04  0.29389E+04  0.46119E+04  0.72546E+04  0.11432E+05  0.18044E+05
  0.28509E+05  0.45089E+05  0.00000E+00  0.00000E+00  0.00000E+00  0.00000E+00
  0.12999E-01  0.46868E-01  0.82186E-01  0.11543E+00  0.14281E+00  0.16374E+00
  0.17623E+00  0.18128E+00  0.17797E+00  0.15951E+00  0.12036E+00  0.59927E-01
  0.32639E+00  0.17369E+00  0.38649E+00  0.70161E+00  0.13004E+01  0.22939E+01
  0.37577E+01  0.64172E+01  0.10852E+02  0.17488E+02  0.29209E+02  0.48350E+02
  0.79808E+02  0.12840E+03  0.20538E+03  0.31598E+03  0.47960E+03  0.79702E+03
  0.12287E+04  0.19050E+04  0.29673E+04  0.46394E+04  0.72765E+04  0.11440E+05
  0.18021E+05  0.28431E+05  0.44912E+05  0.00000E+00  0.35132E-02  0.70416E-02
  0.10594E-01  0.73484E-01  0.14360E+00  0.21209E+00  0.27322E+00  0.32122E+00
  0.35580E+00  0.37625E+00  0.38250E+00  0.37612E+00  0.34492E+00  0.28209E+00
  0.19214E+00  0.50024E-01  0.71173E-01  0.53148E+00  0.92795E+00  0.17333E+01
  0.30297E+01  0.48654E+01  0.81220E+01  0.13388E+02  0.20998E+02  0.34185E+02
  0.55240E+02  0.89205E+02  0.14072E+03  0.22127E+03  0.33534E+03  0.50252E+03
  0.82689E+03  0.12636E+04  0.19451E+04  0.30122E+04  0.46873E+04  0.73237E+04
  0.11479E+05  0.18038E+05  0.28402E+05  0.44796E+05  0.00000E+00  0.36781E-01
  0.73697E-01  0.11072E+00  0.24804E+00  0.38937E+00  0.51907E+00  0.62690E+00
  0.70712E+00  0.76284E+00  0.79171E+00  0.79693E+00  0.77984E+00  0.72310E+00
  0.61335E+00  0.46171E+00  0.22567E+00  0.10986E+00  0.51047E+00  0.14886E+01
  0.24354E+01  0.42136E+01  0.66190E+01  0.10803E+02  0.17337E+02  0.26401E+02
  0.41760E+02  0.65620E+02  0.10323E+03  0.15898E+03  0.24469E+03  0.36387E+03
  0.53641E+03  0.87121E+03  0.13161E+04  0.20067E+04  0.30836E+04  0.47680E+04
  0.74116E+04  0.11568E+05  0.18119E+05  0.28452E+05  0.44779E+05  0.00000E+00
  0.60913E+00  0.12199E+01  0.18320E+01  0.18340E+01  0.18358E+01  0.18367E+01
  0.18358E+01  0.18305E+01  0.18179E+01  0.17904E+01  0.17457E+01  0.16782E+01
  0.15483E+01  0.13342E+01  0.10560E+01  0.64147E+00  0.64219E-01  0.71685E+00
  0.17285E+01  0.35012E+01  0.61421E+01  0.95313E+01  0.15230E+02  0.23791E+02
  0.35119E+02  0.53826E+02  0.81940E+02  0.12502E+03  0.18705E+03  0.28040E+03
  0.40715E+03  0.58775E+03  0.93830E+03  0.13960E+04  0.21017E+04  0.31957E+04
  0.48989E+04  0.75614E+04  0.11735E+05  0.18294E+05  0.28622E+05  0.44911E+05
  0.00000E+00  0.11997E+01  0.24016E+01  0.36051E+01  0.36072E+01  0.36086E+01
  0.36079E+01  0.36034E+01  0.35903E+01  0.35636E+01  0.35100E+01  0.34252E+01
  0.32998E+01  0.30659E+01  0.26882E+01  0.22050E+01  0.14992E+01  0.53725E+00
  0.73237E+00  0.23289E+01  0.50648E+01  0.90135E+01  0.13869E+02  0.21820E+02
  0.33331E+02  0.47862E+02  0.71239E+02  0.10518E+03  0.15563E+03  0.22599E+03
  0.32937E+03  0.46593E+03  0.65695E+03  0.10282E+04  0.15029E+04  0.22289E+04
  0.33465E+04  0.50767E+04  0.77686E+04  0.11972E+05  0.18557E+05  0.28899E+05
  0.45177E+05  0.00000E+00  0.23417E+01  0.46865E+01  0.70323E+01  0.70334E+01
  0.70324E+01  0.70267E+01  0.70132E+01  0.69829E+01  0.69261E+01  0.68191E+01
  0.66542E+01  0.64145E+01  0.59797E+01  0.52899E+01  0.44183E+01  0.31662E+01
  0.14902E+01  0.67598E+00  0.33322E+01  0.77869E+01  0.14030E+02  0.21406E+02
  0.33164E+02  0.49556E+02  0.69241E+02  0.10003E+03  0.14303E+03  0.20475E+03
  0.28761E+03  0.40592E+03  0.55691E+03  0.76342E+03  0.11657E+04  0.16664E+04
  0.24242E+04  0.35807E+04  0.53575E+04  0.81049E+04  0.12372E+05  0.19030E+05
  0.29449E+05  0.45803E+05  0.00000E+00  0.45385E+01  0.90807E+01  0.13622E+02
  0.13620E+02  0.13614E+02  0.13597E+02  0.13565E+02  0.13500E+02  0.13385E+02
  0.13177E+02  0.12862E+02  0.12409E+02  0.11605E+02  0.10347E+02  0.87712E+01
  0.65361E+01  0.35852E+01  0.16749E+00  0.46785E+01  0.12108E+02  0.22265E+02
  0.33856E+02  0.51893E+02  0.76172E+02  0.10394E+03  0.14618E+03  0.20284E+03
  0.28120E+03  0.38202E+03  0.52140E+03  0.69221E+03  0.91966E+03  0.13652E+04
  0.19014E+04  0.27031E+04  0.39135E+04  0.57560E+04  0.85828E+04  0.12945E+05
  0.19713E+05  0.30258E+05  0.46748E+05  0.00000E+00  0.86549E+01  0.17314E+02
  0.25970E+02  0.25960E+02  0.25941E+02  0.25902E+02  0.25833E+02  0.25703E+02
  0.25481E+02  0.25088E+02  0.24500E+02  0.23664E+02  0.22200E+02  0.19931E+02
  0.17109E+02  0.13143E+02  0.79614E+01  0.14515E+01  0.62561E+01  0.18766E+02
  0.35532E+02  0.54124E+02  0.82461E+02  0.11945E+03  0.15988E+03  0.21980E+03
  0.29704E+03  0.39991E+03  0.52638E+03  0.69524E+03  0.89271E+03  0.11478E+04
  0.16526E+04  0.22359E+04  0.30962E+04  0.43789E+04  0.63106E+04  0.92461E+04
  0.13740E+05  0.20665E+05  0.31394E+05  0.48094E+05  0.00000E+00  0.17302E+02
  0.34610E+02  0.51904E+02  0.51879E+02  0.51833E+02  0.51749E+02  0.51605E+02
  0.51347E+02  0.50913E+02  0.50162E+02  0.49047E+02  0.47471E+02  0.44742E+02
  0.40546E+02  0.35351E+02  0.28106E+02  0.18714E+02  0.70297E+01  0.66361E+01
  0.28552E+02  0.57440E+02  0.88691E+02  0.13547E+03  0.19484E+03  0.25699E+03
  0.34681E+03  0.45800E+03  0.60027E+03  0.76658E+03  0.97997E+03  0.12156E+04
  0.15090E+04  0.21005E+04  0.27491E+04  0.36905E+04  0.50735E+04  0.71283E+04
  0.10214E+05  0.14890E+05  0.22032E+05  0.33014E+05  0.50003E+05  0.00000E+00
  0.33169E+02  0.66343E+02  0.99486E+02  0.99429E+02  0.99332E+02  0.99163E+02
  0.98882E+02  0.98391E+02  0.97579E+02  0.96191E+02  0.94144E+02  0.91265E+02
  0.86322E+02  0.78764E+02  0.69438E+02  0.56502E+02  0.39831E+02  0.19233E+02
  0.46467E+01  0.42591E+02  0.91983E+02  0.14443E+03  0.22180E+03  0.31782E+03
  0.41477E+03  0.55190E+03  0.71560E+03  0.91742E+03  0.11419E+04  0.14185E+04
  0.17053E+04  0.20482E+04  0.27591E+04  0.34927E+04  0.45401E+04  0.60550E+04
  0.82733E+04  0.11561E+05  0.16483E+05  0.23926E+05  0.35270E+05  0.52687E+05
  0.00000E+00  0.66394E+02  0.13279E+03  0.19912E+03  0.19900E+03  0.19880E+03
  0.19846E+03  0.19791E+03  0.19696E+03  0.19542E+03  0.19280E+03  0.18896E+03
  0.18358E+03  0.17440E+03  0.16042E+03  0.14322E+03  0.11946E+03  0.88980E+02
  0.51525E+02  0.84011E+01  0.59613E+02  0.14725E+03  0.23888E+03  0.37245E+03
  0.53504E+03  0.69403E+03  0.91451E+03  0.11688E+04  0.14711E+04  0.17900E+04
  0.21664E+04  0.25281E+04  0.29394E+04  0.38308E+04  0.46823E+04  0.58767E+04
  0.75746E+04  0.10020E+05  0.13588E+05  0.18854E+05  0.26716E+05  0.38564E+05
  0.56581E+05  0.00000E+00  0.11881E+03  0.23763E+03  0.35631E+03  0.35609E+03
  0.35574E+03  0.35515E+03  0.35420E+03  0.35259E+03  0.34997E+03  0.34557E+03
  0.33913E+03  0.33013E+03  0.31483E+03  0.29160E+03  0.26307E+03  0.22376E+03
  0.17347E+03  0.11188E+03  0.41280E+02  0.69534E+02  0.21140E+03  0.35824E+03
  0.57058E+03  0.82575E+03  0.10697E+04  0.14035E+04  0.17789E+04  0.22128E+04
  0.26518E+04  0.31510E+04  0.35983E+04  0.40827E+04  0.51876E+04  0.61654E+04
  0.75176E+04  0.94120E+04  0.12101E+05  0.15970E+05  0.21608E+05  0.29923E+05
  0.42318E+05  0.60988E+05  0.00000E+00  0.21209E+03  0.42417E+03  0.63602E+03
  0.63563E+03  0.63500E+03  0.63398E+03  0.63236E+03  0.62961E+03  0.62519E+03
  0.61778E+03  0.60696E+03  0.59186E+03  0.56631E+03  0.52759E+03  0.48009E+03
  0.41479E+03  0.33143E+03  0.22962E+03  0.11330E+03  0.68548E+02  0.30014E+03
  0.53798E+03  0.87964E+03  0.12859E+04  0.16672E+04  0.21827E+04  0.27498E+04
  0.33892E+04  0.40105E+04  0.46919E+04  0.52572E+04  0.58355E+04  0.72447E+04
  0.83855E+04  0.99416E+04  0.12091E+05  0.15097E+05  0.19360E+05  0.25485E+05
  0.34399E+05  0.47526E+05  0.67082E+05  0.00000E+00  0.38298E+03  0.76594E+03
  0.11485E+04  0.11478E+04  0.11467E+04  0.11449E+04  0.11421E+04  0.11373E+04
  0.11297E+04  0.11171E+04  0.10986E+04  0.10729E+04  0.10295E+04  0.96395E+03
  0.88355E+03  0.77321E+03  0.63261E+03  0.46126E+03  0.26601E+03  0.38246E+02
  0.42409E+03  0.81783E+03  0.13804E+04  0.20434E+04  0.26562E+04  0.34762E+04
  0.43612E+04  0.53365E+04  0.62492E+04  0.72146E+04  0.79504E+04  0.86534E+04
  0.10518E+05  0.11876E+05  0.13704E+05  0.16193E+05  0.19623E+05  0.24416E+05
  0.31198E+05  0.40927E+05  0.55058E+05  0.75841E+05  0.00000E+00  0.67868E+03
  0.13573E+04  0.20352E+04  0.20339E+04  0.20320E+04  0.20288E+04  0.20239E+04
  0.20157E+04  0.20026E+04  0.19808E+04  0.19492E+04  0.19052E+04  0.18310E+04
  0.17191E+04  0.15821E+04  0.13942E+04  0.11552E+04  0.86443E+03  0.53370E+03
  0.19759E+02  0.62984E+03  0.12895E+04  0.22278E+04  0.33261E+04  0.43288E+04
  0.56591E+04  0.70722E+04  0.85997E+04  0.99817E+04  0.11395E+05  0.12382E+05
  0.13251E+05  0.15809E+05  0.17457E+05  0.19650E+05  0.22597E+05  0.26604E+05
  0.32118E+05  0.39803E+05  0.50660E+05  0.66197E+05  0.88729E+05  0.00000E+00
  0.12466E+04  0.24931E+04  0.37382E+04  0.37360E+04  0.37326E+04  0.37271E+04
  0.37185E+04  0.37042E+04  0.36815E+04  0.36439E+04  0.35893E+04  0.35135E+04
  0.33860E+04  0.31938E+04  0.29585E+04  0.26365E+04  0.22271E+04  0.17296E+04
  0.11647E+04  0.28876E+03  0.81556E+03  0.19327E+04  0.35161E+04  0.53592E+04
  0.70251E+04  0.92200E+04  0.11521E+05  0.13967E+05  0.16115E+05  0.18244E+05
  0.19598E+05  0.20680E+05  0.24297E+05  0.26316E+05  0.28974E+05  0.32505E+05
  0.37242E+05  0.43670E+05  0.52496E+05  0.64774E+05  0.82075E+05  0.10679E+06
  0.00000E+00  0.23129E+04  0.46257E+04  0.69360E+04  0.69321E+04  0.69259E+04
  0.69162E+04  0.69011E+04  0.68762E+04  0.68365E+04  0.67711E+04  0.66761E+04
  0.65441E+04  0.63228E+04  0.59895E+04  0.55816E+04  0.50237E+04  0.43151E+04
  0.34549E+04  0.24792E+04  0.96891E+03  0.93129E+03  0.28479E+04  0.55568E+04
  0.86962E+04  0.11511E+05  0.15200E+05  0.19025E+05  0.23037E+05  0.26470E+05
  0.29777E+05  0.31694E+05  0.33053E+05  0.38356E+05  0.40862E+05  0.44132E+05
  0.48432E+05  0.54132E+05  0.61768E+05  0.72104E+05  0.86266E+05  0.10591E+06
  0.13353E+06  0.00000E+00  0.43474E+04  0.86946E+04  0.13037E+05  0.13030E+05
  0.13019E+05  0.13002E+05  0.12975E+05  0.12931E+05  0.12861E+05  0.12745E+05
  0.12578E+05  0.12346E+05  0.11957E+05  0.11371E+05  0.10655E+05  0.96758E+04
  0.84331E+04  0.69256E+04  0.52174E+04  0.25766E+04  0.74065E+03  0.40789E+04
  0.87868E+04  0.14224E+05  0.19070E+05  0.25391E+05  0.31889E+05  0.38628E+05
  0.44273E+05  0.49579E+05  0.52386E+05  0.54113E+05  0.62183E+05  0.65335E+05
  0.69418E+05  0.74739E+05  0.81721E+05  0.90963E+05  0.10331E+06  0.11999E+06
  0.14278E+06  0.17431E+06  0.00000E+00  0.83165E+04  0.16633E+05  0.24940E+05
  0.24927E+05  0.24907E+05  0.24876E+05  0.24828E+05  0.24748E+05  0.24623E+05
  0.24416E+05  0.24116E+05  0.23700E+05  0.23004E+05  0.21957E+05  0.20677E+05
  0.18928E+05  0.16710E+05  0.14020E+05  0.10975E+05  0.62712E+04  0.37021E+03
  0.55579E+04  0.13904E+05  0.23517E+05  0.32042E+05  0.43125E+05  0.54439E+05
  0.66070E+05  0.75639E+05  0.84449E+05  0.88725E+05  0.90946E+05  0.10373E+06
  0.10775E+06  0.11293E+06  0.11962E+06  0.12833E+06  0.13974E+06  0.15481E+06
  0.17490E+06  0.20194E+06  0.23878E+06  0.00000E+00  0.16314E+05  0.32628E+05
  0.48926E+05  0.48902E+05  0.48865E+05  0.48807E+05  0.48718E+05  0.48571E+05
  0.48340E+05  0.47960E+05  0.47410E+05  0.46646E+05  0.45370E+05  0.43452E+05
  0.41106E+05  0.37903E+05  0.33842E+05  0.28920E+05  0.23349E+05  0.14753E+05
  0.39794E+04  0.68296E+04  0.22026E+05  0.39493E+05  0.54927E+05  0.74934E+05
  0.95249E+05  0.11598E+06  0.13280E+06  0.14801E+06  0.15484E+06  0.15773E+06
  0.17893E+06  0.18415E+06  0.19083E+06  0.19941E+06  0.21050E+06  0.22490E+06
  0.24371E+06  0.26849E+06  0.30142E+06  0.34562E+06  0.00000E+00  0.33274E+05
  0.66548E+05  0.99790E+05  0.99743E+05  0.99672E+05  0.99562E+05  0.99391E+05
  0.99110E+05  0.98668E+05  0.97942E+05  0.96892E+05  0.95436E+05  0.93003E+05
  0.89349E+05  0.84881E+05  0.78782E+05  0.71051E+05  0.61684E+05  0.51086E+05
  0.34747E+05  0.14282E+05  0.62291E+04  0.35034E+05  0.68090E+05  0.97215E+05
  0.13489E+06  0.17297E+06  0.21163E+06  0.24262E+06  0.27026E+06  0.28181E+06
  0.28567E+06  0.32287E+06  0.32979E+06  0.33861E+06  0.34988E+06  0.36436E+06
  0.38301E+06  0.40717E+06  0.43867E+06  0.48002E+06  0.53477E+06  0.00000E+00
  0.56612E+05  0.11322E+06  0.16979E+06  0.16971E+06  0.16960E+06  0.16942E+06
  0.16915E+06  0.16870E+06  0.16800E+06  0.16685E+06  0.16518E+06  0.16286E+06
  0.15900E+06  0.15319E+06  0.14610E+06  0.13641E+06  0.12414E+06  0.10927E+06
  0.92447E+05  0.66525E+05  0.34072E+05  0.15623E+04  0.44065E+05  0.96380E+05
  0.14240E+06  0.20185E+06  0.26182E+06  0.32249E+06  0.37082E+06  0.41356E+06
  0.43067E+06  0.43536E+06  0.49174E+06  0.50017E+06  0.51088E+06  0.52455E+06
  0.54202E+06  0.56444E+06  0.59333E+06  0.63077E+06  0.67955E+06  0.74361E+06
  0.00000E+00  0.96320E+05  0.19264E+06  0.28888E+06  0.28876E+06  0.28858E+06
  0.28830E+06  0.28786E+06  0.28715E+06  0.28603E+06  0.28420E+06  0.28155E+06
  0.27787E+06  0.27173E+06  0.26251E+06  0.25124E+06  0.23586E+06  0.21637E+06
  0.19277E+06  0.16607E+06  0.12494E+06  0.73459E+05  0.21914E+05  0.50396E+05
  0.13325E+06  0.20604E+06  0.29999E+06  0.39457E+06  0.49003E+06  0.56567E+06
  0.63212E+06  0.65776E+06  0.66347E+06  0.74967E+06  0.75993E+06  0.77295E+06
  0.78951E+06  0.81062E+06  0.83762E+06  0.87227E+06  0.91692E+06  0.97476E+06
  0.10502E+07
