  0.00000E+00  0.00000E+00  0.00000E+00  0.00000E+00  0.00000E+00  0.00000E+00
  0.00000E+00  0.00000E+00  0.00000E+00  0.00000E+00  0.00000E+00  0.00000E+00
  0.00000E+00  0.00000E+00  0.00000E+00  0.00000E+00  0.00000E+00  0.00000E+00
  0.00000E+00  0.00000E+00  0.00000E+00  0.00000E+00  0.00000E+00  0.00000E+00
  0.00000E+00  0.00000E+00  0.00000E+00  0.00000E+00  0.00000E+00  0.00000E+00
  0.00000E+00  0.00000E+00  0.00000E+00  0.00000E+00  0.00000E+00  0.00000E+00
  0.00000E+00  0.00000E+00  0.00000E+00  0.00000E+00  0.00000E+00  0.00000E+00
  0.00000E+00  0.00000E+00  0.00000E+00  0.00000E+00  0.00000E+00  0.00000E+00
  0.00000E+00  0.00000E+00  0.00000E+00  0.00000E+00  0.00000E+00  0.00000E+00
  0.00000E+00  0.00000E+00  0.00000E+00  0.00000E+00  0.00000E+00  0.00000E+00
  0.12950E-02  0.33304E-02  0.74597E-02  0.15934E-01  0.32761E-01  0.67355E-01
  0.14095E+00  0.27744E+00  0.54128E+00  0.10487E+01  0.19993E+01  0.39960E+01
  0.76593E+01  0.15330E+02  0.27431E+02  0.48962E+02  0.88409E+02  0.15667E+03
  0.28775E+03  0.53388E+03  0.10035E+04  0.19196E+04  0.37655E+04  0.76799E+04
  0.13066E+05  0.22231E+05  0.00000E+00  0.00000E+00  0.00000E+00  0.00000E+00
  0.00000E+00  0.00000E+00  0.00000E+00  0.00000E+00  0.00000E+00  0.00000E+00
  0.00000E+00  0.00000E+00  0.00000E+00  0.00000E+00  0.00000E+00  0.00000E+00
  0.00000E+00  0.26202E-02  0.67235E-02  0.15022E-01  0.32019E-01  0.65759E-01
  0.13508E+00  0.28238E+00  0.55550E+00  0.10833E+01  0.20981E+01  0.39992E+01
  0.79919E+01  0.15317E+02  0.30653E+02  0.54847E+02  0.97895E+02  0.17676E+03
  0.31322E+03  0.57530E+03  0.10674E+04  0.20062E+04  0.38377E+04  0.75282E+04
  0.15354E+05  0.26123E+05  0.44446E+05  0.00000E+00  0.00000E+00  0.00000E+00
  0.00000E+00  0.00000E+00  0.00000E+00  0.00000E+00  0.00000E+00  0.00000E+00
  0.00000E+00  0.00000E+00  0.00000E+00  0.00000E+00  0.00000E+00  0.00000E+00
  0.00000E+00  0.00000E+00  0.39895E-02  0.10192E-01  0.22712E-01  0.48320E-01
  0.99101E-01  0.20327E+00  0.42471E+00  0.83495E+00  0.16274E+01  0.31507E+01
  0.60039E+01  0.11995E+02  0.22986E+02  0.45997E+02  0.82298E+02  0.14689E+03
  0.26521E+03  0.46995E+03  0.86315E+03  0.16014E+04  0.30100E+04  0.57579E+04
  0.11295E+05  0.23037E+05  0.39195E+05  0.66686E+05  0.00000E+00  0.00000E+00
  0.00000E+00  0.00000E+00  0.00000E+00  0.00000E+00  0.00000E+00  0.00000E+00
  0.00000E+00  0.00000E+00  0.00000E+00  0.00000E+00  0.00000E+00  0.00000E+00
  0.00000E+00  0.00000E+00  0.00000E+00  0.54101E-02  0.13770E-01  0.30583E-01
  0.64908E-01  0.13279E+00  0.27203E+00  0.56766E+00  0.11151E+01  0.21720E+01
  0.42030E+01  0.80064E+01  0.15993E+02  0.30641E+02  0.61309E+02  0.10969E+03
  0.19576E+03  0.35345E+03  0.62629E+03  0.11503E+04  0.21342E+04  0.40114E+04
  0.76736E+04  0.15053E+05  0.30702E+05  0.52238E+05  0.88879E+05  0.00000E+00
  0.00000E+00  0.00000E+00  0.00000E+00  0.00000E+00  0.00000E+00  0.00000E+00
  0.00000E+00  0.00000E+00  0.00000E+00  0.00000E+00  0.00000E+00  0.00000E+00
  0.00000E+00  0.00000E+00  0.00000E+00  0.00000E+00  0.69012E-02  0.17486E-01
  0.38665E-01  0.81817E-01  0.16704E+00  0.34151E+00  0.71157E+00  0.13964E+01
  0.27178E+01  0.52562E+01  0.10008E+02  0.19986E+02  0.38285E+02  0.76595E+02
  0.13703E+03  0.24455E+03  0.44153E+03  0.78234E+03  0.14369E+04  0.26660E+04
  0.50110E+04  0.95861E+04  0.18805E+05  0.38356E+05  0.65262E+05  0.11104E+06
  0.00000E+00  0.00000E+00  0.00000E+00  0.00000E+00  0.00000E+00  0.00000E+00
  0.00000E+00  0.00000E+00  0.00000E+00  0.00000E+00  0.00000E+00  0.00000E+00
  0.00000E+00  0.00000E+00  0.00000E+00  0.00000E+00  0.00000E+00  0.84789E-02
  0.21371E-01  0.47017E-01  0.99137E-01  0.20182E+00  0.41178E+00  0.85647E+00
  0.16787E+01  0.32642E+01  0.63086E+01  0.12007E+02  0.23969E+02  0.45904E+02
  0.91826E+02  0.16427E+03  0.29316E+03  0.52929E+03  0.93781E+03  0.17225E+04
  0.31960E+04  0.60074E+04  0.11493E+05  0.22546E+05  0.45989E+05  0.78252E+05
  0.13315E+06  0.00000E+00  0.00000E+00  0.00000E+00  0.00000E+00  0.00000E+00
  0.00000E+00  0.00000E+00  0.00000E+00  0.00000E+00  0.00000E+00  0.00000E+00
  0.00000E+00  0.00000E+00  0.00000E+00  0.00000E+00  0.00000E+00  0.00000E+00
  0.10159E-01  0.25458E-01  0.55696E-01  0.11693E+00  0.23729E+00  0.48286E+00
  0.10024E+01  0.19620E+01  0.38106E+01  0.73586E+01  0.13997E+02  0.27933E+02
  0.53483E+02  0.10697E+03  0.19137E+03  0.34152E+03  0.61661E+03  0.10925E+04
  0.20067E+04  0.37236E+04  0.69995E+04  0.13392E+05  0.26274E+05  0.53595E+05
  0.91202E+05  0.15520E+06  0.00000E+00  0.00000E+00  0.00000E+00  0.00000E+00
  0.00000E+00  0.00000E+00  0.00000E+00  0.00000E+00  0.00000E+00  0.00000E+00
  0.00000E+00  0.00000E+00  0.00000E+00  0.00000E+00  0.00000E+00  0.00000E+00
  0.00000E+00  0.11938E-01  0.29739E-01  0.64650E-01  0.13511E+00  0.27323E+00
  0.55430E+00  0.11480E+01  0.22435E+01  0.43514E+01  0.83949E+01  0.15958E+02
  0.31835E+02  0.60942E+02  0.12189E+03  0.21805E+03  0.38917E+03  0.70269E+03
  0.12450E+04  0.22872E+04  0.42444E+04  0.79797E+04  0.15269E+05  0.29961E+05
  0.61124E+05  0.10403E+06  0.17704E+06  0.00000E+00  0.00000E+00  0.00000E+00
  0.00000E+00  0.00000E+00  0.00000E+00  0.00000E+00  0.00000E+00  0.00000E+00
  0.00000E+00  0.00000E+00  0.00000E+00  0.00000E+00  0.00000E+00  0.00000E+00
  0.00000E+00  0.00000E+00  0.13780E-01  0.34169E-01  0.73820E-01  0.15352E+00
  0.30923E+00  0.62538E+00  0.12918E+01  0.25202E+01  0.48807E+01  0.94063E+01
  0.17869E+02  0.35636E+02  0.68206E+02  0.13642E+03  0.24410E+03  0.43572E+03
  0.78687E+03  0.13943E+04  0.25619E+04  0.47553E+04  0.89421E+04  0.17114E+05
  0.33589E+05  0.68539E+05  0.11667E+06  0.19860E+06  0.00000E+00  0.00000E+00
  0.00000E+00  0.00000E+00  0.00000E+00  0.00000E+00  0.00000E+00  0.00000E+00
  0.00000E+00  0.00000E+00  0.00000E+00  0.00000E+00  0.00000E+00  0.00000E+00
  0.00000E+00  0.00000E+00  0.00000E+00  0.15541E-01  0.38515E-01  0.82758E-01
  0.17144E+00  0.34407E+00  0.69365E+00  0.14291E+01  0.27836E+01  0.53822E+01
  0.10362E+02  0.19672E+02  0.39229E+02  0.75082E+02  0.15022E+03  0.26889E+03
  0.48017E+03  0.86744E+03  0.15373E+04  0.28258E+04  0.52473E+04  0.98712E+04
  0.18900E+05  0.37107E+05  0.75745E+05  0.12898E+06  0.21963E+06  0.00000E+00
  0.00000E+00  0.00000E+00  0.00000E+00  0.00000E+00  0.00000E+00  0.00000E+00
  0.00000E+00  0.00000E+00  0.00000E+00  0.00000E+00  0.00000E+00  0.00000E+00
  0.00000E+00  0.00000E+00  0.00000E+00  0.00000E+00  0.17067E-01  0.42561E-01
  0.91150E-01  0.18831E+00  0.37680E+00  0.75751E+00  0.15570E+01  0.30281E+01
  0.58451E+01  0.11241E+02  0.21330E+02  0.42542E+02  0.81439E+02  0.16304E+03
  0.29204E+03  0.52183E+03  0.94324E+03  0.16720E+04  0.30755E+04  0.57146E+04
  0.10757E+05  0.20607E+05  0.40482E+05  0.82678E+05  0.14086E+06  0.23997E+06
  0.00000E+00  0.00000E+00  0.00000E+00  0.00000E+00  0.00000E+00  0.00000E+00
  0.00000E+00  0.00000E+00  0.00000E+00  0.00000E+00  0.00000E+00  0.00000E+00
  0.00000E+00  0.00000E+00  0.00000E+00  0.00000E+00  0.00000E+00  0.18012E-01
  0.45820E-01  0.98283E-01  0.20307E+00  0.40573E+00  0.81389E+00  0.16693E+01
  0.32428E+01  0.62492E+01  0.12007E+02  0.22773E+02  0.45446E+02  0.87038E+02
  0.17442E+03  0.31278E+03  0.55943E+03  0.10121E+04  0.17949E+04  0.33046E+04
  0.61459E+04  0.11579E+05  0.22201E+05  0.43647E+05  0.89209E+05  0.15210E+06
  0.25929E+06  0.00000E+00  0.00000E+00  0.00000E+00  0.00000E+00  0.00000E+00
  0.00000E+00  0.00000E+00  0.00000E+00  0.00000E+00  0.00000E+00  0.00000E+00
  0.00000E+00  0.00000E+00  0.00000E+00  0.00000E+00  0.00000E+00  0.00000E+00
  0.16650E-01  0.45555E-01  0.99829E-01  0.20891E+00  0.41984E+00  0.84435E+00
  0.17336E+01  0.33718E+01  0.64947E+01  0.12480E+02  0.23685E+02  0.47360E+02
  0.90848E+02  0.18249E+03  0.32798E+03  0.58779E+03  0.10653E+04  0.18909E+04
  0.34876E+04  0.64971E+04  0.12260E+05  0.23542E+05  0.46349E+05  0.94858E+05
  0.16193E+06  0.27638E+06  0.00000E+00  0.22203E-03  0.45245E-03  0.69376E-03
  0.95070E-03  0.12288E-02  0.15357E-02  0.18788E-02  0.22684E-02  0.27140E-02
  0.32124E-02  0.37492E-02  0.42187E-02  0.44432E-02  0.41292E-02  0.00000E+00
  0.00000E+00  0.43887E-02  0.36040E-01  0.85518E-01  0.18672E+00  0.38239E+00
  0.77573E+00  0.15986E+01  0.31281E+01  0.60371E+01  0.11627E+02  0.22120E+02
  0.44429E+02  0.85511E+02  0.17254E+03  0.31136E+03  0.55996E+03  0.10179E+04
  0.18098E+04  0.33479E+04  0.62542E+04  0.11832E+05  0.22776E+05  0.44944E+05
  0.92178E+05  0.15767E+06  0.26961E+06  0.00000E+00  0.53389E-03  0.10832E-02
  0.16545E-02  0.22569E-02  0.28995E-02  0.35970E-02  0.43671E-02  0.52303E-02
  0.62107E-02  0.73159E-02  0.85506E-02  0.98001E-02  0.10901E-01  0.11593E-01
  0.11017E-01  0.00000E+00  0.00000E+00  0.18789E-01  0.60952E-01  0.15004E+00
  0.32521E+00  0.67866E+00  0.14182E+01  0.28102E+01  0.54514E+01  0.10549E+02
  0.20161E+02  0.40784E+02  0.78907E+02  0.16027E+03  0.29091E+03  0.52577E+03
  0.95983E+03  0.17104E+04  0.31768E+04  0.59568E+04  0.11309E+05  0.21840E+05
  0.43226E+05  0.88901E+05  0.15247E+06  0.26134E+06  0.00000E+00  0.10995E-02
  0.22243E-02  0.33861E-02  0.45974E-02  0.58739E-02  0.72422E-02  0.87289E-02
  0.10368E-01  0.12198E-01  0.14239E-01  0.16519E-01  0.18897E-01  0.21228E-01
  0.23291E-01  0.24257E-01  0.23534E-01  0.00000E+00  0.19407E-02  0.32596E-01
  0.11145E+00  0.26837E+00  0.58666E+00  0.12550E+01  0.25271E+01  0.49311E+01
  0.95908E+01  0.18417E+02  0.37536E+02  0.73011E+02  0.14930E+03  0.27260E+03
  0.49511E+03  0.90764E+03  0.16209E+04  0.30225E+04  0.56885E+04  0.10837E+05
  0.20993E+05  0.41670E+05  0.85932E+05  0.14774E+06  0.25383E+06  0.00000E+00
  0.20293E-02  0.40954E-02  0.62176E-02  0.84085E-02  0.10697E-01  0.13114E-01
  0.15704E-01  0.18506E-01  0.21579E-01  0.24940E-01  0.28626E-01  0.32446E-01
  0.36212E-01  0.39718E-01  0.41834E-01  0.42224E-01  0.41005E-01  0.00000E+00
  0.73715E-02  0.81695E-01  0.23020E+00  0.53110E+00  0.11598E+01  0.23633E+01
  0.46217E+01  0.90054E+01  0.17326E+02  0.35469E+02  0.69196E+02  0.14211E+03
  0.26050E+03  0.47469E+03  0.87261E+03  0.15603E+04  0.29176E+04  0.55051E+04
  0.10512E+05  0.20410E+05  0.40596E+05  0.83876E+05  0.14447E+06  0.24863E+06
  0.00000E+00  0.37846E-02  0.76257E-02  0.11543E-01  0.15567E-01  0.19733E-01
  0.24087E-01  0.28684E-01  0.33590E-01  0.38878E-01  0.44565E-01  0.50695E-01
  0.56977E-01  0.63183E-01  0.69123E-01  0.72918E-01  0.75120E-01  0.76303E-01
  0.00000E+00  0.33827E-01  0.34258E-01  0.17151E+00  0.44995E+00  0.10320E+01
  0.21540E+01  0.42405E+01  0.83014E+01  0.16035E+02  0.33051E+02  0.64764E+02
  0.13380E+03  0.24656E+03  0.45120E+03  0.83237E+03  0.14908E+04  0.27972E+04
  0.52948E+04  0.10140E+05  0.19741E+05  0.39364E+05  0.81518E+05  0.14072E+06
  0.24265E+06  0.00000E+00  0.70955E-02  0.14273E-01  0.21570E-01  0.29012E-01
  0.36675E-01  0.44612E-01  0.52890E-01  0.61621E-01  0.70895E-01  0.80707E-01
  0.91128E-01  0.10168E+00  0.11209E+00  0.12220E+00  0.12817E+00  0.13307E+00
  0.13854E+00  0.12132E+00  0.00000E+00  0.43022E-01  0.79433E-01  0.32969E+00
  0.85303E+00  0.18762E+01  0.37567E+01  0.74359E+01  0.14481E+02  0.30189E+02
  0.59571E+02  0.12414E+03  0.23042E+03  0.42409E+03  0.78603E+03  0.14108E+04
  0.26588E+04  0.50531E+04  0.97132E+04  0.18973E+05  0.37950E+05  0.78811E+05
  0.13641E+06  0.23579E+06  0.00000E+00  0.13285E-01  0.26702E-01  0.40272E-01
  0.54073E-01  0.68179E-01  0.82706E-01  0.97720E-01  0.11336E+00  0.12977E+00
  0.14695E+00  0.16490E+00  0.18292E+00  0.20060E+00  0.21783E+00  0.22658E+00
  0.23453E+00  0.24572E+00  0.23072E+00  0.21549E+00  0.00000E+00  0.68771E-01
  0.14311E+00  0.59253E+00  0.14931E+01  0.31224E+01  0.63444E+01  0.12575E+02
  0.26752E+02  0.53423E+02  0.11282E+03  0.21163E+03  0.39268E+03  0.73249E+03
  0.13186E+04  0.24995E+04  0.47753E+04  0.92224E+04  0.18091E+05  0.36326E+05
  0.75703E+05  0.13146E+06  0.22792E+06  0.00000E+00  0.24731E-01  0.49630E-01
  0.74821E-01  0.10031E+00  0.12624E+00  0.15275E+00  0.18003E+00  0.20816E+00
  0.23735E+00  0.26755E+00  0.29874E+00  0.32983E+00  0.36008E+00  0.38962E+00
  0.40141E+00  0.41367E+00  0.43204E+00  0.41922E+00  0.41810E+00  0.38243E+00
  0.32055E+00  0.15290E+00  0.19992E+00  0.94478E+00  0.22619E+01  0.49270E+01
  0.10182E+02  0.22551E+02  0.46045E+02  0.99423E+02  0.18959E+03  0.35607E+03
  0.67038E+03  0.12119E+04  0.23157E+04  0.44552E+04  0.86577E+04  0.17077E+05
  0.34459E+05  0.72133E+05  0.12578E+06  0.21887E+06  0.00000E+00  0.57681E-01
  0.11567E+00  0.17418E+00  0.23332E+00  0.29322E+00  0.35431E+00  0.41681E+00
  0.48099E+00  0.54741E+00  0.61608E+00  0.68720E+00  0.75960E+00  0.83305E+00
  0.90867E+00  0.94564E+00  0.98872E+00  0.10523E+01  0.10867E+01  0.11726E+01
  0.12603E+01  0.14000E+01  0.15203E+01  0.16881E+01  0.17403E+01  0.18383E+01
  0.15763E+01  0.36492E+00  0.46441E+01  0.15676E+02  0.45868E+02  0.10321E+03
  0.21527E+03  0.43588E+03  0.81663E+03  0.16434E+04  0.32974E+04  0.66347E+04
  0.13475E+05  0.27875E+05  0.59613E+05  0.10591E+06  0.18735E+06  0.00000E+00
  0.15033E+00  0.30147E+00  0.45343E+00  0.60672E+00  0.76180E+00  0.91947E+00
  0.10800E+01  0.12444E+01  0.14141E+01  0.15890E+01  0.17708E+01  0.19583E+01
  0.21535E+01  0.23602E+01  0.24149E+01  0.25063E+01  0.26600E+01  0.28111E+01
  0.31010E+01  0.34769E+01  0.40125E+01  0.48270E+01  0.61044E+01  0.78190E+01
  0.10768E+02  0.15232E+02  0.21811E+02  0.30766E+02  0.43011E+02  0.55659E+02
  0.58481E+02  0.45420E+02  0.57231E+01  0.97360E+02  0.42751E+03  0.12140E+04
  0.30087E+04  0.70393E+04  0.16144E+05  0.37355E+05  0.70640E+05  0.13142E+06
  0.00000E+00  0.28653E+00  0.57430E+00  0.86325E+00  0.11542E+01  0.14479E+01
  0.17455E+01  0.20473E+01  0.23550E+01  0.26704E+01  0.29935E+01  0.33267E+01
  0.36679E+01  0.40203E+01  0.43898E+01  0.44711E+01  0.46096E+01  0.48441E+01
  0.50821E+01  0.55361E+01  0.61360E+01  0.70001E+01  0.83249E+01  0.10424E+02
  0.13321E+02  0.18254E+02  0.25891E+02  0.37532E+02  0.55259E+02  0.81827E+02
  0.12028E+03  0.15880E+03  0.20401E+03  0.25202E+03  0.32917E+03  0.28718E+03
  0.27467E+01  0.90104E+03  0.33106E+04  0.93625E+04  0.24506E+05  0.50294E+05
  0.99182E+05  0.00000E+00  0.54634E+00  0.10946E+01  0.16446E+01  0.21976E+01
  0.27546E+01  0.33178E+01  0.38870E+01  0.44650E+01  0.50546E+01  0.56554E+01
  0.62708E+01  0.68974E+01  0.75400E+01  0.82078E+01  0.83274E+01  0.85355E+01
  0.88906E+01  0.92584E+01  0.99586E+01  0.10894E+02  0.12246E+02  0.14322E+02
  0.17611E+02  0.22191E+02  0.29891E+02  0.41859E+02  0.60271E+02  0.89499E+02
  0.13453E+03  0.20574E+03  0.28907E+03  0.40678E+03  0.57726E+03  0.86173E+03
  0.11719E+04  0.14988E+04  0.16767E+04  0.12307E+04  0.11296E+04  0.89468E+04
  0.25691E+05  0.60240E+05  0.00000E+00  0.10422E+01  0.20874E+01  0.31349E+01
  0.41870E+01  0.52452E+01  0.63129E+01  0.73894E+01  0.84788E+01  0.95859E+01
  0.10709E+02  0.11853E+02  0.13013E+02  0.14195E+02  0.15414E+02  0.15588E+02
  0.15899E+02  0.16434E+02  0.16994E+02  0.18064E+02  0.19501E+02  0.21582E+02
  0.24769E+02  0.29800E+02  0.36803E+02  0.48414E+02  0.66382E+02  0.93980E+02
  0.13851E+03  0.20763E+03  0.32091E+03  0.46103E+03  0.66968E+03  0.99248E+03
  0.15330E+04  0.22755E+04  0.33493E+04  0.48441E+04  0.67816E+04  0.88922E+04
  0.99321E+04  0.41078E+04  0.13139E+05  0.00000E+00  0.19882E+01  0.39812E+01
  0.59773E+01  0.79804E+01  0.99926E+01  0.12020E+02  0.14059E+02  0.16118E+02
  0.18203E+02  0.20312E+02  0.22450E+02  0.24610E+02  0.26802E+02  0.29045E+02
  0.29297E+02  0.29757E+02  0.30560E+02  0.31406E+02  0.33028E+02  0.35218E+02
  0.38388E+02  0.43227E+02  0.50820E+02  0.61346E+02  0.78548E+02  0.10493E+03
  0.14518E+03  0.21033E+03  0.31134E+03  0.47927E+03  0.69209E+03  0.10158E+04
  0.15294E+04  0.23880E+04  0.36638E+04  0.56535E+04  0.87557E+04  0.13592E+05
  0.21125E+05  0.32882E+05  0.40252E+05  0.43888E+05  0.00000E+00  0.37938E+01
  0.75953E+01  0.11401E+02  0.15217E+02  0.19046E+02  0.22899E+02  0.26770E+02
  0.30669E+02  0.34609E+02  0.38580E+02  0.42596E+02  0.46639E+02  0.50726E+02
  0.54885E+02  0.55245E+02  0.55923E+02  0.57124E+02  0.58391E+02  0.60842E+02
  0.64158E+02  0.68959E+02  0.76263E+02  0.87651E+02  0.10334E+03  0.12862E+03
  0.16697E+03  0.22486E+03  0.31825E+03  0.46204E+03  0.70195E+03  0.10090E+04
  0.14800E+04  0.22349E+04  0.34917E+04  0.54294E+04  0.85483E+04  0.13621E+05
  0.21995E+05  0.36121E+05  0.60874E+05  0.84212E+05  0.11309E+06  0.00000E+00
  0.72404E+01  0.14493E+02  0.21751E+02  0.29024E+02  0.36317E+02  0.43648E+02
  0.51003E+02  0.58401E+02  0.65861E+02  0.73364E+02  0.80931E+02  0.88532E+02
  0.96193E+02  0.10395E+03  0.10446E+03  0.10546E+03  0.10724E+03  0.10913E+03
  0.11282E+03  0.11782E+03  0.12507E+03  0.13606E+03  0.15309E+03  0.17639E+03
  0.21345E+03  0.26899E+03  0.35181E+03  0.48438E+03  0.68640E+03  0.10224E+04
  0.14532E+04  0.21147E+04  0.31778E+04  0.49376E+04  0.77029E+04  0.12222E+05
  0.19722E+05  0.32429E+05  0.54594E+05  0.95136E+05  0.13783E+06  0.19726E+06
  0.00000E+00  0.13821E+02  0.27663E+02  0.41509E+02  0.55378E+02  0.69279E+02
  0.83239E+02  0.97231E+02  0.11129E+03  0.12544E+03  0.13965E+03  0.15395E+03
  0.16829E+03  0.18271E+03  0.19726E+03  0.19797E+03  0.19942E+03  0.20207E+03
  0.20486E+03  0.21040E+03  0.21793E+03  0.22884E+03  0.24535E+03  0.27080E+03
  0.30539E+03  0.35975E+03  0.44023E+03  0.55869E+03  0.74634E+03  0.10287E+04
  0.14949E+04  0.20903E+04  0.30016E+04  0.44630E+04  0.68643E+04  0.10673E+05
  0.16941E+05  0.27446E+05  0.45484E+05  0.77486E+05  0.13726E+06  0.20347E+06
  0.29993E+06  0.00000E+00  0.26383E+02  0.52801E+02  0.79219E+02  0.10567E+03
  0.13217E+03  0.15877E+03  0.18541E+03  0.21214E+03  0.23902E+03  0.26597E+03
  0.29305E+03  0.32018E+03  0.34741E+03  0.37481E+03  0.37578E+03  0.37788E+03
  0.38182E+03  0.38592E+03  0.39420E+03  0.40550E+03  0.42191E+03  0.44670E+03
  0.48475E+03  0.53614E+03  0.61606E+03  0.73301E+03  0.90293E+03  0.11689E+04
  0.15637E+04  0.22085E+04  0.30260E+04  0.42691E+04  0.62517E+04  0.94804E+04
  0.14618E+05  0.23087E+05  0.37340E+05  0.61972E+05  0.10606E+06  0.18935E+06
  0.28418E+06  0.42563E+06  0.00000E+00  0.50370E+02  0.10080E+03  0.15121E+03
  0.20168E+03  0.25223E+03  0.30293E+03  0.35367E+03  0.40456E+03  0.45568E+03
  0.50689E+03  0.55827E+03  0.60970E+03  0.66126E+03  0.71302E+03  0.71431E+03
  0.71733E+03  0.72315E+03  0.72914E+03  0.74152E+03  0.75844E+03  0.78307E+03
  0.82029E+03  0.87723E+03  0.95370E+03  0.10716E+04  0.12422E+04  0.14871E+04
  0.18657E+04  0.24195E+04  0.33129E+04  0.44344E+04  0.61244E+04  0.87978E+04
  0.13107E+05  0.19955E+05  0.31221E+05  0.50185E+05  0.83024E+05  0.14204E+06
  0.25416E+06  0.38395E+06  0.58018E+06  0.00000E+00  0.96166E+02  0.19243E+03
  0.28866E+03  0.38497E+03  0.48138E+03  0.57807E+03  0.67479E+03  0.77171E+03
  0.86902E+03  0.96641E+03  0.10640E+04  0.11617E+04  0.12595E+04  0.13575E+04
  0.13592E+04  0.13635E+04  0.13721E+04  0.13808E+04  0.13993E+04  0.14246E+04
  0.14615E+04  0.15174E+04  0.16026E+04  0.17167E+04  0.18911E+04  0.21413E+04
  0.24961E+04  0.30380E+04  0.38196E+04  0.50632E+04  0.66063E+04  0.89065E+04
  0.12508E+05  0.18246E+05  0.27322E+05  0.42182E+05  0.67120E+05  0.11026E+06
  0.18782E+06  0.33550E+06  0.50816E+06  0.77129E+06  0.00000E+00  0.18361E+03
  0.36739E+03  0.55107E+03  0.73488E+03  0.91885E+03  0.11033E+04  0.12877E+04
  0.14724E+04  0.16578E+04  0.18432E+04  0.20289E+04  0.22146E+04  0.24004E+04
  0.25865E+04  0.25886E+04  0.25947E+04  0.26072E+04  0.26198E+04  0.26472E+04
  0.26850E+04  0.27404E+04  0.28242E+04  0.29520E+04  0.31224E+04  0.33815E+04
  0.37498E+04  0.42670E+04  0.50477E+04  0.61583E+04  0.79011E+04  0.10036E+05
  0.13181E+05  0.18048E+05  0.25701E+05  0.37716E+05  0.57245E+05  0.89837E+05
  0.14600E+06  0.24678E+06  0.43853E+06  0.66398E+06  0.10091E+07  0.00000E+00
  0.35059E+03  0.70148E+03  0.10522E+04  0.14030E+04  0.17541E+04  0.21060E+04
  0.24578E+04  0.28100E+04  0.31632E+04  0.35164E+04  0.38700E+04  0.42234E+04
  0.45771E+04  0.49308E+04  0.49332E+04  0.49418E+04  0.49601E+04  0.49781E+04
  0.50188E+04  0.50750E+04  0.51580E+04  0.52838E+04  0.54756E+04  0.57305E+04
  0.61164E+04  0.66612E+04  0.74193E+04  0.85516E+04  0.10142E+05  0.12603E+05
  0.15580E+05  0.19909E+05  0.26523E+05  0.36781E+05  0.52728E+05  0.78402E+05
  0.12092E+06  0.19374E+06  0.32382E+06  0.57061E+06  0.86146E+06  0.13077E+07
  0.00000E+00  0.66942E+03  0.13394E+04  0.20089E+04  0.26786E+04  0.33488E+04
  0.40203E+04  0.46914E+04  0.53632E+04  0.60366E+04  0.67098E+04  0.73835E+04
  0.80567E+04  0.87303E+04  0.94033E+04  0.94058E+04  0.94176E+04  0.94443E+04
  0.94699E+04  0.95301E+04  0.96138E+04  0.97378E+04  0.99266E+04  0.10215E+05
  0.10596E+05  0.11173E+05  0.11982E+05  0.13099E+05  0.14751E+05  0.17046E+05
  0.20551E+05  0.24735E+05  0.30744E+05  0.39803E+05  0.53649E+05  0.74926E+05
  0.10880E+06  0.16434E+06  0.25869E+06  0.42611E+06  0.74215E+06  0.11146E+07
  0.16860E+07  0.00000E+00  0.12783E+04  0.25575E+04  0.38358E+04  0.51145E+04
  0.63938E+04  0.76755E+04  0.89562E+04  0.10238E+05  0.11522E+05  0.12806E+05
  0.14090E+05  0.15374E+05  0.16657E+05  0.17939E+05  0.17941E+05  0.17957E+05
  0.17996E+05  0.18032E+05  0.18121E+05  0.18245E+05  0.18430E+05  0.18714E+05
  0.19146E+05  0.19719E+05  0.20582E+05  0.21787E+05  0.23441E+05  0.25867E+05
  0.29200E+05  0.34233E+05  0.40169E+05  0.48586E+05  0.61105E+05  0.79957E+05
  0.10856E+06  0.15351E+06  0.22638E+06  0.34888E+06  0.56441E+06  0.96837E+06
  0.14432E+07  0.21707E+07  0.00000E+00  0.24410E+04  0.48836E+04  0.73244E+04
  0.97657E+04  0.12208E+05  0.14654E+05  0.17099E+05  0.19545E+05  0.21995E+05
  0.24444E+05  0.26893E+05  0.29340E+05  0.31788E+05  0.34232E+05  0.34232E+05
  0.34254E+05  0.34309E+05  0.34359E+05  0.34490E+05  0.34674E+05  0.34950E+05
  0.35375E+05  0.36025E+05  0.36885E+05  0.38179E+05  0.39980E+05  0.42437E+05
  0.46017E+05  0.50893E+05  0.58177E+05  0.66669E+05  0.78570E+05  0.96041E+05
  0.12197E+06  0.16076E+06  0.22090E+06  0.31711E+06  0.47694E+06  0.75517E+06
  0.12719E+07  0.18767E+07  0.28003E+07  0.00000E+00  0.46613E+04  0.93258E+04
  0.13986E+05  0.18648E+05  0.23311E+05  0.27981E+05  0.32647E+05  0.37315E+05
  0.41992E+05  0.46664E+05  0.51336E+05  0.56005E+05  0.60675E+05  0.65336E+05
  0.65332E+05  0.65359E+05  0.65439E+05  0.65507E+05  0.65699E+05  0.65971E+05
  0.66383E+05  0.67019E+05  0.67995E+05  0.69288E+05  0.71232E+05  0.73928E+05
  0.77593E+05  0.82899E+05  0.90074E+05  0.10069E+06  0.11294E+06  0.12993E+06
  0.15455E+06  0.19057E+06  0.24374E+06  0.32496E+06  0.45306E+06  0.66301E+06
  0.10240E+07  0.16871E+07  0.24582E+07  0.36304E+07  0.00000E+00  0.89009E+04
  0.17807E+05  0.26706E+05  0.35607E+05  0.44509E+05  0.53426E+05  0.62333E+05
  0.71243E+05  0.80168E+05  0.89083E+05  0.97998E+05  0.10691E+06  0.11582E+06
  0.12471E+06  0.12470E+06  0.12473E+06  0.12485E+06  0.12494E+06  0.12522E+06
  0.12562E+06  0.12623E+06  0.12718E+06  0.12865E+06  0.13059E+06  0.13352E+06
  0.13756E+06  0.14304E+06  0.15094E+06  0.16155E+06  0.17712E+06  0.19493E+06
  0.21938E+06  0.25443E+06  0.30502E+06  0.37866E+06  0.48952E+06  0.66176E+06
  0.93996E+06  0.14117E+07  0.22672E+07  0.32536E+07  0.47442E+07  0.00000E+00
  0.16997E+05  0.34005E+05  0.50997E+05  0.67992E+05  0.84990E+05  0.10201E+06
  0.11902E+06  0.13603E+06  0.15306E+06  0.17008E+06  0.18709E+06  0.20410E+06
  0.22111E+06  0.23808E+06  0.23805E+06  0.23809E+06  0.23825E+06  0.23837E+06
  0.23878E+06  0.23937E+06  0.24028E+06  0.24170E+06  0.24390E+06  0.24682E+06
  0.25123E+06  0.25731E+06  0.26552E+06  0.27731E+06  0.29306E+06  0.31603E+06
  0.34210E+06  0.37758E+06  0.42792E+06  0.49969E+06  0.60280E+06  0.75580E+06
  0.98992E+06  0.13623E+07  0.19841E+07  0.30956E+07  0.43644E+07  0.62672E+07
  0.00000E+00  0.32458E+05  0.64937E+05  0.97386E+05  0.12984E+06  0.16229E+06
  0.19480E+06  0.22727E+06  0.25974E+06  0.29226E+06  0.32475E+06  0.35722E+06
  0.38968E+06  0.42215E+06  0.45456E+06  0.45449E+06  0.45453E+06  0.45475E+06
  0.45490E+06  0.45550E+06  0.45636E+06  0.45771E+06  0.45984E+06  0.46315E+06
  0.46754E+06  0.47417E+06  0.48332E+06  0.49565E+06  0.51329E+06  0.53678E+06
  0.57082E+06  0.60920E+06  0.66105E+06  0.73397E+06  0.83678E+06  0.98268E+06
  0.11962E+07  0.15181E+07  0.20220E+07  0.28501E+07  0.43070E+07  0.59507E+07
  0.83939E+07
