  0.00000E+00  0.00000E+00  0.00000E+00  0.00000E+00  0.00000E+00  0.00000E+00
  0.00000E+00  0.00000E+00  0.00000E+00  0.00000E+00  0.00000E+00  0.00000E+00
  0.00000E+00  0.00000E+00  0.00000E+00  0.00000E+00  0.00000E+00  0.00000E+00
  0.00000E+00  0.00000E+00  0.00000E+00  0.00000E+00  0.00000E+00  0.00000E+00
  0.00000E+00  0.00000E+00  0.00000E+00  0.00000E+00  0.00000E+00  0.00000E+00
  0.00000E+00  0.00000E+00  0.00000E+00  0.00000E+00  0.00000E+00  0.00000E+00
  0.00000E+00  0.00000E+00  0.00000E+00  0.00000E+00  0.00000E+00  0.00000E+00
  0.00000E+00  0.00000E+00  0.00000E+00  0.00000E+00  0.00000E+00  0.00000E+00
  0.00000E+00  0.00000E+00  0.00000E+00  0.00000E+00  0.00000E+00  0.00000E+00
  0.00000E+00  0.00000E+00  0.00000E+00  0.00000E+00  0.00000E+00  0.00000E+00
  0.98252E-03  0.26752E-02  0.60417E-02  0.12931E-01  0.26642E-01  0.54886E-01
  0.11509E+00  0.22653E+00  0.44196E+00  0.85623E+00  0.16324E+01  0.32627E+01
  0.62538E+01  0.12517E+02  0.22397E+02  0.39977E+02  0.72185E+02  0.12792E+03
  0.23495E+03  0.43591E+03  0.81932E+03  0.15673E+04  0.30745E+04  0.62706E+04
  0.10669E+05  0.18151E+05  0.00000E+00  0.00000E+00  0.00000E+00  0.00000E+00
  0.00000E+00  0.00000E+00  0.00000E+00  0.00000E+00  0.00000E+00  0.00000E+00
  0.00000E+00  0.00000E+00  0.00000E+00  0.00000E+00  0.00000E+00  0.00000E+00
  0.00000E+00  0.19883E-02  0.54001E-02  0.12165E-01  0.25985E-01  0.53477E-01
  0.11007E+00  0.23056E+00  0.45357E+00  0.88453E+00  0.17131E+01  0.32654E+01
  0.65254E+01  0.12506E+02  0.25028E+02  0.44782E+02  0.79931E+02  0.14432E+03
  0.25574E+03  0.46973E+03  0.87151E+03  0.16380E+04  0.31335E+04  0.61468E+04
  0.12537E+05  0.21330E+05  0.36290E+05  0.00000E+00  0.00000E+00  0.00000E+00
  0.00000E+00  0.00000E+00  0.00000E+00  0.00000E+00  0.00000E+00  0.00000E+00
  0.00000E+00  0.00000E+00  0.00000E+00  0.00000E+00  0.00000E+00  0.00000E+00
  0.00000E+00  0.00000E+00  0.30266E-02  0.81879E-02  0.18401E-01  0.39223E-01
  0.80593E-01  0.16568E+00  0.34678E+00  0.68173E+00  0.13288E+01  0.25725E+01
  0.49021E+01  0.97942E+01  0.18768E+02  0.37557E+02  0.67196E+02  0.11993E+03
  0.21655E+03  0.38371E+03  0.70476E+03  0.13076E+04  0.24576E+04  0.47013E+04
  0.92224E+04  0.18810E+05  0.32003E+05  0.54449E+05  0.00000E+00  0.00000E+00
  0.00000E+00  0.00000E+00  0.00000E+00  0.00000E+00  0.00000E+00  0.00000E+00
  0.00000E+00  0.00000E+00  0.00000E+00  0.00000E+00  0.00000E+00  0.00000E+00
  0.00000E+00  0.00000E+00  0.00000E+00  0.41038E-02  0.11064E-01  0.24766E-01
  0.52676E-01  0.10799E+00  0.22168E+00  0.46349E+00  0.91044E+00  0.17734E+01
  0.34317E+01  0.65372E+01  0.13058E+02  0.25018E+02  0.50058E+02  0.89559E+02
  0.15984E+03  0.28859E+03  0.51137E+03  0.93921E+03  0.17426E+04  0.32753E+04
  0.62655E+04  0.12291E+05  0.25068E+05  0.42652E+05  0.72569E+05  0.00000E+00
  0.00000E+00  0.00000E+00  0.00000E+00  0.00000E+00  0.00000E+00  0.00000E+00
  0.00000E+00  0.00000E+00  0.00000E+00  0.00000E+00  0.00000E+00  0.00000E+00
  0.00000E+00  0.00000E+00  0.00000E+00  0.00000E+00  0.52361E-02  0.14046E-01
  0.31320E-01  0.66408E-01  0.13584E+00  0.27833E+00  0.58099E+00  0.11401E+01
  0.22191E+01  0.42916E+01  0.81719E+01  0.16319E+02  0.31260E+02  0.62539E+02
  0.11188E+03  0.19968E+03  0.36051E+03  0.63877E+03  0.11732E+04  0.21768E+04
  0.40914E+04  0.78270E+04  0.15354E+05  0.31318E+05  0.53286E+05  0.90665E+05
  0.00000E+00  0.00000E+00  0.00000E+00  0.00000E+00  0.00000E+00  0.00000E+00
  0.00000E+00  0.00000E+00  0.00000E+00  0.00000E+00  0.00000E+00  0.00000E+00
  0.00000E+00  0.00000E+00  0.00000E+00  0.00000E+00  0.00000E+00  0.64343E-02
  0.17164E-01  0.38083E-01  0.80455E-01  0.16416E+00  0.33555E+00  0.69930E+00
  0.13707E+01  0.26652E+01  0.51509E+01  0.98033E+01  0.19570E+02  0.37481E+02
  0.74976E+02  0.13413E+03  0.23937E+03  0.43217E+03  0.76572E+03  0.14064E+04
  0.26095E+04  0.49050E+04  0.93837E+04  0.18409E+05  0.37550E+05  0.63893E+05
  0.10872E+06  0.00000E+00  0.00000E+00  0.00000E+00  0.00000E+00  0.00000E+00
  0.00000E+00  0.00000E+00  0.00000E+00  0.00000E+00  0.00000E+00  0.00000E+00
  0.00000E+00  0.00000E+00  0.00000E+00  0.00000E+00  0.00000E+00  0.00000E+00
  0.77084E-02  0.20449E-01  0.45111E-01  0.94901E-01  0.19297E+00  0.39351E+00
  0.81846E+00  0.16020E+01  0.31114E+01  0.60083E+01  0.11429E+02  0.22807E+02
  0.43669E+02  0.87345E+02  0.15625E+03  0.27885E+03  0.50346E+03  0.89202E+03
  0.16385E+04  0.30403E+04  0.57151E+04  0.10934E+05  0.21452E+05  0.43760E+05
  0.74466E+05  0.12672E+06  0.00000E+00  0.00000E+00  0.00000E+00  0.00000E+00
  0.00000E+00  0.00000E+00  0.00000E+00  0.00000E+00  0.00000E+00  0.00000E+00
  0.00000E+00  0.00000E+00  0.00000E+00  0.00000E+00  0.00000E+00  0.00000E+00
  0.00000E+00  0.90570E-02  0.23885E-01  0.52363E-01  0.10967E+00  0.22220E+00
  0.45169E+00  0.93733E+00  0.18318E+01  0.35529E+01  0.68544E+01  0.13030E+02
  0.25994E+02  0.49759E+02  0.99521E+02  0.17804E+03  0.31776E+03  0.57374E+03
  0.10166E+04  0.18675E+04  0.34656E+04  0.65154E+04  0.12467E+05  0.24463E+05
  0.49907E+05  0.84938E+05  0.14455E+06  0.00000E+00  0.00000E+00  0.00000E+00
  0.00000E+00  0.00000E+00  0.00000E+00  0.00000E+00  0.00000E+00  0.00000E+00
  0.00000E+00  0.00000E+00  0.00000E+00  0.00000E+00  0.00000E+00  0.00000E+00
  0.00000E+00  0.00000E+00  0.10456E-01  0.27445E-01  0.59788E-01  0.12462E+00
  0.25147E+00  0.50965E+00  0.10548E+01  0.20577E+01  0.39851E+01  0.76802E+01
  0.14590E+02  0.29097E+02  0.55690E+02  0.11139E+03  0.19930E+03  0.35577E+03
  0.64248E+03  0.11384E+04  0.20917E+04  0.38827E+04  0.73012E+04  0.13974E+05
  0.27425E+05  0.55962E+05  0.95262E+05  0.16216E+06  0.00000E+00  0.00000E+00
  0.00000E+00  0.00000E+00  0.00000E+00  0.00000E+00  0.00000E+00  0.00000E+00
  0.00000E+00  0.00000E+00  0.00000E+00  0.00000E+00  0.00000E+00  0.00000E+00
  0.00000E+00  0.00000E+00  0.00000E+00  0.11792E-01  0.30938E-01  0.67026E-01
  0.13913E+00  0.27981E+00  0.56524E+00  0.11669E+01  0.22728E+01  0.43945E+01
  0.84604E+01  0.16062E+02  0.32030E+02  0.61304E+02  0.12265E+03  0.21955E+03
  0.39206E+03  0.70826E+03  0.12552E+04  0.23072E+04  0.42844E+04  0.80598E+04
  0.15432E+05  0.30298E+05  0.61846E+05  0.10531E+06  0.17932E+06  0.00000E+00
  0.00000E+00  0.00000E+00  0.00000E+00  0.00000E+00  0.00000E+00  0.00000E+00
  0.00000E+00  0.00000E+00  0.00000E+00  0.00000E+00  0.00000E+00  0.00000E+00
  0.00000E+00  0.00000E+00  0.00000E+00  0.00000E+00  0.12951E-01  0.34185E-01
  0.73831E-01  0.15284E+00  0.30646E+00  0.61732E+00  0.12713E+01  0.24724E+01
  0.47725E+01  0.91785E+01  0.17416E+02  0.34736E+02  0.66494E+02  0.13312E+03
  0.23845E+03  0.42607E+03  0.77015E+03  0.13652E+04  0.25112E+04  0.46660E+04
  0.87829E+04  0.16826E+05  0.33053E+05  0.67507E+05  0.11501E+06  0.19593E+06
  0.00000E+00  0.00000E+00  0.00000E+00  0.00000E+00  0.00000E+00  0.00000E+00
  0.00000E+00  0.00000E+00  0.00000E+00  0.00000E+00  0.00000E+00  0.00000E+00
  0.00000E+00  0.00000E+00  0.00000E+00  0.00000E+00  0.00000E+00  0.13666E-01
  0.36805E-01  0.79608E-01  0.16482E+00  0.32996E+00  0.66323E+00  0.13630E+01
  0.26478E+01  0.51025E+01  0.98037E+01  0.18594E+02  0.37106E+02  0.71066E+02
  0.14242E+03  0.25538E+03  0.45678E+03  0.82638E+03  0.14655E+04  0.26982E+04
  0.50181E+04  0.94541E+04  0.18127E+05  0.35637E+05  0.72839E+05  0.12419E+06
  0.21171E+06  0.00000E+00  0.00000E+00  0.00000E+00  0.00000E+00  0.00000E+00
  0.00000E+00  0.00000E+00  0.00000E+00  0.00000E+00  0.00000E+00  0.00000E+00
  0.00000E+00  0.00000E+00  0.00000E+00  0.00000E+00  0.00000E+00  0.00000E+00
  0.12632E-01  0.36590E-01  0.80858E-01  0.16957E+00  0.34147E+00  0.68808E+00
  0.14155E+01  0.27531E+01  0.53029E+01  0.10190E+02  0.19339E+02  0.38670E+02
  0.74177E+02  0.14900E+03  0.26780E+03  0.47993E+03  0.86980E+03  0.15439E+04
  0.28476E+04  0.53048E+04  0.10010E+05  0.19222E+05  0.37844E+05  0.77452E+05
  0.13222E+06  0.22567E+06  0.00000E+00  0.18211E-03  0.37087E-03  0.56904E-03
  0.78005E-03  0.10080E-02  0.12596E-02  0.15409E-02  0.18608E-02  0.22266E-02
  0.26347E-02  0.30754E-02  0.34609E-02  0.36442E-02  0.33871E-02  0.00000E+00
  0.00000E+00  0.00000E+00  0.28951E-01  0.69405E-01  0.15155E+00  0.31158E+00
  0.63338E+00  0.13053E+01  0.25541E+01  0.49293E+01  0.94933E+01  0.18061E+02
  0.36276E+02  0.69819E+02  0.14088E+03  0.25423E+03  0.45721E+03  0.83113E+03
  0.14777E+04  0.27335E+04  0.51065E+04  0.96611E+04  0.18597E+05  0.36697E+05
  0.75263E+05  0.12874E+06  0.22014E+06  0.00000E+00  0.43204E-03  0.87724E-03
  0.13394E-02  0.18261E-02  0.23459E-02  0.29112E-02  0.35343E-02  0.42327E-02
  0.50260E-02  0.59203E-02  0.69193E-02  0.79303E-02  0.88213E-02  0.93825E-02
  0.89954E-02  0.00000E+00  0.00000E+00  0.15062E-01  0.49470E-01  0.12226E+00
  0.26499E+00  0.55413E+00  0.11579E+01  0.22945E+01  0.44510E+01  0.86130E+01
  0.16461E+02  0.33300E+02  0.64427E+02  0.13086E+03  0.23753E+03  0.42929E+03
  0.78370E+03  0.13965E+04  0.25938E+04  0.48637E+04  0.92340E+04  0.17832E+05
  0.35294E+05  0.72587E+05  0.12449E+06  0.21338E+06  0.00000E+00  0.88214E-03
  0.17858E-02  0.27162E-02  0.36879E-02  0.47135E-02  0.58112E-02  0.70020E-02
  0.83168E-02  0.97865E-02  0.11424E-01  0.13251E-01  0.15160E-01  0.17031E-01
  0.18685E-01  0.19639E-01  0.19136E-01  0.00000E+00  0.14832E-02  0.26509E-01
  0.90815E-01  0.21868E+00  0.47900E+00  0.10247E+01  0.20633E+01  0.40262E+01
  0.78308E+01  0.15038E+02  0.30648E+02  0.59613E+02  0.12190E+03  0.22258E+03
  0.40425E+03  0.74108E+03  0.13235E+04  0.24679E+04  0.46446E+04  0.88480E+04
  0.17141E+05  0.34024E+05  0.70163E+05  0.12063E+06  0.20725E+06  0.00000E+00
  0.16247E-02  0.32806E-02  0.49779E-02  0.67329E-02  0.85658E-02  0.10502E-01
  0.12574E-01  0.14818E-01  0.17276E-01  0.19968E-01  0.22920E-01  0.25976E-01
  0.28993E-01  0.31801E-01  0.33800E-01  0.34334E-01  0.33412E-01  0.00000E+00
  0.59833E-02  0.66575E-01  0.18760E+00  0.43364E+00  0.94700E+00  0.19297E+01
  0.37736E+01  0.73528E+01  0.14147E+02  0.28960E+02  0.56498E+02  0.11603E+03
  0.21270E+03  0.38758E+03  0.71248E+03  0.12740E+04  0.23822E+04  0.44949E+04
  0.85833E+04  0.16665E+05  0.33147E+05  0.68485E+05  0.11796E+06  0.20300E+06
  0.00000E+00  0.30309E-02  0.61070E-02  0.92471E-02  0.12467E-01  0.15806E-01
  0.19290E-01  0.22974E-01  0.26900E-01  0.31138E-01  0.35690E-01  0.40602E-01
  0.45630E-01  0.50603E-01  0.55357E-01  0.58802E-01  0.60962E-01  0.61928E-01
  0.00000E+00  0.27349E-01  0.27915E-01  0.14004E+00  0.36808E+00  0.84265E+00
  0.17588E+01  0.34624E+01  0.67781E+01  0.13092E+02  0.26986E+02  0.52879E+02
  0.10925E+03  0.20131E+03  0.36840E+03  0.67963E+03  0.12173E+04  0.22839E+04
  0.43232E+04  0.82795E+04  0.16118E+05  0.32141E+05  0.66559E+05  0.11490E+06
  0.19812E+06  0.00000E+00  0.56973E-02  0.11466E-01  0.17319E-01  0.23297E-01
  0.29443E-01  0.35819E-01  0.42468E-01  0.49472E-01  0.56911E-01  0.64803E-01
  0.73163E-01  0.81641E-01  0.89992E-01  0.98108E-01  0.10358E+00  0.10799E+00
  0.11244E+00  0.98664E-01  0.00000E+00  0.35060E-01  0.64857E-01  0.26919E+00
  0.69650E+00  0.15319E+01  0.30673E+01  0.60714E+01  0.11824E+02  0.24649E+02
  0.48639E+02  0.10136E+03  0.18813E+03  0.34627E+03  0.64179E+03  0.11519E+04
  0.21709E+04  0.41258E+04  0.79308E+04  0.15491E+05  0.30986E+05  0.64349E+05
  0.11138E+06  0.19252E+06  0.00000E+00  0.10691E-01  0.21479E-01  0.32403E-01
  0.43513E-01  0.54868E-01  0.66545E-01  0.78631E-01  0.91243E-01  0.10445E+00
  0.11826E+00  0.13271E+00  0.14721E+00  0.16143E+00  0.17529E+00  0.18350E+00
  0.19073E+00  0.19982E+00  0.18763E+00  0.17558E+00  0.00000E+00  0.56151E-01
  0.11685E+00  0.48380E+00  0.12191E+01  0.25495E+01  0.51802E+01  0.10267E+02
  0.21843E+02  0.43620E+02  0.92114E+02  0.17279E+03  0.32062E+03  0.59808E+03
  0.10766E+04  0.20409E+04  0.38990E+04  0.75301E+04  0.14771E+05  0.29660E+05
  0.61811E+05  0.10734E+06  0.18609E+06  0.00000E+00  0.19947E-01  0.40029E-01
  0.60346E-01  0.80904E-01  0.10182E+00  0.12320E+00  0.14520E+00  0.16789E+00
  0.19144E+00  0.21579E+00  0.24094E+00  0.26602E+00  0.29042E+00  0.31424E+00
  0.32578E+00  0.33644E+00  0.35207E+00  0.34163E+00  0.34072E+00  0.31289E+00
  0.27019E+00  0.49911E+00  0.16323E+00  0.77141E+00  0.18468E+01  0.40229E+01
  0.83134E+01  0.18412E+02  0.37596E+02  0.81179E+02  0.15480E+03  0.29073E+03
  0.54737E+03  0.98954E+03  0.18908E+04  0.36376E+04  0.70690E+04  0.13944E+05
  0.28136E+05  0.58896E+05  0.10270E+06  0.17871E+06  0.00000E+00  0.46808E-01
  0.93880E-01  0.14137E+00  0.18930E+00  0.23799E+00  0.28757E+00  0.33822E+00
  0.39038E+00  0.44429E+00  0.49994E+00  0.55774E+00  0.61643E+00  0.67604E+00
  0.73750E+00  0.77059E+00  0.80564E+00  0.85751E+00  0.88731E+00  0.95743E+00
  0.10290E+01  0.11566E+01  0.00000E+00  0.13784E+01  0.14209E+01  0.15010E+01
  0.12871E+01  0.29796E+00  0.37919E+01  0.12800E+02  0.37451E+02  0.84267E+02
  0.17576E+03  0.35589E+03  0.66678E+03  0.13418E+04  0.26923E+04  0.54172E+04
  0.11002E+05  0.22760E+05  0.48674E+05  0.86478E+05  0.15297E+06  0.00000E+00
  0.12275E+00  0.24615E+00  0.37022E+00  0.49538E+00  0.62201E+00  0.75074E+00
  0.88181E+00  0.10161E+01  0.11546E+01  0.12974E+01  0.14459E+01  0.15990E+01
  0.17583E+01  0.19271E+01  0.19717E+01  0.20464E+01  0.21719E+01  0.22953E+01
  0.25319E+01  0.28388E+01  0.32762E+01  0.39412E+01  0.49842E+01  0.63842E+01
  0.87920E+01  0.12437E+02  0.17808E+02  0.25120E+02  0.35119E+02  0.45445E+02
  0.47749E+02  0.37086E+02  0.46729E+01  0.79494E+02  0.34906E+03  0.99119E+03
  0.24566E+04  0.57476E+04  0.13182E+05  0.30500E+05  0.57677E+05  0.10731E+06
  0.00000E+00  0.23395E+00  0.46891E+00  0.70484E+00  0.94242E+00  0.11822E+01
  0.14252E+01  0.16716E+01  0.19228E+01  0.21804E+01  0.24442E+01  0.27162E+01
  0.29948E+01  0.32825E+01  0.35842E+01  0.36506E+01  0.37637E+01  0.39552E+01
  0.41495E+01  0.45202E+01  0.50100E+01  0.57155E+01  0.67972E+01  0.85111E+01
  0.10876E+02  0.14904E+02  0.21140E+02  0.30645E+02  0.45119E+02  0.66811E+02
  0.98207E+02  0.12966E+03  0.16658E+03  0.20577E+03  0.26877E+03  0.23448E+03
  0.22418E+01  0.73569E+03  0.27031E+04  0.76444E+04  0.20009E+05  0.41065E+05
  0.80982E+05  0.00000E+00  0.44609E+00  0.89376E+00  0.13428E+01  0.17943E+01
  0.22491E+01  0.27090E+01  0.31737E+01  0.36456E+01  0.41271E+01  0.46176E+01
  0.51201E+01  0.56317E+01  0.61564E+01  0.67016E+01  0.67993E+01  0.69692E+01
  0.72592E+01  0.75594E+01  0.81311E+01  0.88946E+01  0.99988E+01  0.11694E+02
  0.14380E+02  0.18119E+02  0.24406E+02  0.34178E+02  0.49211E+02  0.73076E+02
  0.10984E+03  0.16799E+03  0.23603E+03  0.33214E+03  0.47133E+03  0.70360E+03
  0.95687E+03  0.12237E+04  0.13690E+04  0.10049E+04  0.92235E+03  0.73051E+04
  0.20977E+05  0.49186E+05  0.00000E+00  0.85092E+00  0.17043E+01  0.25596E+01
  0.34187E+01  0.42827E+01  0.51544E+01  0.60334E+01  0.69229E+01  0.78268E+01
  0.87438E+01  0.96780E+01  0.10625E+02  0.11590E+02  0.12585E+02  0.12728E+02
  0.12981E+02  0.13418E+02  0.13876E+02  0.14749E+02  0.15923E+02  0.17622E+02
  0.20224E+02  0.24331E+02  0.30050E+02  0.39530E+02  0.54200E+02  0.76735E+02
  0.11309E+03  0.16953E+03  0.26202E+03  0.37643E+03  0.54679E+03  0.81036E+03
  0.12517E+04  0.18580E+04  0.27347E+04  0.39552E+04  0.55372E+04  0.72605E+04
  0.81096E+04  0.33540E+04  0.10728E+05  0.00000E+00  0.16234E+01  0.32507E+01
  0.48805E+01  0.65159E+01  0.81589E+01  0.98139E+01  0.11479E+02  0.13160E+02
  0.14863E+02  0.16584E+02  0.18331E+02  0.20094E+02  0.21883E+02  0.23715E+02
  0.23921E+02  0.24296E+02  0.24952E+02  0.25643E+02  0.26968E+02  0.28755E+02
  0.31343E+02  0.35294E+02  0.41495E+02  0.50089E+02  0.64134E+02  0.85678E+02
  0.11854E+03  0.17174E+03  0.25421E+03  0.39132E+03  0.56509E+03  0.82942E+03
  0.12488E+04  0.19498E+04  0.29915E+04  0.46161E+04  0.71490E+04  0.11098E+05
  0.17248E+05  0.26848E+05  0.32865E+05  0.35835E+05  0.00000E+00  0.30976E+01
  0.62016E+01  0.93087E+01  0.12424E+02  0.15551E+02  0.18697E+02  0.21857E+02
  0.25041E+02  0.28258E+02  0.31501E+02  0.34779E+02  0.38081E+02  0.41418E+02
  0.44814E+02  0.45107E+02  0.45661E+02  0.46641E+02  0.47676E+02  0.49677E+02
  0.52385E+02  0.56305E+02  0.62268E+02  0.71567E+02  0.84375E+02  0.10502E+03
  0.13633E+03  0.18359E+03  0.25985E+03  0.37725E+03  0.57314E+03  0.82384E+03
  0.12084E+04  0.18248E+04  0.28510E+04  0.44331E+04  0.69797E+04  0.11122E+05
  0.17959E+05  0.29493E+05  0.49704E+05  0.68759E+05  0.92340E+05  0.00000E+00
  0.59118E+01  0.11834E+02  0.17759E+02  0.23698E+02  0.29653E+02  0.35639E+02
  0.41644E+02  0.47684E+02  0.53775E+02  0.59902E+02  0.66080E+02  0.72286E+02
  0.78541E+02  0.84877E+02  0.85292E+02  0.86104E+02  0.87564E+02  0.89104E+02
  0.92116E+02  0.96201E+02  0.10212E+03  0.11109E+03  0.12500E+03  0.14402E+03
  0.17428E+03  0.21963E+03  0.28725E+03  0.39550E+03  0.56044E+03  0.83479E+03
  0.11865E+04  0.17266E+04  0.25947E+04  0.40315E+04  0.62894E+04  0.99792E+04
  0.16103E+05  0.26478E+05  0.44576E+05  0.77679E+05  0.11254E+06  0.16106E+06
  0.00000E+00  0.11285E+02  0.22587E+02  0.33892E+02  0.45216E+02  0.56566E+02
  0.67964E+02  0.79389E+02  0.90865E+02  0.10242E+03  0.11402E+03  0.12570E+03
  0.13741E+03  0.14918E+03  0.16106E+03  0.16164E+03  0.16282E+03  0.16499E+03
  0.16727E+03  0.17179E+03  0.17794E+03  0.18684E+03  0.20033E+03  0.22111E+03
  0.24935E+03  0.29373E+03  0.35945E+03  0.45617E+03  0.60938E+03  0.83995E+03
  0.12206E+04  0.17067E+04  0.24508E+04  0.36440E+04  0.56047E+04  0.87147E+04
  0.13832E+05  0.22410E+05  0.37138E+05  0.63267E+05  0.11208E+06  0.16613E+06
  0.24489E+06  0.00000E+00  0.21542E+02  0.43112E+02  0.64682E+02  0.86281E+02
  0.10792E+03  0.12964E+03  0.15138E+03  0.17321E+03  0.19516E+03  0.21717E+03
  0.23928E+03  0.26143E+03  0.28366E+03  0.30603E+03  0.30682E+03  0.30854E+03
  0.31175E+03  0.31510E+03  0.32187E+03  0.33109E+03  0.34448E+03  0.36473E+03
  0.39580E+03  0.43775E+03  0.50301E+03  0.59850E+03  0.73724E+03  0.95441E+03
  0.12767E+04  0.18032E+04  0.24707E+04  0.34857E+04  0.51045E+04  0.77407E+04
  0.11936E+05  0.18850E+05  0.30488E+05  0.50600E+05  0.86599E+05  0.15460E+06
  0.23203E+06  0.34752E+06  0.00000E+00  0.41127E+02  0.82300E+02  0.12347E+03
  0.16467E+03  0.20594E+03  0.24734E+03  0.28877E+03  0.33032E+03  0.37206E+03
  0.41387E+03  0.45583E+03  0.49782E+03  0.53991E+03  0.58218E+03  0.58323E+03
  0.58570E+03  0.59045E+03  0.59534E+03  0.60545E+03  0.61926E+03  0.63938E+03
  0.66976E+03  0.71625E+03  0.77869E+03  0.87494E+03  0.10143E+04  0.12142E+04
  0.15233E+04  0.19755E+04  0.27050E+04  0.36207E+04  0.50005E+04  0.71834E+04
  0.10702E+05  0.16293E+05  0.25492E+05  0.40975E+05  0.67789E+05  0.11597E+06
  0.20752E+06  0.31350E+06  0.47371E+06  0.00000E+00  0.78519E+02  0.15712E+03
  0.23569E+03  0.31433E+03  0.39305E+03  0.47199E+03  0.55096E+03  0.63010E+03
  0.70955E+03  0.78907E+03  0.86879E+03  0.94852E+03  0.10284E+04  0.11084E+04
  0.11098E+04  0.11133E+04  0.11203E+04  0.11274E+04  0.11425E+04  0.11631E+04
  0.11933E+04  0.12389E+04  0.13086E+04  0.14017E+04  0.15441E+04  0.17483E+04
  0.20381E+04  0.24806E+04  0.31187E+04  0.41341E+04  0.53940E+04  0.72722E+04
  0.10213E+05  0.14898E+05  0.22308E+05  0.34441E+05  0.54803E+05  0.90023E+05
  0.15335E+06  0.27393E+06  0.41491E+06  0.62976E+06  0.00000E+00  0.14992E+03
  0.29997E+03  0.44995E+03  0.60003E+03  0.75024E+03  0.90082E+03  0.10514E+04
  0.12022E+04  0.13536E+04  0.15049E+04  0.16566E+04  0.18082E+04  0.19599E+04
  0.21119E+04  0.21136E+04  0.21185E+04  0.21288E+04  0.21390E+04  0.21614E+04
  0.21923E+04  0.22375E+04  0.23060E+04  0.24103E+04  0.25494E+04  0.27609E+04
  0.30617E+04  0.34840E+04  0.41214E+04  0.50282E+04  0.64512E+04  0.81945E+04
  0.10762E+05  0.14736E+05  0.20985E+05  0.30795E+05  0.46740E+05  0.73352E+05
  0.11921E+06  0.20149E+06  0.35806E+06  0.54214E+06  0.82396E+06  0.00000E+00
  0.28625E+03  0.57275E+03  0.85908E+03  0.11456E+04  0.14322E+04  0.17195E+04
  0.20068E+04  0.22944E+04  0.25828E+04  0.28711E+04  0.31598E+04  0.34484E+04
  0.37372E+04  0.40259E+04  0.40280E+04  0.40349E+04  0.40499E+04  0.40646E+04
  0.40978E+04  0.41437E+04  0.42115E+04  0.43142E+04  0.44708E+04  0.46789E+04
  0.49940E+04  0.54388E+04  0.60579E+04  0.69824E+04  0.82807E+04  0.10291E+05
  0.12721E+05  0.16255E+05  0.21656E+05  0.30031E+05  0.43052E+05  0.64015E+05
  0.98731E+05  0.15819E+06  0.26440E+06  0.46590E+06  0.70338E+06  0.10677E+07
  0.00000E+00  0.54658E+03  0.10936E+04  0.16402E+04  0.21871E+04  0.27342E+04
  0.32825E+04  0.38305E+04  0.43790E+04  0.49289E+04  0.54785E+04  0.60286E+04
  0.65783E+04  0.71282E+04  0.76778E+04  0.76798E+04  0.76895E+04  0.77113E+04
  0.77321E+04  0.77813E+04  0.78496E+04  0.79509E+04  0.81050E+04  0.83402E+04
  0.86520E+04  0.91227E+04  0.97831E+04  0.10695E+05  0.12045E+05  0.13918E+05
  0.16780E+05  0.20196E+05  0.25103E+05  0.32499E+05  0.43804E+05  0.61177E+05
  0.88833E+05  0.13418E+06  0.21122E+06  0.34792E+06  0.60596E+06  0.91003E+06
  0.13766E+07  0.00000E+00  0.10437E+04  0.20882E+04  0.31319E+04  0.41760E+04
  0.52205E+04  0.62670E+04  0.73127E+04  0.83592E+04  0.94081E+04  0.10456E+05
  0.11505E+05  0.12553E+05  0.13601E+05  0.14647E+05  0.14649E+05  0.14662E+05
  0.14694E+05  0.14723E+05  0.14796E+05  0.14897E+05  0.15048E+05  0.15280E+05
  0.15633E+05  0.16100E+05  0.16805E+05  0.17789E+05  0.19139E+05  0.21120E+05
  0.23842E+05  0.27951E+05  0.32798E+05  0.39670E+05  0.49892E+05  0.65285E+05
  0.88638E+05  0.12534E+06  0.18484E+06  0.28486E+06  0.46084E+06  0.79067E+06
  0.11784E+07  0.17724E+07  0.00000E+00  0.19930E+04  0.39875E+04  0.59803E+04
  0.79737E+04  0.99677E+04  0.11965E+05  0.13961E+05  0.15958E+05  0.17959E+05
  0.19958E+05  0.21958E+05  0.23956E+05  0.25955E+05  0.27950E+05  0.27950E+05
  0.27968E+05  0.28013E+05  0.28054E+05  0.28161E+05  0.28311E+05  0.28537E+05
  0.28883E+05  0.29414E+05  0.30116E+05  0.31173E+05  0.32643E+05  0.34650E+05
  0.37573E+05  0.41554E+05  0.47501E+05  0.54435E+05  0.64152E+05  0.78418E+05
  0.99585E+05  0.13126E+06  0.18037E+06  0.25892E+06  0.38942E+06  0.61659E+06
  0.10385E+07  0.15323E+07  0.22864E+07  0.00000E+00  0.38059E+04  0.76144E+04
  0.11420E+05  0.15226E+05  0.19033E+05  0.22847E+05  0.26656E+05  0.30468E+05
  0.34286E+05  0.38101E+05  0.41916E+05  0.45728E+05  0.49541E+05  0.53347E+05
  0.53343E+05  0.53366E+05  0.53431E+05  0.53486E+05  0.53643E+05  0.53865E+05
  0.54201E+05  0.54721E+05  0.55518E+05  0.56573E+05  0.58160E+05  0.60362E+05
  0.63354E+05  0.67687E+05  0.73545E+05  0.82212E+05  0.92216E+05  0.10608E+06
  0.12619E+06  0.15560E+06  0.19901E+06  0.26533E+06  0.36992E+06  0.54134E+06
  0.83609E+06  0.13775E+07  0.20071E+07  0.29642E+07  0.00000E+00  0.72675E+04
  0.14540E+05  0.21806E+05  0.29073E+05  0.36341E+05  0.43622E+05  0.50894E+05
  0.58169E+05  0.65457E+05  0.72736E+05  0.80015E+05  0.87289E+05  0.94565E+05
  0.10183E+06  0.10182E+06  0.10184E+06  0.10194E+06  0.10201E+06  0.10224E+06
  0.10257E+06  0.10307E+06  0.10385E+06  0.10504E+06  0.10663E+06  0.10902E+06
  0.11232E+06  0.11679E+06  0.12324E+06  0.13190E+06  0.14462E+06  0.15916E+06
  0.17912E+06  0.20774E+06  0.24905E+06  0.30917E+06  0.39969E+06  0.54033E+06
  0.76747E+06  0.11526E+07  0.18511E+07  0.26566E+07  0.38736E+07  0.00000E+00
  0.13878E+05  0.27765E+05  0.41639E+05  0.55515E+05  0.69394E+05  0.83294E+05
  0.97178E+05  0.11107E+06  0.12498E+06  0.13887E+06  0.15276E+06  0.16665E+06
  0.18053E+06  0.19439E+06  0.19437E+06  0.19440E+06  0.19453E+06  0.19463E+06
  0.19496E+06  0.19544E+06  0.19618E+06  0.19735E+06  0.19915E+06  0.20153E+06
  0.20512E+06  0.21009E+06  0.21680E+06  0.22642E+06  0.23928E+06  0.25804E+06
  0.27932E+06  0.30829E+06  0.34939E+06  0.40800E+06  0.49218E+06  0.61710E+06
  0.80826E+06  0.11123E+07  0.16200E+07  0.25275E+07  0.35635E+07  0.51171E+07
  0.00000E+00  0.26502E+05  0.53021E+05  0.79515E+05  0.10601E+06  0.13251E+06
  0.15905E+06  0.18556E+06  0.21208E+06  0.23863E+06  0.26515E+06  0.29167E+06
  0.31817E+06  0.34469E+06  0.37115E+06  0.37109E+06  0.37112E+06  0.37130E+06
  0.37143E+06  0.37191E+06  0.37262E+06  0.37372E+06  0.37546E+06  0.37816E+06
  0.38174E+06  0.38716E+06  0.39463E+06  0.40470E+06  0.41910E+06  0.43828E+06
  0.46607E+06  0.49741E+06  0.53975E+06  0.59928E+06  0.68323E+06  0.80235E+06
  0.97669E+06  0.12395E+07  0.16509E+07  0.23271E+07  0.35166E+07  0.48588E+07
  0.68536E+07
