  0.00000E+00  0.00000E+00  0.00000E+00  0.00000E+00  0.00000E+00  0.00000E+00
  0.00000E+00  0.00000E+00  0.00000E+00  0.00000E+00  0.00000E+00  0.00000E+00
  0.00000E+00  0.00000E+00  0.00000E+00  0.00000E+00  0.00000E+00  0.00000E+00
  0.00000E+00  0.00000E+00  0.00000E+00  0.00000E+00  0.00000E+00  0.00000E+00
  0.00000E+00  0.00000E+00  0.00000E+00  0.00000E+00  0.00000E+00  0.00000E+00
  0.00000E+00  0.00000E+00  0.00000E+00  0.00000E+00  0.00000E+00  0.00000E+00
  0.00000E+00  0.00000E+00  0.00000E+00  0.00000E+00  0.00000E+00  0.00000E+00
  0.00000E+00  0.00000E+00  0.00000E+00  0.00000E+00  0.00000E+00  0.00000E+00
  0.00000E+00  0.00000E+00  0.00000E+00  0.00000E+00  0.00000E+00  0.00000E+00
  0.00000E+00  0.00000E+00  0.00000E+00  0.00000E+00  0.00000E+00  0.00000E+00
  0.17792E-02  0.43612E-02  0.97081E-02  0.20692E-01  0.42458E-01  0.86955E-01
  0.18197E+00  0.35817E+00  0.69879E+00  0.13538E+01  0.25811E+01  0.51588E+01
  0.98881E+01  0.19790E+02  0.35413E+02  0.63210E+02  0.11414E+03  0.20225E+03
  0.37148E+03  0.68924E+03  0.12955E+04  0.24781E+04  0.48612E+04  0.99147E+04
  0.16869E+05  0.28700E+05  0.00000E+00  0.00000E+00  0.00000E+00  0.00000E+00
  0.00000E+00  0.00000E+00  0.00000E+00  0.00000E+00  0.00000E+00  0.00000E+00
  0.00000E+00  0.00000E+00  0.00000E+00  0.00000E+00  0.00000E+00  0.00000E+00
  0.00000E+00  0.36023E-02  0.88033E-02  0.19553E-01  0.41587E-01  0.85233E-01
  0.17438E+00  0.36455E+00  0.71715E+00  0.13986E+01  0.27087E+01  0.51630E+01
  0.10317E+02  0.19774E+02  0.39573E+02  0.70807E+02  0.12638E+03  0.22820E+03
  0.40437E+03  0.74270E+03  0.13780E+04  0.25900E+04  0.49544E+04  0.97189E+04
  0.19822E+05  0.33725E+05  0.57379E+05  0.00000E+00  0.00000E+00  0.00000E+00
  0.00000E+00  0.00000E+00  0.00000E+00  0.00000E+00  0.00000E+00  0.00000E+00
  0.00000E+00  0.00000E+00  0.00000E+00  0.00000E+00  0.00000E+00  0.00000E+00
  0.00000E+00  0.00000E+00  0.54791E-02  0.13351E-01  0.29562E-01  0.62773E-01
  0.12845E+00  0.26242E+00  0.54830E+00  0.10779E+01  0.21010E+01  0.40676E+01
  0.77509E+01  0.15486E+02  0.29675E+02  0.59382E+02  0.10625E+03  0.18963E+03
  0.34239E+03  0.60670E+03  0.11143E+04  0.20674E+04  0.38858E+04  0.74334E+04
  0.14582E+05  0.29741E+05  0.50600E+05  0.86091E+05  0.00000E+00  0.00000E+00
  0.00000E+00  0.00000E+00  0.00000E+00  0.00000E+00  0.00000E+00  0.00000E+00
  0.00000E+00  0.00000E+00  0.00000E+00  0.00000E+00  0.00000E+00  0.00000E+00
  0.00000E+00  0.00000E+00  0.00000E+00  0.74321E-02  0.18036E-01  0.39793E-01
  0.84274E-01  0.17212E+00  0.35119E+00  0.73284E+00  0.14395E+01  0.28040E+01
  0.54261E+01  0.10336E+02  0.20646E+02  0.39557E+02  0.79149E+02  0.14161E+03
  0.25273E+03  0.45631E+03  0.80854E+03  0.14850E+04  0.27552E+04  0.51786E+04
  0.99066E+04  0.19434E+05  0.39637E+05  0.67439E+05  0.11474E+06  0.00000E+00
  0.00000E+00  0.00000E+00  0.00000E+00  0.00000E+00  0.00000E+00  0.00000E+00
  0.00000E+00  0.00000E+00  0.00000E+00  0.00000E+00  0.00000E+00  0.00000E+00
  0.00000E+00  0.00000E+00  0.00000E+00  0.00000E+00  0.94820E-02  0.22901E-01
  0.50312E-01  0.10625E+00  0.21650E+00  0.44089E+00  0.91863E+00  0.18027E+01
  0.35086E+01  0.67857E+01  0.12921E+02  0.25802E+02  0.49426E+02  0.98883E+02
  0.17690E+03  0.31572E+03  0.57002E+03  0.10100E+04  0.18550E+04  0.34418E+04
  0.64691E+04  0.12376E+05  0.24278E+05  0.49517E+05  0.84253E+05  0.14335E+06
  0.00000E+00  0.00000E+00  0.00000E+00  0.00000E+00  0.00000E+00  0.00000E+00
  0.00000E+00  0.00000E+00  0.00000E+00  0.00000E+00  0.00000E+00  0.00000E+00
  0.00000E+00  0.00000E+00  0.00000E+00  0.00000E+00  0.00000E+00  0.11651E-01
  0.27988E-01  0.61197E-01  0.12876E+00  0.26159E+00  0.53160E+00  0.11057E+01
  0.21672E+01  0.42140E+01  0.81443E+01  0.15500E+02  0.30944E+02  0.59262E+02
  0.11855E+03  0.21207E+03  0.37847E+03  0.68331E+03  0.12107E+04  0.22237E+04
  0.41260E+04  0.77555E+04  0.14837E+05  0.29107E+05  0.59371E+05  0.10102E+06
  0.17190E+06  0.00000E+00  0.00000E+00  0.00000E+00  0.00000E+00  0.00000E+00
  0.00000E+00  0.00000E+00  0.00000E+00  0.00000E+00  0.00000E+00  0.00000E+00
  0.00000E+00  0.00000E+00  0.00000E+00  0.00000E+00  0.00000E+00  0.00000E+00
  0.13961E-01  0.33333E-01  0.72478E-01  0.15185E+00  0.30757E+00  0.62336E+00
  0.12941E+01  0.25330E+01  0.49195E+01  0.94999E+01  0.18070E+02  0.36061E+02
  0.69046E+02  0.13810E+03  0.24705E+03  0.44090E+03  0.79604E+03  0.14104E+04
  0.25907E+04  0.48071E+04  0.90363E+04  0.17289E+05  0.33919E+05  0.69191E+05
  0.11774E+06  0.20036E+06  0.00000E+00  0.00000E+00  0.00000E+00  0.00000E+00
  0.00000E+00  0.00000E+00  0.00000E+00  0.00000E+00  0.00000E+00  0.00000E+00
  0.00000E+00  0.00000E+00  0.00000E+00  0.00000E+00  0.00000E+00  0.00000E+00
  0.00000E+00  0.16402E-01  0.38939E-01  0.84134E-01  0.17548E+00  0.35408E+00
  0.71560E+00  0.14820E+01  0.28963E+01  0.56176E+01  0.10838E+02  0.20602E+02
  0.41099E+02  0.78676E+02  0.15736E+03  0.28151E+03  0.50242E+03  0.90717E+03
  0.16073E+04  0.29527E+04  0.54796E+04  0.10302E+05  0.19712E+05  0.38679E+05
  0.78911E+05  0.13430E+06  0.22856E+06  0.00000E+00  0.00000E+00  0.00000E+00
  0.00000E+00  0.00000E+00  0.00000E+00  0.00000E+00  0.00000E+00  0.00000E+00
  0.00000E+00  0.00000E+00  0.00000E+00  0.00000E+00  0.00000E+00  0.00000E+00
  0.00000E+00  0.00000E+00  0.18932E-01  0.44746E-01  0.96054E-01  0.19938E+00
  0.40081E+00  0.80736E+00  0.16677E+01  0.32536E+01  0.63010E+01  0.12143E+02
  0.23068E+02  0.46006E+02  0.88054E+02  0.17612E+03  0.31513E+03  0.56252E+03
  0.10158E+04  0.18000E+04  0.33073E+04  0.61390E+04  0.11544E+05  0.22094E+05
  0.43363E+05  0.88484E+05  0.15062E+06  0.25639E+06  0.00000E+00  0.00000E+00
  0.00000E+00  0.00000E+00  0.00000E+00  0.00000E+00  0.00000E+00  0.00000E+00
  0.00000E+00  0.00000E+00  0.00000E+00  0.00000E+00  0.00000E+00  0.00000E+00
  0.00000E+00  0.00000E+00  0.00000E+00  0.21353E-01  0.50436E-01  0.10770E+00
  0.22264E+00  0.44591E+00  0.89550E+00  0.18450E+01  0.35936E+01  0.69484E+01
  0.13377E+02  0.25396E+02  0.50645E+02  0.96930E+02  0.19393E+03  0.34714E+03
  0.61990E+03  0.11199E+04  0.19846E+04  0.36481E+04  0.67743E+04  0.12744E+05
  0.24399E+05  0.47905E+05  0.97787E+05  0.16652E+06  0.28354E+06  0.00000E+00
  0.00000E+00  0.00000E+00  0.00000E+00  0.00000E+00  0.00000E+00  0.00000E+00
  0.00000E+00  0.00000E+00  0.00000E+00  0.00000E+00  0.00000E+00  0.00000E+00
  0.00000E+00  0.00000E+00  0.00000E+00  0.00000E+00  0.23451E-01  0.55734E-01
  0.11862E+00  0.24457E+00  0.48839E+00  0.97794E+00  0.20101E+01  0.39092E+01
  0.75460E+01  0.14513E+02  0.27536E+02  0.54922E+02  0.10514E+03  0.21048E+03
  0.37702E+03  0.67368E+03  0.12177E+04  0.21586E+04  0.39705E+04  0.73776E+04
  0.13887E+05  0.26604E+05  0.52262E+05  0.10674E+06  0.18185E+06  0.30980E+06
  0.00000E+00  0.00000E+00  0.00000E+00  0.00000E+00  0.00000E+00  0.00000E+00
  0.00000E+00  0.00000E+00  0.00000E+00  0.00000E+00  0.00000E+00  0.00000E+00
  0.00000E+00  0.00000E+00  0.00000E+00  0.00000E+00  0.00000E+00  0.24750E-01
  0.60001E-01  0.12789E+00  0.26371E+00  0.52584E+00  0.10507E+01  0.21551E+01
  0.41865E+01  0.80677E+01  0.15501E+02  0.29400E+02  0.58670E+02  0.11237E+03
  0.22518E+03  0.40379E+03  0.72222E+03  0.13066E+04  0.23172E+04  0.42662E+04
  0.79344E+04  0.14948E+05  0.28661E+05  0.56348E+05  0.11517E+06  0.19636E+06
  0.33474E+06  0.00000E+00  0.00000E+00  0.00000E+00  0.00000E+00  0.00000E+00
  0.00000E+00  0.00000E+00  0.00000E+00  0.00000E+00  0.00000E+00  0.00000E+00
  0.00000E+00  0.00000E+00  0.00000E+00  0.00000E+00  0.00000E+00  0.00000E+00
  0.22877E-01  0.59654E-01  0.12991E+00  0.27133E+00  0.54418E+00  0.10901E+01
  0.22380E+01  0.43530E+01  0.83846E+01  0.16112E+02  0.30577E+02  0.61142E+02
  0.11728E+03  0.23559E+03  0.42342E+03  0.75884E+03  0.13753E+04  0.24412E+04
  0.45024E+04  0.83877E+04  0.15828E+05  0.30392E+05  0.59836E+05  0.12246E+06
  0.20906E+06  0.35681E+06  0.00000E+00  0.28204E-03  0.57438E-03  0.88101E-03
  0.12075E-02  0.15609E-02  0.19502E-02  0.23862E-02  0.28811E-02  0.34481E-02
  0.40805E-02  0.47626E-02  0.53592E-02  0.56436E-02  0.52450E-02  0.00000E+00
  0.00000E+00  0.11832E-01  0.47189E-01  0.11107E+00  0.24199E+00  0.49461E+00
  0.10034E+01  0.20638E+01  0.40384E+01  0.77939E+01  0.15010E+02  0.28557E+02
  0.57357E+02  0.11039E+03  0.22275E+03  0.40197E+03  0.72291E+03  0.13141E+04
  0.23365E+04  0.43221E+04  0.80741E+04  0.15276E+05  0.29404E+05  0.58022E+05
  0.11900E+06  0.20356E+06  0.34807E+06  0.00000E+00  0.68924E-03  0.13985E-02
  0.21359E-02  0.29137E-02  0.37432E-02  0.46438E-02  0.56379E-02  0.67523E-02
  0.80179E-02  0.94447E-02  0.11039E-01  0.12652E-01  0.14073E-01  0.14967E-01
  0.14072E-01  0.00000E+00  0.00000E+00  0.24652E-01  0.79003E-01  0.19445E+00
  0.42065E+00  0.87615E+00  0.18309E+01  0.36280E+01  0.70377E+01  0.13618E+02
  0.26028E+02  0.52651E+02  0.10187E+03  0.20691E+03  0.37557E+03  0.67877E+03
  0.12391E+04  0.22081E+04  0.41012E+04  0.76903E+04  0.14600E+05  0.28195E+05
  0.55804E+05  0.11477E+06  0.19683E+06  0.33738E+06  0.00000E+00  0.14444E-02
  0.29220E-02  0.44481E-02  0.60394E-02  0.77189E-02  0.95138E-02  0.11467E-01
  0.13620E-01  0.16024E-01  0.18706E-01  0.21700E-01  0.24824E-01  0.27887E-01
  0.30596E-01  0.31447E-01  0.30321E-01  0.00000E+00  0.25793E-02  0.42163E-01
  0.14416E+00  0.34646E+00  0.75737E+00  0.16202E+01  0.32624E+01  0.63660E+01
  0.12382E+02  0.23777E+02  0.48459E+02  0.94256E+02  0.19274E+03  0.35192E+03
  0.63918E+03  0.11718E+04  0.20926E+04  0.39020E+04  0.73438E+04  0.13990E+05
  0.27102E+05  0.53796E+05  0.11094E+06  0.19074E+06  0.32770E+06  0.00000E+00
  0.26769E-02  0.54052E-02  0.82015E-02  0.11093E-01  0.14108E-01  0.17299E-01
  0.20712E-01  0.24410E-01  0.28464E-01  0.32900E-01  0.37764E-01  0.42799E-01
  0.47763E-01  0.52389E-01  0.54572E-01  0.54849E-01  0.53041E-01  0.00000E+00
  0.95349E-02  0.10568E+00  0.29719E+00  0.68564E+00  0.14973E+01  0.30511E+01
  0.59666E+01  0.11626E+02  0.22368E+02  0.45791E+02  0.89331E+02  0.18346E+03
  0.33630E+03  0.61282E+03  0.11265E+04  0.20144E+04  0.37666E+04  0.71071E+04
  0.13571E+05  0.26349E+05  0.52409E+05  0.10828E+06  0.18651E+06  0.32097E+06
  0.00000E+00  0.49795E-02  0.10033E-01  0.15192E-01  0.20482E-01  0.25968E-01
  0.31692E-01  0.37745E-01  0.44195E-01  0.51158E-01  0.58636E-01  0.66707E-01
  0.74977E-01  0.83138E-01  0.90959E-01  0.95119E-01  0.97569E-01  0.98706E-01
  0.00000E+00  0.43929E-01  0.44311E-01  0.22186E+00  0.58199E+00  0.13323E+01
  0.27809E+01  0.54745E+01  0.10717E+02  0.20701E+02  0.42669E+02  0.83610E+02
  0.17273E+03  0.31830E+03  0.58250E+03  0.10746E+04  0.19247E+04  0.36112E+04
  0.68355E+04  0.13091E+05  0.25486E+05  0.50819E+05  0.10524E+06  0.18167E+06
  0.31326E+06  0.00000E+00  0.93152E-02  0.18738E-01  0.28310E-01  0.38089E-01
  0.48141E-01  0.58553E-01  0.69428E-01  0.80899E-01  0.93065E-01  0.10595E+00
  0.11963E+00  0.13349E+00  0.14715E+00  0.16041E+00  0.16717E+00  0.17249E+00
  0.17922E+00  0.15726E+00  0.00000E+00  0.55654E-01  0.10275E+00  0.42563E+00
  0.11013E+01  0.24221E+01  0.48498E+01  0.95997E+01  0.18695E+02  0.38973E+02
  0.76905E+02  0.16026E+03  0.29747E+03  0.54750E+03  0.10148E+04  0.18214E+04
  0.34325E+04  0.65235E+04  0.12540E+05  0.24494E+05  0.48993E+05  0.10174E+06
  0.17610E+06  0.30440E+06  0.00000E+00  0.17362E-01  0.34876E-01  0.52641E-01
  0.70680E-01  0.89119E-01  0.10808E+00  0.12773E+00  0.14818E+00  0.16963E+00
  0.19206E+00  0.21551E+00  0.23909E+00  0.26217E+00  0.28469E+00  0.29486E+00
  0.30461E+00  0.31846E+00  0.29844E+00  0.27928E+00  0.17331E+00  0.88962E-01
  0.18475E+00  0.76495E+00  0.19276E+01  0.40311E+01  0.81906E+01  0.16234E+02
  0.34536E+02  0.68969E+02  0.14564E+03  0.27321E+03  0.50694E+03  0.94564E+03
  0.17023E+04  0.32269E+04  0.61648E+04  0.11906E+05  0.23356E+05  0.46896E+05
  0.97732E+05  0.16971E+06  0.29424E+06  0.00000E+00  0.32254E-01  0.64756E-01
  0.97574E-01  0.13083E+00  0.16467E+00  0.19926E+00  0.23475E+00  0.27145E+00
  0.30953E+00  0.34893E+00  0.38962E+00  0.43013E+00  0.46961E+00  0.50814E+00
  0.52133E+00  0.53620E+00  0.55998E+00  0.54226E+00  0.54085E+00  0.49372E+00
  0.40816E+00  0.19699E+00  0.25809E+00  0.12197E+01  0.29200E+01  0.63608E+01
  0.13145E+02  0.29113E+02  0.59444E+02  0.12836E+03  0.24476E+03  0.45968E+03
  0.86546E+03  0.15646E+04  0.29896E+04  0.57516E+04  0.11177E+05  0.22047E+05
  0.44487E+05  0.93123E+05  0.16238E+06  0.28256E+06  0.00000E+00  0.74911E-01
  0.15022E+00  0.22621E+00  0.30302E+00  0.38093E+00  0.46015E+00  0.54132E+00
  0.62478E+00  0.71105E+00  0.80010E+00  0.89259E+00  0.98662E+00  0.10819E+01
  0.11802E+01  0.12256E+01  0.12789E+01  0.13585E+01  0.14058E+01  0.15138E+01
  0.16270E+01  0.17824E+01  0.19942E+01  0.21794E+01  0.22467E+01  0.23733E+01
  0.20350E+01  0.47112E+00  0.59955E+01  0.20238E+02  0.59215E+02  0.13324E+03
  0.27791E+03  0.56272E+03  0.10543E+04  0.21216E+04  0.42570E+04  0.85653E+04
  0.17396E+05  0.35987E+05  0.76960E+05  0.13673E+06  0.24187E+06  0.00000E+00
  0.19408E+00  0.38920E+00  0.58537E+00  0.78327E+00  0.98348E+00  0.11870E+01
  0.13943E+01  0.16066E+01  0.18256E+01  0.20514E+01  0.22862E+01  0.25282E+01
  0.27802E+01  0.30470E+01  0.31176E+01  0.32356E+01  0.34341E+01  0.36292E+01
  0.40033E+01  0.44886E+01  0.51802E+01  0.62316E+01  0.78807E+01  0.10094E+02
  0.13901E+02  0.19665E+02  0.28157E+02  0.39719E+02  0.55527E+02  0.71855E+02
  0.75498E+02  0.58637E+02  0.73886E+01  0.12569E+03  0.55191E+03  0.15672E+04
  0.38842E+04  0.90877E+04  0.20842E+05  0.48225E+05  0.91195E+05  0.16966E+06
  0.00000E+00  0.36991E+00  0.74142E+00  0.11145E+01  0.14901E+01  0.18692E+01
  0.22534E+01  0.26431E+01  0.30403E+01  0.34475E+01  0.38646E+01  0.42948E+01
  0.47353E+01  0.51901E+01  0.56672E+01  0.57721E+01  0.59510E+01  0.62537E+01
  0.65610E+01  0.71471E+01  0.79215E+01  0.90370E+01  0.10747E+02  0.13457E+02
  0.17197E+02  0.23566E+02  0.33425E+02  0.48454E+02  0.71339E+02  0.10564E+03
  0.15528E+03  0.20502E+03  0.26338E+03  0.32535E+03  0.42496E+03  0.37074E+03
  0.35448E+01  0.11632E+04  0.42739E+04  0.12087E+05  0.31637E+05  0.64929E+05
  0.12804E+06  0.00000E+00  0.70533E+00  0.14132E+01  0.21232E+01  0.28371E+01
  0.35562E+01  0.42832E+01  0.50181E+01  0.57643E+01  0.65255E+01  0.73011E+01
  0.80955E+01  0.89045E+01  0.97341E+01  0.10596E+02  0.10751E+02  0.11019E+02
  0.11478E+02  0.11952E+02  0.12856E+02  0.14064E+02  0.15809E+02  0.18489E+02
  0.22736E+02  0.28649E+02  0.38589E+02  0.54040E+02  0.77809E+02  0.11554E+03
  0.17367E+03  0.26561E+03  0.37319E+03  0.52515E+03  0.74524E+03  0.11125E+04
  0.15129E+04  0.19349E+04  0.21646E+04  0.15888E+04  0.14584E+04  0.11550E+05
  0.33167E+05  0.77770E+05  0.00000E+00  0.13454E+01  0.26948E+01  0.40472E+01
  0.54054E+01  0.67715E+01  0.81499E+01  0.95396E+01  0.10946E+02  0.12375E+02
  0.13825E+02  0.15302E+02  0.16800E+02  0.18326E+02  0.19899E+02  0.20125E+02
  0.20525E+02  0.21216E+02  0.21940E+02  0.23320E+02  0.25176E+02  0.27862E+02
  0.31977E+02  0.38471E+02  0.47513E+02  0.62502E+02  0.85698E+02  0.12133E+03
  0.17881E+03  0.26805E+03  0.41430E+03  0.59519E+03  0.86456E+03  0.12813E+04
  0.19791E+04  0.29377E+04  0.43239E+04  0.62537E+04  0.87551E+04  0.11480E+05
  0.12822E+05  0.53032E+04  0.16963E+05  0.00000E+00  0.25667E+01  0.51398E+01
  0.77167E+01  0.10303E+02  0.12900E+02  0.15517E+02  0.18150E+02  0.20808E+02
  0.23501E+02  0.26222E+02  0.28983E+02  0.31772E+02  0.34601E+02  0.37497E+02
  0.37822E+02  0.38416E+02  0.39452E+02  0.40545E+02  0.42640E+02  0.45466E+02
  0.49558E+02  0.55806E+02  0.65609E+02  0.79197E+02  0.10141E+03  0.13547E+03
  0.18742E+03  0.27154E+03  0.40194E+03  0.61874E+03  0.89348E+03  0.13114E+04
  0.19745E+04  0.30829E+04  0.47299E+04  0.72986E+04  0.11304E+05  0.17547E+05
  0.27272E+05  0.42451E+05  0.51965E+05  0.56660E+05  0.00000E+00  0.48977E+01
  0.98055E+01  0.14718E+02  0.19644E+02  0.24588E+02  0.29563E+02  0.34559E+02
  0.39593E+02  0.44680E+02  0.49807E+02  0.54991E+02  0.60211E+02  0.65487E+02
  0.70857E+02  0.71321E+02  0.72197E+02  0.73746E+02  0.75383E+02  0.78546E+02
  0.82828E+02  0.89026E+02  0.98455E+02  0.11316E+03  0.13341E+03  0.16605E+03
  0.21556E+03  0.29029E+03  0.41086E+03  0.59649E+03  0.90621E+03  0.13026E+04
  0.19106E+04  0.28852E+04  0.45078E+04  0.70093E+04  0.11036E+05  0.17585E+05
  0.28396E+05  0.46633E+05  0.78588E+05  0.10872E+06  0.14600E+06  0.00000E+00
  0.93473E+01  0.18711E+02  0.28080E+02  0.37469E+02  0.46886E+02  0.56350E+02
  0.65845E+02  0.75395E+02  0.85026E+02  0.94713E+02  0.10448E+03  0.11429E+03
  0.12418E+03  0.13420E+03  0.13486E+03  0.13614E+03  0.13845E+03  0.14089E+03
  0.14565E+03  0.15211E+03  0.16146E+03  0.17565E+03  0.19764E+03  0.22772E+03
  0.27556E+03  0.34726E+03  0.45418E+03  0.62533E+03  0.88614E+03  0.13199E+04
  0.18760E+04  0.27300E+04  0.41026E+04  0.63744E+04  0.99444E+04  0.15778E+05
  0.25460E+05  0.41865E+05  0.70480E+05  0.12282E+06  0.17794E+06  0.25466E+06
  0.00000E+00  0.17843E+02  0.35713E+02  0.53588E+02  0.71493E+02  0.89438E+02
  0.10746E+03  0.12552E+03  0.14367E+03  0.16194E+03  0.18028E+03  0.19874E+03
  0.21726E+03  0.23587E+03  0.25466E+03  0.25557E+03  0.25745E+03  0.26088E+03
  0.26448E+03  0.27162E+03  0.28134E+03  0.29543E+03  0.31674E+03  0.34960E+03
  0.39425E+03  0.46443E+03  0.56833E+03  0.72127E+03  0.96352E+03  0.13281E+04
  0.19299E+04  0.26985E+04  0.38750E+04  0.57617E+04  0.88618E+04  0.13779E+05
  0.21870E+05  0.35433E+05  0.58720E+05  0.10003E+06  0.17721E+06  0.26267E+06
  0.38721E+06  0.00000E+00  0.34061E+02  0.68166E+02  0.10227E+03  0.13642E+03
  0.17063E+03  0.20497E+03  0.23936E+03  0.27387E+03  0.30857E+03  0.34337E+03
  0.37833E+03  0.41335E+03  0.44851E+03  0.48388E+03  0.48513E+03  0.48784E+03
  0.49292E+03  0.49822E+03  0.50892E+03  0.52350E+03  0.54468E+03  0.57668E+03
  0.62581E+03  0.69215E+03  0.79533E+03  0.94631E+03  0.11657E+04  0.15091E+04
  0.20187E+04  0.28511E+04  0.39066E+04  0.55114E+04  0.80709E+04  0.12239E+05
  0.18872E+05  0.29805E+05  0.48206E+05  0.80005E+05  0.13692E+06  0.24445E+06
  0.36687E+06  0.54948E+06  0.00000E+00  0.65027E+02  0.13013E+03  0.19522E+03
  0.26037E+03  0.32562E+03  0.39108E+03  0.45659E+03  0.52228E+03  0.58828E+03
  0.65439E+03  0.72072E+03  0.78712E+03  0.85368E+03  0.92050E+03  0.92217E+03
  0.92607E+03  0.93358E+03  0.94131E+03  0.95729E+03  0.97914E+03  0.10109E+04
  0.10590E+04  0.11325E+04  0.12312E+04  0.13834E+04  0.16037E+04  0.19198E+04
  0.24086E+04  0.31236E+04  0.42770E+04  0.57248E+04  0.79066E+04  0.11358E+05
  0.16921E+05  0.25761E+05  0.40306E+05  0.64788E+05  0.10718E+06  0.18337E+06
  0.32812E+06  0.49568E+06  0.74901E+06  0.00000E+00  0.12415E+03  0.24843E+03
  0.37266E+03  0.49699E+03  0.62146E+03  0.74628E+03  0.87115E+03  0.99628E+03
  0.11219E+04  0.12476E+04  0.13737E+04  0.14997E+04  0.16260E+04  0.17526E+04
  0.17548E+04  0.17603E+04  0.17714E+04  0.17826E+04  0.18064E+04  0.18391E+04
  0.18868E+04  0.19589E+04  0.20690E+04  0.22162E+04  0.24415E+04  0.27644E+04
  0.32225E+04  0.39221E+04  0.49311E+04  0.65366E+04  0.85287E+04  0.11498E+05
  0.16148E+05  0.23556E+05  0.35273E+05  0.54456E+05  0.86651E+05  0.14234E+06
  0.24247E+06  0.43313E+06  0.65603E+06  0.99574E+06  0.00000E+00  0.23704E+03
  0.47429E+03  0.71143E+03  0.94873E+03  0.11862E+04  0.14243E+04  0.16624E+04
  0.19009E+04  0.21402E+04  0.23795E+04  0.26193E+04  0.28590E+04  0.30990E+04
  0.33391E+04  0.33418E+04  0.33497E+04  0.33659E+04  0.33821E+04  0.34175E+04
  0.34663E+04  0.35378E+04  0.36460E+04  0.38111E+04  0.40310E+04  0.43654E+04
  0.48409E+04  0.55087E+04  0.65166E+04  0.79503E+04  0.10200E+05  0.12957E+05
  0.17016E+05  0.23300E+05  0.33180E+05  0.48692E+05  0.73902E+05  0.11598E+06
  0.18849E+06  0.31859E+06  0.56614E+06  0.85719E+06  0.13028E+07  0.00000E+00
  0.45261E+03  0.90560E+03  0.13583E+04  0.18113E+04  0.22645E+04  0.27188E+04
  0.31730E+04  0.36277E+04  0.40837E+04  0.45397E+04  0.49962E+04  0.54524E+04
  0.59090E+04  0.63656E+04  0.63688E+04  0.63798E+04  0.64035E+04  0.64267E+04
  0.64792E+04  0.65518E+04  0.66589E+04  0.68213E+04  0.70690E+04  0.73980E+04
  0.78962E+04  0.85996E+04  0.95783E+04  0.11040E+05  0.13093E+05  0.16271E+05
  0.20113E+05  0.25702E+05  0.34241E+05  0.47484E+05  0.68071E+05  0.10122E+06
  0.15611E+06  0.25011E+06  0.41805E+06  0.73665E+06  0.11121E+07  0.16882E+07
  0.00000E+00  0.86422E+03  0.17291E+04  0.25934E+04  0.34581E+04  0.43232E+04
  0.51901E+04  0.60566E+04  0.69238E+04  0.77933E+04  0.86623E+04  0.95320E+04
  0.10401E+05  0.11271E+05  0.12140E+05  0.12143E+05  0.12158E+05  0.12193E+05
  0.12226E+05  0.12303E+05  0.12411E+05  0.12571E+05  0.12815E+05  0.13187E+05
  0.13680E+05  0.14424E+05  0.15468E+05  0.16911E+05  0.19044E+05  0.22006E+05
  0.26531E+05  0.31933E+05  0.39691E+05  0.51386E+05  0.69260E+05  0.96729E+05
  0.14046E+06  0.21216E+06  0.33396E+06  0.55011E+06  0.95811E+06  0.14389E+07
  0.21766E+07  0.00000E+00  0.16503E+04  0.33018E+04  0.49520E+04  0.66028E+04
  0.82543E+04  0.99090E+04  0.11562E+05  0.13217E+05  0.14875E+05  0.16533E+05
  0.18191E+05  0.19847E+05  0.21505E+05  0.23160E+05  0.23162E+05  0.23183E+05
  0.23233E+05  0.23279E+05  0.23394E+05  0.23554E+05  0.23794E+05  0.24159E+05
  0.24717E+05  0.25457E+05  0.26571E+05  0.28127E+05  0.30262E+05  0.33394E+05
  0.37697E+05  0.44195E+05  0.51857E+05  0.62724E+05  0.78886E+05  0.10322E+06
  0.14015E+06  0.19818E+06  0.29225E+06  0.45041E+06  0.72865E+06  0.12502E+07
  0.18632E+07  0.28024E+07  0.00000E+00  0.31513E+04  0.63047E+04  0.94557E+04
  0.12607E+05  0.15760E+05  0.18919E+05  0.22075E+05  0.25232E+05  0.28396E+05
  0.31557E+05  0.34719E+05  0.37878E+05  0.41038E+05  0.44194E+05  0.44194E+05
  0.44221E+05  0.44293E+05  0.44357E+05  0.44526E+05  0.44764E+05  0.45121E+05
  0.45669E+05  0.46508E+05  0.47618E+05  0.49289E+05  0.51614E+05  0.54786E+05
  0.59408E+05  0.65703E+05  0.75106E+05  0.86069E+05  0.10143E+06  0.12399E+06
  0.15746E+06  0.20754E+06  0.28518E+06  0.40939E+06  0.61572E+06  0.97491E+06
  0.16421E+07  0.24228E+07  0.36151E+07  0.00000E+00  0.60177E+04  0.12040E+05
  0.18056E+05  0.24074E+05  0.30094E+05  0.36124E+05  0.42147E+05  0.48174E+05
  0.54211E+05  0.60243E+05  0.66274E+05  0.72302E+05  0.78331E+05  0.84349E+05
  0.84343E+05  0.84378E+05  0.84481E+05  0.84569E+05  0.84817E+05  0.85168E+05
  0.85700E+05  0.86521E+05  0.87781E+05  0.89450E+05  0.91960E+05  0.95441E+05
  0.10017E+06  0.10702E+06  0.11628E+06  0.12999E+06  0.14581E+06  0.16773E+06
  0.19952E+06  0.24603E+06  0.31466E+06  0.41952E+06  0.58489E+06  0.85594E+06
  0.13220E+07  0.21781E+07  0.31735E+07  0.46868E+07  0.00000E+00  0.11491E+05
  0.22989E+05  0.34478E+05  0.45968E+05  0.57461E+05  0.68972E+05  0.80471E+05
  0.91974E+05  0.10350E+06  0.11501E+06  0.12652E+06  0.13802E+06  0.14952E+06
  0.16100E+06  0.16098E+06  0.16103E+06  0.16117E+06  0.16129E+06  0.16166E+06
  0.16217E+06  0.16296E+06  0.16419E+06  0.16609E+06  0.16859E+06  0.17237E+06
  0.17759E+06  0.18467E+06  0.19486E+06  0.20856E+06  0.22866E+06  0.25165E+06
  0.28322E+06  0.32847E+06  0.39378E+06  0.48884E+06  0.63196E+06  0.85433E+06
  0.12135E+07  0.18225E+07  0.29269E+07  0.42004E+07  0.61247E+07  0.00000E+00
  0.21943E+05  0.43900E+05  0.65837E+05  0.87778E+05  0.10972E+06  0.13170E+06
  0.15365E+06  0.17561E+06  0.19761E+06  0.21957E+06  0.24154E+06  0.26349E+06
  0.28545E+06  0.30736E+06  0.30732E+06  0.30737E+06  0.30758E+06  0.30773E+06
  0.30826E+06  0.30902E+06  0.31020E+06  0.31204E+06  0.31488E+06  0.31865E+06
  0.32433E+06  0.33218E+06  0.34278E+06  0.35800E+06  0.37834E+06  0.40799E+06
  0.44165E+06  0.48745E+06  0.55244E+06  0.64510E+06  0.77821E+06  0.97573E+06
  0.12780E+07  0.17587E+07  0.25615E+07  0.39964E+07  0.56344E+07  0.80909E+07
  0.00000E+00  0.41904E+05  0.83833E+05  0.12572E+06  0.16762E+06  0.20952E+06
  0.25149E+06  0.29340E+06  0.33532E+06  0.37731E+06  0.41924E+06  0.46117E+06
  0.50308E+06  0.54500E+06  0.58684E+06  0.58674E+06  0.58680E+06  0.58708E+06
  0.58728E+06  0.58805E+06  0.58916E+06  0.59090E+06  0.59366E+06  0.59792E+06
  0.60359E+06  0.61215E+06  0.62396E+06  0.63989E+06  0.66266E+06  0.69298E+06
  0.73692E+06  0.78647E+06  0.85342E+06  0.94754E+06  0.10803E+07  0.12686E+07
  0.15443E+07  0.19598E+07  0.26103E+07  0.36795E+07  0.55603E+07  0.76824E+07
  0.10837E+08
