  0.00000E+00  0.00000E+00  0.00000E+00  0.00000E+00  0.00000E+00  0.00000E+00
  0.00000E+00  0.00000E+00  0.00000E+00  0.00000E+00  0.00000E+00  0.00000E+00
  0.00000E+00  0.00000E+00  0.00000E+00  0.00000E+00  0.00000E+00  0.00000E+00
  0.00000E+00  0.00000E+00  0.00000E+00  0.00000E+00  0.00000E+00  0.00000E+00
  0.00000E+00  0.00000E+00  0.00000E+00  0.00000E+00  0.00000E+00  0.00000E+00
  0.00000E+00  0.00000E+00  0.00000E+00  0.00000E+00  0.00000E+00  0.00000E+00
  0.00000E+00  0.00000E+00  0.00000E+00  0.00000E+00  0.00000E+00  0.00000E+00
  0.00000E+00  0.00000E+00  0.00000E+00  0.00000E+00  0.00000E+00  0.00000E+00
  0.00000E+00  0.00000E+00  0.00000E+00  0.00000E+00  0.00000E+00  0.00000E+00
  0.00000E+00  0.00000E+00  0.00000E+00  0.00000E+00  0.14889E-03  0.39814E-03
  0.92295E-03  0.22066E-02  0.50511E-02  0.11087E-01  0.23401E-01  0.49944E-01
  0.10668E+00  0.21009E+00  0.41005E+00  0.79464E+00  0.15153E+01  0.30291E+01
  0.58066E+01  0.11623E+02  0.20798E+02  0.37125E+02  0.67036E+02  0.11879E+03
  0.21820E+03  0.40484E+03  0.76091E+03  0.14556E+04  0.28553E+04  0.58236E+04
  0.99081E+04  0.16857E+05  0.00000E+00  0.00000E+00  0.00000E+00  0.00000E+00
  0.00000E+00  0.00000E+00  0.00000E+00  0.00000E+00  0.00000E+00  0.00000E+00
  0.00000E+00  0.00000E+00  0.00000E+00  0.00000E+00  0.00000E+00  0.30277E-03
  0.80614E-03  0.18644E-02  0.44463E-02  0.10160E-01  0.22272E-01  0.46951E-01
  0.10010E+00  0.21377E+00  0.42078E+00  0.82100E+00  0.15906E+01  0.30327E+01
  0.60614E+01  0.11618E+02  0.23254E+02  0.41610E+02  0.74271E+02  0.13411E+03
  0.23765E+03  0.43650E+03  0.80986E+03  0.15222E+04  0.29118E+04  0.57120E+04
  0.11650E+05  0.19821E+05  0.33722E+05  0.00000E+00  0.00000E+00  0.00000E+00
  0.00000E+00  0.00000E+00  0.00000E+00  0.00000E+00  0.00000E+00  0.00000E+00
  0.00000E+00  0.00000E+00  0.00000E+00  0.00000E+00  0.00000E+00  0.00000E+00
  0.46324E-03  0.12285E-02  0.28277E-02  0.67292E-02  0.15337E-01  0.33564E-01
  0.70686E-01  0.15055E+00  0.32119E+00  0.63190E+00  0.12324E+01  0.23869E+01
  0.45499E+01  0.90924E+01  0.17426E+02  0.34875E+02  0.62401E+02  0.11138E+03
  0.20111E+03  0.35637E+03  0.65454E+03  0.12144E+04  0.22825E+04  0.43663E+04
  0.85651E+04  0.17469E+05  0.29721E+05  0.50567E+05  0.00000E+00  0.00000E+00
  0.00000E+00  0.00000E+00  0.00000E+00  0.00000E+00  0.00000E+00  0.00000E+00
  0.00000E+00  0.00000E+00  0.00000E+00  0.00000E+00  0.00000E+00  0.00000E+00
  0.00000E+00  0.63336E-03  0.16699E-02  0.38258E-02  0.90719E-02  0.20615E-01
  0.45019E-01  0.94674E-01  0.20139E+00  0.42920E+00  0.84383E+00  0.16448E+01
  0.31846E+01  0.60686E+01  0.12125E+02  0.23235E+02  0.46495E+02  0.83189E+02
  0.14848E+03  0.26808E+03  0.47503E+03  0.87248E+03  0.16187E+04  0.30425E+04
  0.58201E+04  0.11417E+05  0.23286E+05  0.39618E+05  0.67405E+05  0.00000E+00
  0.00000E+00  0.00000E+00  0.00000E+00  0.00000E+00  0.00000E+00  0.00000E+00
  0.00000E+00  0.00000E+00  0.00000E+00  0.00000E+00  0.00000E+00  0.00000E+00
  0.00000E+00  0.00000E+00  0.81552E-03  0.21366E-02  0.48674E-02  0.11494E-01
  0.26024E-01  0.56704E-01  0.11899E+00  0.25273E+00  0.53793E+00  0.10567E+01
  0.20585E+01  0.39836E+01  0.75886E+01  0.15158E+02  0.29042E+02  0.58109E+02
  0.10396E+03  0.18554E+03  0.33500E+03  0.59359E+03  0.10902E+04  0.20227E+04
  0.38018E+04  0.72726E+04  0.14266E+05  0.29097E+05  0.49507E+05  0.84231E+05
  0.00000E+00  0.00000E+00  0.00000E+00  0.00000E+00  0.00000E+00  0.00000E+00
  0.00000E+00  0.00000E+00  0.00000E+00  0.00000E+00  0.00000E+00  0.00000E+00
  0.00000E+00  0.00000E+00  0.00000E+00  0.10143E-02  0.26355E-02  0.59658E-02
  0.14018E-01  0.31611E-01  0.68642E-01  0.14368E+00  0.30467E+00  0.64768E+00
  0.12711E+01  0.24740E+01  0.47848E+01  0.91110E+01  0.18194E+02  0.34852E+02
  0.69724E+02  0.12473E+03  0.22261E+03  0.40190E+03  0.71211E+03  0.13079E+04
  0.24266E+04  0.45609E+04  0.87249E+04  0.17116E+05  0.34909E+05  0.59396E+05
  0.10106E+06  0.00000E+00  0.00000E+00  0.00000E+00  0.00000E+00  0.00000E+00
  0.00000E+00  0.00000E+00  0.00000E+00  0.00000E+00  0.00000E+00  0.00000E+00
  0.00000E+00  0.00000E+00  0.00000E+00  0.00000E+00  0.12331E-02  0.31770E-02
  0.71350E-02  0.16670E-01  0.37399E-01  0.80907E-01  0.16889E+00  0.35739E+00
  0.75819E+00  0.14861E+01  0.28897E+01  0.55848E+01  0.10629E+02  0.21218E+02
  0.40635E+02  0.81282E+02  0.14540E+03  0.25948E+03  0.46847E+03  0.83003E+03
  0.15245E+04  0.28285E+04  0.53165E+04  0.10171E+05  0.19952E+05  0.40696E+05
  0.69246E+05  0.11782E+06  0.00000E+00  0.00000E+00  0.00000E+00  0.00000E+00
  0.00000E+00  0.00000E+00  0.00000E+00  0.00000E+00  0.00000E+00  0.00000E+00
  0.00000E+00  0.00000E+00  0.00000E+00  0.00000E+00  0.00000E+00  0.14769E-02
  0.37694E-02  0.83902E-02  0.19479E-01  0.43437E-01  0.93577E-01  0.19465E+00
  0.41078E+00  0.86958E+00  0.17019E+01  0.33054E+01  0.63828E+01  0.12141E+02
  0.24226E+02  0.46384E+02  0.92768E+02  0.16594E+03  0.29613E+03  0.53463E+03
  0.94723E+03  0.17398E+04  0.32282E+04  0.60680E+04  0.11609E+05  0.22775E+05
  0.46457E+05  0.79053E+05  0.13452E+06  0.00000E+00  0.00000E+00  0.00000E+00
  0.00000E+00  0.00000E+00  0.00000E+00  0.00000E+00  0.00000E+00  0.00000E+00
  0.00000E+00  0.00000E+00  0.00000E+00  0.00000E+00  0.00000E+00  0.00000E+00
  0.17472E-02  0.44195E-02  0.97406E-02  0.22462E-01  0.49756E-01  0.10665E+00
  0.22098E+00  0.46484E+00  0.98168E+00  0.19180E+01  0.37198E+01  0.71755E+01
  0.13639E+02  0.27205E+02  0.52072E+02  0.10413E+03  0.18627E+03  0.33241E+03
  0.60015E+03  0.10633E+04  0.19532E+04  0.36243E+04  0.68134E+04  0.13036E+05
  0.25578E+05  0.52180E+05  0.88801E+05  0.15112E+06  0.00000E+00  0.00000E+00
  0.00000E+00  0.00000E+00  0.00000E+00  0.00000E+00  0.00000E+00  0.00000E+00
  0.00000E+00  0.00000E+00  0.00000E+00  0.00000E+00  0.00000E+00  0.00000E+00
  0.00000E+00  0.20353E-02  0.51138E-02  0.11170E-01  0.25602E-01  0.56306E-01
  0.12001E+00  0.24762E+00  0.51901E+00  0.10929E+01  0.21313E+01  0.41265E+01
  0.79509E+01  0.15101E+02  0.30109E+02  0.57617E+02  0.11522E+03  0.20612E+03
  0.36787E+03  0.66423E+03  0.11769E+04  0.21621E+04  0.40128E+04  0.75451E+04
  0.14439E+05  0.28335E+05  0.57814E+05  0.98406E+05  0.16749E+06  0.00000E+00
  0.00000E+00  0.00000E+00  0.00000E+00  0.00000E+00  0.00000E+00  0.00000E+00
  0.00000E+00  0.00000E+00  0.00000E+00  0.00000E+00  0.00000E+00  0.00000E+00
  0.00000E+00  0.00000E+00  0.23209E-02  0.58280E-02  0.12639E-01  0.28851E-01
  0.62985E-01  0.13353E+00  0.27420E+00  0.57246E+00  0.12016E+01  0.23384E+01
  0.45187E+01  0.86953E+01  0.16501E+02  0.32890E+02  0.62925E+02  0.12585E+03
  0.22519E+03  0.40200E+03  0.72604E+03  0.12865E+04  0.23642E+04  0.43893E+04
  0.82554E+04  0.15803E+05  0.31022E+05  0.63313E+05  0.10780E+06  0.18353E+06
  0.00000E+00  0.00000E+00  0.00000E+00  0.00000E+00  0.00000E+00  0.00000E+00
  0.00000E+00  0.00000E+00  0.00000E+00  0.00000E+00  0.00000E+00  0.00000E+00
  0.00000E+00  0.00000E+00  0.00000E+00  0.25091E-02  0.64177E-02  0.13930E-01
  0.31888E-01  0.69255E-01  0.14621E+00  0.29907E+00  0.62210E+00  0.13018E+01
  0.25284E+01  0.48763E+01  0.93713E+01  0.17770E+02  0.35419E+02  0.67768E+02
  0.13559E+03  0.24277E+03  0.43362E+03  0.78354E+03  0.13887E+04  0.25535E+04
  0.47434E+04  0.89263E+04  0.17096E+05  0.33578E+05  0.68563E+05  0.11679E+06
  0.19893E+06  0.00000E+00  0.00000E+00  0.00000E+00  0.00000E+00  0.00000E+00
  0.00000E+00  0.00000E+00  0.00000E+00  0.00000E+00  0.00000E+00  0.00000E+00
  0.00000E+00  0.00000E+00  0.00000E+00  0.00000E+00  0.24453E-02  0.66712E-02
  0.14762E-01  0.34361E-01  0.74585E-01  0.15726E+00  0.32085E+00  0.66538E+00
  0.13886E+01  0.26926E+01  0.51822E+01  0.99468E+01  0.18850E+02  0.37585E+02
  0.71938E+02  0.14407E+03  0.25822E+03  0.46165E+03  0.83490E+03  0.14803E+04
  0.27246E+04  0.50657E+04  0.95413E+04  0.18290E+05  0.35950E+05  0.73462E+05
  0.12523E+06  0.21344E+06  0.00000E+00  0.00000E+00  0.00000E+00  0.00000E+00
  0.00000E+00  0.00000E+00  0.00000E+00  0.00000E+00  0.00000E+00  0.00000E+00
  0.00000E+00  0.00000E+00  0.00000E+00  0.00000E+00  0.00000E+00  0.18899E-02
  0.62922E-02  0.14793E-01  0.35919E-01  0.78586E-01  0.16623E+00  0.33902E+00
  0.70161E+00  0.14607E+01  0.28285E+01  0.54319E+01  0.10413E+02  0.19722E+02
  0.39353E+02  0.75370E+02  0.15116E+03  0.27132E+03  0.48571E+03  0.87947E+03
  0.15602E+04  0.28753E+04  0.53526E+04  0.10094E+05  0.19370E+05  0.38114E+05
  0.77965E+05  0.13303E+06  0.22695E+06  0.00000E+00  0.00000E+00  0.00000E+00
  0.00000E+00  0.00000E+00  0.00000E+00  0.00000E+00  0.00000E+00  0.00000E+00
  0.00000E+00  0.00000E+00  0.00000E+00  0.00000E+00  0.00000E+00  0.00000E+00
  0.00000E+00  0.43046E-02  0.12862E-01  0.35058E-01  0.78140E-01  0.16619E+00
  0.33651E+00  0.68569E+00  0.14037E+01  0.27170E+01  0.52058E+01  0.99671E+01
  0.18872E+02  0.37716E+02  0.72327E+02  0.14539E+03  0.26159E+03  0.46928E+03
  0.85129E+03  0.15116E+04  0.27912E+04  0.52057E+04  0.98341E+04  0.18904E+05
  0.37257E+05  0.76326E+05  0.13042E+06  0.22281E+06  0.00000E+00  0.19691E-03
  0.39877E-03  0.60754E-03  0.82546E-03  0.10565E-02  0.13030E-02  0.15711E-02
  0.18642E-02  0.21851E-02  0.25292E-02  0.28816E-02  0.31735E-02  0.32982E-02
  0.31115E-02  0.00000E+00  0.00000E+00  0.82950E-02  0.31509E-01  0.74996E-01
  0.16300E+00  0.33137E+00  0.66957E+00  0.13551E+01  0.26197E+01  0.50014E+01
  0.95545E+01  0.18072E+02  0.36157E+02  0.69399E+02  0.13980E+03  0.25212E+03
  0.45322E+03  0.82366E+03  0.14638E+04  0.27081E+04  0.50604E+04  0.95770E+04
  0.18442E+05  0.36405E+05  0.74695E+05  0.12783E+06  0.21868E+06  0.00000E+00
  0.92499E-03  0.18678E-02  0.28347E-02  0.38345E-02  0.48781E-02  0.59786E-02
  0.71500E-02  0.84075E-02  0.97625E-02  0.11194E-01  0.12668E-01  0.13962E-01
  0.14795E-01  0.14826E-01  0.11624E-01  0.00000E+00  0.00000E+00  0.24552E-01
  0.69057E-01  0.15856E+00  0.32676E+00  0.65701E+00  0.13208E+01  0.25462E+01
  0.48333E+01  0.91966E+01  0.17352E+02  0.34724E+02  0.66661E+02  0.13451E+03
  0.24308E+03  0.43778E+03  0.79690E+03  0.14171E+04  0.26268E+04  0.49176E+04
  0.93235E+04  0.17984E+05  0.35561E+05  0.73076E+05  0.12525E+06  0.21457E+06
  0.00000E+00  0.23480E-02  0.47319E-02  0.71615E-02  0.96507E-02  0.12228E-01
  0.14914E-01  0.17737E-01  0.20726E-01  0.23905E-01  0.27243E-01  0.30700E-01
  0.33932E-01  0.36564E-01  0.38222E-01  0.36022E-01  0.31509E-01  0.22629E-01
  0.00000E+00  0.40092E-01  0.12478E+00  0.28254E+00  0.59091E+00  0.12033E+01
  0.23410E+01  0.44422E+01  0.84529E+01  0.15963E+02  0.32090E+02  0.61798E+02
  0.12535E+03  0.22766E+03  0.41177E+03  0.75231E+03  0.13401E+04  0.24934E+04
  0.46845E+04  0.89114E+04  0.17244E+05  0.34197E+05  0.70467E+05  0.12109E+06
  0.20796E+06  0.00000E+00  0.53648E-02  0.10784E-01  0.16292E-01  0.21899E-01
  0.27645E-01  0.33571E-01  0.39727E-01  0.46142E-01  0.52854E-01  0.59803E-01
  0.66898E-01  0.73567E-01  0.79229E-01  0.83470E-01  0.81053E-01  0.76519E-01
  0.69890E-01  0.40252E-01  0.00000E+00  0.83781E-01  0.23911E+00  0.53583E+00
  0.11192E+01  0.22004E+01  0.41640E+01  0.79040E+01  0.14905E+02  0.30041E+02
  0.57936E+02  0.11796E+03  0.21510E+03  0.39037E+03  0.71526E+03  0.12754E+04
  0.23807E+04  0.44864E+04  0.85594E+04  0.16608E+05  0.33022E+05  0.68212E+05
  0.11750E+06  0.20223E+06  0.00000E+00  0.11598E-01  0.23287E-01  0.35111E-01
  0.47089E-01  0.59306E-01  0.71806E-01  0.84631E-01  0.97878E-01  0.11156E+00
  0.12554E+00  0.13967E+00  0.15293E+00  0.16450E+00  0.17390E+00  0.17058E+00
  0.16562E+00  0.15981E+00  0.12552E+00  0.83952E-01  0.00000E+00  0.15017E+00
  0.43095E+00  0.97661E+00  0.19880E+01  0.37843E+01  0.72020E+01  0.13605E+02
  0.27596E+02  0.53404E+02  0.10939E+03  0.20064E+03  0.36583E+03  0.67290E+03
  0.12016E+04  0.22521E+04  0.42605E+04  0.81582E+04  0.15884E+05  0.31683E+05
  0.65640E+05  0.11340E+06  0.19569E+06  0.00000E+00  0.24073E-01  0.48305E-01
  0.72688E-01  0.97368E-01  0.12238E+00  0.14782E+00  0.17376E+00  0.20023E+00
  0.22732E+00  0.25472E+00  0.28207E+00  0.30766E+00  0.33002E+00  0.34872E+00
  0.34192E+00  0.33400E+00  0.32803E+00  0.28366E+00  0.23957E+00  0.14988E+00
  0.00000E+00  0.26912E+00  0.78165E+00  0.17309E+01  0.33643E+01  0.64683E+01
  0.12290E+02  0.25180E+02  0.48967E+02  0.10105E+03  0.18661E+03  0.34201E+03
  0.63169E+03  0.11294E+04  0.21261E+04  0.40387E+04  0.77631E+04  0.15169E+05
  0.30358E+05  0.63091E+05  0.10933E+06  0.18920E+06  0.00000E+00  0.50139E-01
  0.10053E+00  0.15113E+00  0.20219E+00  0.25375E+00  0.30593E+00  0.35879E+00
  0.41241E+00  0.46664E+00  0.52104E+00  0.57472E+00  0.62458E+00  0.66805E+00
  0.70444E+00  0.68569E+00  0.66828E+00  0.65575E+00  0.59091E+00  0.53583E+00
  0.43095E+00  0.10781E+01  0.00000E+00  0.49050E+00  0.13937E+01  0.28745E+01
  0.56818E+01  0.10951E+02  0.22817E+02  0.44691E+02  0.93093E+02  0.17327E+03
  0.31936E+03  0.59233E+03  0.10599E+04  0.20043E+04  0.38233E+04  0.73781E+04
  0.14470E+05  0.29057E+05  0.60579E+05  0.10531E+06  0.18278E+06  0.00000E+00
  0.10668E+00  0.21377E+00  0.32119E+00  0.42920E+00  0.53793E+00  0.64768E+00
  0.75819E+00  0.86958E+00  0.98168E+00  0.10929E+01  0.12016E+01  0.13018E+01
  0.13886E+01  0.14607E+01  0.14037E+01  0.13551E+01  0.13208E+01  0.12033E+01
  0.11192E+01  0.97661E+00  0.78165E+00  0.49050E+00  0.00000E+00  0.88531E+00
  0.22287E+01  0.47627E+01  0.95182E+01  0.20468E+02  0.40580E+02  0.85615E+02
  0.16088E+03  0.29832E+03  0.55558E+03  0.99418E+03  0.18885E+04  0.36173E+04
  0.70074E+04  0.13792E+05  0.27791E+05  0.58121E+05  0.10137E+06  0.17648E+06
  0.00000E+00  0.21009E+00  0.42078E+00  0.63190E+00  0.84383E+00  0.10567E+01
  0.12711E+01  0.14861E+01  0.17019E+01  0.19180E+01  0.21313E+01  0.23384E+01
  0.25284E+01  0.26926E+01  0.28285E+01  0.27170E+01  0.26197E+01  0.25462E+01
  0.23410E+01  0.22004E+01  0.19880E+01  0.17309E+01  0.13937E+01  0.88531E+00
  0.00000E+00  0.11962E+01  0.34413E+01  0.76654E+01  0.17721E+02  0.36104E+02
  0.77909E+02  0.14851E+03  0.27770E+03  0.51986E+03  0.93017E+03  0.17758E+04
  0.34167E+04  0.66459E+04  0.13130E+05  0.26548E+05  0.55702E+05  0.97491E+05
  0.17025E+06  0.00000E+00  0.41005E+00  0.82100E+00  0.12324E+01  0.16448E+01
  0.20585E+01  0.24740E+01  0.28897E+01  0.33054E+01  0.37198E+01  0.41265E+01
  0.45187E+01  0.48763E+01  0.51822E+01  0.54319E+01  0.52058E+01  0.50014E+01
  0.48333E+01  0.44422E+01  0.41640E+01  0.37843E+01  0.33643E+01  0.28745E+01
  0.22287E+01  0.11962E+01  0.00000E+00  0.21733E+01  0.62018E+01  0.16023E+02
  0.33683E+02  0.74160E+02  0.14278E+03  0.26795E+03  0.50191E+03  0.89480E+03
  0.17107E+04  0.32958E+04  0.64195E+04  0.12701E+05  0.25720E+05  0.54049E+05
  0.94807E+05  0.16590E+06  0.00000E+00  0.79464E+00  0.15906E+01  0.23869E+01
  0.31846E+01  0.39836E+01  0.47848E+01  0.55848E+01  0.63828E+01  0.71755E+01
  0.79509E+01  0.86953E+01  0.93713E+01  0.99468E+01  0.10413E+02  0.99671E+01
  0.95545E+01  0.91966E+01  0.84529E+01  0.79040E+01  0.72020E+01  0.64683E+01
  0.56818E+01  0.47627E+01  0.34413E+01  0.21733E+01  0.00000E+00  0.39163E+01
  0.13730E+02  0.30935E+02  0.70661E+02  0.13816E+03  0.26054E+03  0.48810E+03
  0.86557E+03  0.16557E+04  0.31911E+04  0.62187E+04  0.12312E+05  0.24955E+05
  0.52496E+05  0.92266E+05  0.16176E+06  0.00000E+00  0.15153E+01  0.30327E+01
  0.45499E+01  0.60686E+01  0.75886E+01  0.91110E+01  0.10629E+02  0.12141E+02
  0.13639E+02  0.15101E+02  0.16501E+02  0.17770E+02  0.18850E+02  0.19722E+02
  0.18872E+02  0.18072E+02  0.17352E+02  0.15963E+02  0.14905E+02  0.13605E+02
  0.12290E+02  0.10951E+02  0.95182E+01  0.76654E+01  0.62018E+01  0.39163E+01
  0.00000E+00  0.10102E+02  0.27159E+02  0.66814E+02  0.13420E+03  0.25521E+03
  0.47842E+03  0.84268E+03  0.16116E+04  0.31044E+04  0.60468E+04  0.11969E+05
  0.24262E+05  0.51058E+05  0.89893E+05  0.15785E+06  0.00000E+00  0.30291E+01
  0.60614E+01  0.90924E+01  0.12125E+02  0.15158E+02  0.18194E+02  0.21218E+02
  0.24226E+02  0.27205E+02  0.30109E+02  0.32890E+02  0.35419E+02  0.37585E+02
  0.39353E+02  0.37716E+02  0.36157E+02  0.34724E+02  0.32090E+02  0.30041E+02
  0.27596E+02  0.25180E+02  0.22817E+02  0.20468E+02  0.17721E+02  0.16023E+02
  0.13730E+02  0.10102E+02  0.00000E+00  0.16164E+02  0.54717E+02  0.12081E+03
  0.23826E+03  0.45297E+03  0.79513E+03  0.15297E+04  0.29560E+04  0.57695E+04
  0.11438E+05  0.23219E+05  0.48935E+05  0.86422E+05  0.15218E+06  0.00000E+00
  0.58066E+01  0.11618E+02  0.17426E+02  0.23235E+02  0.29042E+02  0.34852E+02
  0.40635E+02  0.46384E+02  0.52072E+02  0.57617E+02  0.62925E+02  0.67768E+02
  0.71938E+02  0.75370E+02  0.72327E+02  0.69399E+02  0.66661E+02  0.61798E+02
  0.57936E+02  0.53404E+02  0.48967E+02  0.44691E+02  0.40580E+02  0.36104E+02
  0.33683E+02  0.30935E+02  0.27159E+02  0.16164E+02  0.00000E+00  0.39241E+02
  0.10660E+03  0.22413E+03  0.43580E+03  0.76280E+03  0.14768E+04  0.28598E+04
  0.55831E+04  0.11065E+05  0.22453E+05  0.47311E+05  0.83725E+05  0.14772E+06
  0.00000E+00  0.11623E+02  0.23254E+02  0.34875E+02  0.46495E+02  0.58109E+02
  0.69724E+02  0.81282E+02  0.92768E+02  0.10413E+03  0.11522E+03  0.12585E+03
  0.13559E+03  0.14407E+03  0.15116E+03  0.14539E+03  0.13980E+03  0.13451E+03
  0.12535E+03  0.11796E+03  0.10939E+03  0.10105E+03  0.93093E+02  0.85615E+02
  0.77909E+02  0.74160E+02  0.70661E+02  0.66814E+02  0.54717E+02  0.39241E+02
  0.00000E+00  0.68061E+02  0.18404E+03  0.38901E+03  0.69095E+03  0.13727E+04
  0.26913E+04  0.52859E+04  0.10507E+05  0.21357E+05  0.45051E+05  0.80023E+05
  0.14164E+06  0.00000E+00  0.20798E+02  0.41610E+02  0.62401E+02  0.83189E+02
  0.10396E+03  0.12473E+03  0.14540E+03  0.16594E+03  0.18627E+03  0.20612E+03
  0.22519E+03  0.24277E+03  0.25822E+03  0.27132E+03  0.26159E+03  0.25212E+03
  0.24308E+03  0.22766E+03  0.21510E+03  0.20064E+03  0.18661E+03  0.17327E+03
  0.16088E+03  0.14851E+03  0.14278E+03  0.13816E+03  0.13420E+03  0.12081E+03
  0.10660E+03  0.68061E+02  0.00000E+00  0.11298E+03  0.30869E+03  0.58028E+03
  0.12250E+04  0.24730E+04  0.49311E+04  0.98824E+04  0.20182E+05  0.42699E+05
  0.76228E+05  0.13547E+06  0.00000E+00  0.37125E+02  0.74271E+02  0.11138E+03
  0.14848E+03  0.18554E+03  0.22261E+03  0.25948E+03  0.29613E+03  0.33241E+03
  0.36787E+03  0.40200E+03  0.43362E+03  0.46165E+03  0.48571E+03  0.46928E+03
  0.45322E+03  0.43778E+03  0.41177E+03  0.39037E+03  0.36583E+03  0.34201E+03
  0.31936E+03  0.29832E+03  0.27770E+03  0.26795E+03  0.26054E+03  0.25521E+03
  0.23826E+03  0.22413E+03  0.18404E+03  0.11298E+03  0.00000E+00  0.18952E+03
  0.43020E+03  0.10441E+04  0.22319E+04  0.45707E+04  0.92806E+04  0.19078E+05
  0.40501E+05  0.72705E+05  0.12976E+06  0.00000E+00  0.67036E+02  0.13411E+03
  0.20111E+03  0.26808E+03  0.33500E+03  0.40190E+03  0.46847E+03  0.53463E+03
  0.60015E+03  0.66423E+03  0.72604E+03  0.78354E+03  0.83490E+03  0.87947E+03
  0.85129E+03  0.82366E+03  0.79690E+03  0.75231E+03  0.71526E+03  0.67290E+03
  0.63169E+03  0.59233E+03  0.55558E+03  0.51986E+03  0.50191E+03  0.48810E+03
  0.47842E+03  0.45297E+03  0.43580E+03  0.38901E+03  0.30869E+03  0.18952E+03
  0.00000E+00  0.20985E+03  0.80393E+03  0.19483E+04  0.41947E+04  0.87071E+04
  0.18075E+05  0.38526E+05  0.69580E+05  0.12469E+06  0.00000E+00  0.11879E+03
  0.23765E+03  0.35637E+03  0.47503E+03  0.59359E+03  0.71211E+03  0.83003E+03
  0.94723E+03  0.10633E+04  0.11769E+04  0.12865E+04  0.13887E+04  0.14803E+04
  0.15602E+04  0.15116E+04  0.14638E+04  0.14171E+04  0.13401E+04  0.12754E+04
  0.12016E+04  0.11294E+04  0.10599E+04  0.99418E+03  0.93017E+03  0.89480E+03
  0.86557E+03  0.84268E+03  0.79513E+03  0.76280E+03  0.69095E+03  0.58028E+03
  0.43020E+03  0.20985E+03  0.00000E+00  0.63621E+03  0.18321E+04  0.41373E+04
  0.87028E+04  0.18076E+05  0.38353E+05  0.69247E+05  0.12394E+06  0.00000E+00
  0.21820E+03  0.43650E+03  0.65454E+03  0.87248E+03  0.10902E+04  0.13079E+04
  0.15245E+04  0.17398E+04  0.19532E+04  0.21621E+04  0.23642E+04  0.25535E+04
  0.27246E+04  0.28753E+04  0.27912E+04  0.27081E+04  0.26268E+04  0.24934E+04
  0.23807E+04  0.22521E+04  0.21261E+04  0.20043E+04  0.18885E+04  0.17758E+04
  0.17107E+04  0.16557E+04  0.16116E+04  0.15297E+04  0.14768E+04  0.13727E+04
  0.12250E+04  0.10441E+04  0.80393E+03  0.63621E+03  0.00000E+00  0.11752E+04
  0.34157E+04  0.78182E+04  0.16802E+05  0.36140E+05  0.66019E+05  0.11895E+06
  0.00000E+00  0.40484E+03  0.80986E+03  0.12144E+04  0.16187E+04  0.20227E+04
  0.24266E+04  0.28285E+04  0.32282E+04  0.36243E+04  0.40128E+04  0.43893E+04
  0.47434E+04  0.50657E+04  0.53526E+04  0.52057E+04  0.50604E+04  0.49176E+04
  0.46845E+04  0.44864E+04  0.42605E+04  0.40387E+04  0.38233E+04  0.36173E+04
  0.34167E+04  0.32958E+04  0.31911E+04  0.31044E+04  0.29560E+04  0.28598E+04
  0.26913E+04  0.24730E+04  0.22319E+04  0.19483E+04  0.18321E+04  0.11752E+04
  0.00000E+00  0.21980E+04  0.64629E+04  0.15088E+05  0.33516E+05  0.62515E+05
  0.11387E+06  0.00000E+00  0.76091E+03  0.15222E+04  0.22825E+04  0.30425E+04
  0.38018E+04  0.45609E+04  0.53165E+04  0.60680E+04  0.68134E+04  0.75451E+04
  0.82554E+04  0.89263E+04  0.95413E+04  0.10094E+05  0.98341E+04  0.95770E+04
  0.93235E+04  0.89114E+04  0.85594E+04  0.81582E+04  0.77631E+04  0.73781E+04
  0.70074E+04  0.66459E+04  0.64195E+04  0.62187E+04  0.60468E+04  0.57695E+04
  0.55831E+04  0.52859E+04  0.49311E+04  0.45707E+04  0.41947E+04  0.41373E+04
  0.34157E+04  0.21980E+04  0.00000E+00  0.41714E+04  0.12485E+05  0.30052E+05
  0.58381E+05  0.10847E+06  0.00000E+00  0.14556E+04  0.29118E+04  0.43663E+04
  0.58201E+04  0.72726E+04  0.87249E+04  0.10171E+05  0.11609E+05  0.13036E+05
  0.14439E+05  0.15803E+05  0.17096E+05  0.18290E+05  0.19370E+05  0.18904E+05
  0.18442E+05  0.17984E+05  0.17244E+05  0.16608E+05  0.15884E+05  0.15169E+05
  0.14470E+05  0.13792E+05  0.13130E+05  0.12701E+05  0.12312E+05  0.11969E+05
  0.11438E+05  0.11065E+05  0.10507E+05  0.98824E+04  0.92806E+04  0.87071E+04
  0.87028E+04  0.78182E+04  0.64629E+04  0.41714E+04  0.00000E+00  0.80988E+04
  0.24901E+05  0.52913E+05  0.10224E+06  0.00000E+00  0.28553E+04  0.57120E+04
  0.85651E+04  0.11417E+05  0.14266E+05  0.17116E+05  0.19952E+05  0.22775E+05
  0.25578E+05  0.28335E+05  0.31022E+05  0.33578E+05  0.35950E+05  0.38114E+05
  0.37257E+05  0.36405E+05  0.35561E+05  0.34197E+05  0.33022E+05  0.31683E+05
  0.30358E+05  0.29057E+05  0.27791E+05  0.26548E+05  0.25720E+05  0.24955E+05
  0.24262E+05  0.23219E+05  0.22453E+05  0.21357E+05  0.20182E+05  0.19078E+05
  0.18075E+05  0.18076E+05  0.16802E+05  0.15088E+05  0.12485E+05  0.80988E+04
  0.00000E+00  0.16250E+05  0.44569E+05  0.94021E+05  0.00000E+00  0.58236E+04
  0.11650E+05  0.17469E+05  0.23286E+05  0.29097E+05  0.34909E+05  0.40696E+05
  0.46457E+05  0.52180E+05  0.57814E+05  0.63313E+05  0.68563E+05  0.73462E+05
  0.77965E+05  0.76326E+05  0.74695E+05  0.73076E+05  0.70467E+05  0.68212E+05
  0.65640E+05  0.63091E+05  0.60579E+05  0.58121E+05  0.55702E+05  0.54049E+05
  0.52496E+05  0.51058E+05  0.48935E+05  0.47311E+05  0.45051E+05  0.42699E+05
  0.40501E+05  0.38526E+05  0.38353E+05  0.36140E+05  0.33516E+05  0.30052E+05
  0.24901E+05  0.16250E+05  0.00000E+00  0.29884E+05  0.81156E+05  0.00000E+00
  0.99081E+04  0.19821E+05  0.29721E+05  0.39618E+05  0.49507E+05  0.59396E+05
  0.69246E+05  0.79053E+05  0.88801E+05  0.98406E+05  0.10780E+06  0.11679E+06
  0.12523E+06  0.13303E+06  0.13042E+06  0.12783E+06  0.12525E+06  0.12109E+06
  0.11750E+06  0.11340E+06  0.10933E+06  0.10531E+06  0.10137E+06  0.97491E+05
  0.94807E+05  0.92266E+05  0.89893E+05  0.86422E+05  0.83725E+05  0.80023E+05
  0.76228E+05  0.72705E+05  0.69580E+05  0.69247E+05  0.66019E+05  0.62515E+05
  0.58381E+05  0.52913E+05  0.44569E+05  0.29884E+05  0.00000E+00  0.50842E+05
  0.00000E+00  0.16857E+05  0.33722E+05  0.50567E+05  0.67405E+05  0.84231E+05
  0.10106E+06  0.11782E+06  0.13452E+06  0.15112E+06  0.16749E+06  0.18353E+06
  0.19893E+06  0.21344E+06  0.22695E+06  0.22281E+06  0.21868E+06  0.21457E+06
  0.20796E+06  0.20223E+06  0.19569E+06  0.18920E+06  0.18278E+06  0.17648E+06
  0.17025E+06  0.16590E+06  0.16176E+06  0.15785E+06  0.15218E+06  0.14772E+06
  0.14164E+06  0.13547E+06  0.12976E+06  0.12469E+06  0.12394E+06  0.11895E+06
  0.11387E+06  0.10847E+06  0.10224E+06  0.94021E+05  0.81156E+05  0.50842E+05
  0.00000E+00
