  0.00000E+00  0.00000E+00  0.00000E+00  0.00000E+00  0.00000E+00  0.00000E+00
  0.00000E+00  0.00000E+00  0.00000E+00  0.00000E+00  0.00000E+00  0.00000E+00
  0.00000E+00  0.00000E+00  0.00000E+00  0.00000E+00  0.00000E+00  0.00000E+00
  0.00000E+00  0.00000E+00  0.00000E+00  0.00000E+00  0.00000E+00  0.00000E+00
  0.00000E+00  0.00000E+00  0.00000E+00  0.00000E+00  0.00000E+00  0.00000E+00
  0.00000E+00  0.00000E+00  0.00000E+00  0.00000E+00  0.00000E+00  0.00000E+00
  0.00000E+00  0.00000E+00  0.00000E+00  0.00000E+00  0.00000E+00  0.00000E+00
  0.00000E+00  0.00000E+00  0.00000E+00  0.00000E+00  0.00000E+00  0.00000E+00
  0.00000E+00  0.00000E+00  0.00000E+00  0.00000E+00  0.00000E+00  0.00000E+00
  0.00000E+00  0.00000E+00  0.00000E+00  0.00000E+00  0.18563E-03  0.50128E-03
  0.11636E-02  0.27678E-02  0.63039E-02  0.13778E-01  0.28896E-01  0.61045E-01
  0.13066E+00  0.25731E+00  0.50220E+00  0.97324E+00  0.18559E+01  0.37099E+01
  0.71117E+01  0.14235E+02  0.25472E+02  0.45468E+02  0.82103E+02  0.14549E+03
  0.26723E+03  0.49582E+03  0.93192E+03  0.17827E+04  0.34971E+04  0.71324E+04
  0.12135E+05  0.20646E+05  0.00000E+00  0.00000E+00  0.00000E+00  0.00000E+00
  0.00000E+00  0.00000E+00  0.00000E+00  0.00000E+00  0.00000E+00  0.00000E+00
  0.00000E+00  0.00000E+00  0.00000E+00  0.00000E+00  0.00000E+00  0.37744E-03
  0.10156E-02  0.23505E-02  0.55780E-02  0.12678E-01  0.27663E-01  0.57983E-01
  0.12232E+00  0.26181E+00  0.51535E+00  0.10055E+01  0.19481E+01  0.37142E+01
  0.74237E+01  0.14230E+02  0.28480E+02  0.50961E+02  0.90963E+02  0.16425E+03
  0.29106E+03  0.53460E+03  0.99187E+03  0.18643E+04  0.35662E+04  0.69957E+04
  0.14268E+05  0.24275E+05  0.41301E+05  0.00000E+00  0.00000E+00  0.00000E+00
  0.00000E+00  0.00000E+00  0.00000E+00  0.00000E+00  0.00000E+00  0.00000E+00
  0.00000E+00  0.00000E+00  0.00000E+00  0.00000E+00  0.00000E+00  0.00000E+00
  0.57766E-03  0.15471E-02  0.35652E-02  0.84371E-02  0.19143E-01  0.41710E-01
  0.87273E-01  0.18402E+00  0.39338E+00  0.77392E+00  0.15094E+01  0.29234E+01
  0.55724E+01  0.11136E+02  0.21342E+02  0.42713E+02  0.76426E+02  0.13641E+03
  0.24631E+03  0.43646E+03  0.80164E+03  0.14873E+04  0.27955E+04  0.53476E+04
  0.10490E+05  0.21395E+05  0.36401E+05  0.61932E+05  0.00000E+00  0.00000E+00
  0.00000E+00  0.00000E+00  0.00000E+00  0.00000E+00  0.00000E+00  0.00000E+00
  0.00000E+00  0.00000E+00  0.00000E+00  0.00000E+00  0.00000E+00  0.00000E+00
  0.00000E+00  0.78948E-03  0.21027E-02  0.48234E-02  0.11376E-01  0.25734E-01
  0.55939E-01  0.11688E+00  0.24620E+00  0.52566E+00  0.10335E+01  0.20145E+01
  0.39003E+01  0.74325E+01  0.14850E+02  0.28457E+02  0.56945E+02  0.10189E+03
  0.18185E+03  0.32833E+03  0.58180E+03  0.10686E+04  0.19826E+04  0.37263E+04
  0.71281E+04  0.13983E+05  0.28519E+05  0.48522E+05  0.82554E+05  0.00000E+00
  0.00000E+00  0.00000E+00  0.00000E+00  0.00000E+00  0.00000E+00  0.00000E+00
  0.00000E+00  0.00000E+00  0.00000E+00  0.00000E+00  0.00000E+00  0.00000E+00
  0.00000E+00  0.00000E+00  0.10168E-02  0.26901E-02  0.61367E-02  0.14414E-01
  0.32489E-01  0.70452E-01  0.14688E+00  0.30899E+00  0.65883E+00  0.12942E+01
  0.25211E+01  0.48789E+01  0.92941E+01  0.18565E+02  0.35569E+02  0.71169E+02
  0.12733E+03  0.22725E+03  0.41029E+03  0.72700E+03  0.13352E+04  0.24773E+04
  0.46562E+04  0.89071E+04  0.17473E+05  0.35637E+05  0.60633E+05  0.10316E+06
  0.00000E+00  0.00000E+00  0.00000E+00  0.00000E+00  0.00000E+00  0.00000E+00
  0.00000E+00  0.00000E+00  0.00000E+00  0.00000E+00  0.00000E+00  0.00000E+00
  0.00000E+00  0.00000E+00  0.00000E+00  0.12643E-02  0.33192E-02  0.75215E-02
  0.17580E-01  0.39456E-01  0.85280E-01  0.17744E+00  0.37243E+00  0.79325E+00
  0.15567E+01  0.30300E+01  0.58601E+01  0.11159E+02  0.22283E+02  0.42684E+02
  0.85394E+02  0.15277E+03  0.27263E+03  0.49223E+03  0.87215E+03  0.16018E+04
  0.29719E+04  0.55859E+04  0.10686E+05  0.20962E+05  0.42755E+05  0.72745E+05
  0.12377E+06  0.00000E+00  0.00000E+00  0.00000E+00  0.00000E+00  0.00000E+00
  0.00000E+00  0.00000E+00  0.00000E+00  0.00000E+00  0.00000E+00  0.00000E+00
  0.00000E+00  0.00000E+00  0.00000E+00  0.00000E+00  0.15373E-02  0.40008E-02
  0.89934E-02  0.20908E-01  0.46672E-01  0.10054E+00  0.20855E+00  0.43680E+00
  0.92858E+00  0.18201E+01  0.35391E+01  0.68399E+01  0.13018E+02  0.25987E+02
  0.49767E+02  0.99550E+02  0.17808E+03  0.31780E+03  0.57376E+03  0.10166E+04
  0.18671E+04  0.34642E+04  0.65113E+04  0.12456E+05  0.24437E+05  0.49843E+05
  0.84808E+05  0.14430E+06  0.00000E+00  0.00000E+00  0.00000E+00  0.00000E+00
  0.00000E+00  0.00000E+00  0.00000E+00  0.00000E+00  0.00000E+00  0.00000E+00
  0.00000E+00  0.00000E+00  0.00000E+00  0.00000E+00  0.00000E+00  0.18409E-02
  0.47464E-02  0.10576E-01  0.24426E-01  0.54212E-01  0.11627E+00  0.24034E+00
  0.50209E+00  0.10650E+01  0.20844E+01  0.40483E+01  0.78173E+01  0.14869E+02
  0.29671E+02  0.56808E+02  0.11362E+03  0.20324E+03  0.36269E+03  0.65479E+03
  0.11601E+04  0.21308E+04  0.39537E+04  0.74317E+04  0.14218E+05  0.27894E+05
  0.56898E+05  0.96820E+05  0.16475E+06  0.00000E+00  0.00000E+00  0.00000E+00
  0.00000E+00  0.00000E+00  0.00000E+00  0.00000E+00  0.00000E+00  0.00000E+00
  0.00000E+00  0.00000E+00  0.00000E+00  0.00000E+00  0.00000E+00  0.00000E+00
  0.21782E-02  0.55647E-02  0.12281E-01  0.28174E-01  0.62103E-01  0.13251E+00
  0.27284E+00  0.56812E+00  0.12023E+01  0.23491E+01  0.45558E+01  0.87882E+01
  0.16704E+02  0.33319E+02  0.63774E+02  0.12754E+03  0.22813E+03  0.40712E+03
  0.73503E+03  0.13023E+04  0.23921E+04  0.44389E+04  0.83447E+04  0.15966E+05
  0.31327E+05  0.63908E+05  0.10876E+06  0.18508E+06  0.00000E+00  0.00000E+00
  0.00000E+00  0.00000E+00  0.00000E+00  0.00000E+00  0.00000E+00  0.00000E+00
  0.00000E+00  0.00000E+00  0.00000E+00  0.00000E+00  0.00000E+00  0.00000E+00
  0.00000E+00  0.25376E-02  0.64387E-02  0.14083E-01  0.32113E-01  0.70271E-01
  0.14913E+00  0.30576E+00  0.63436E+00  0.13385E+01  0.26103E+01  0.50539E+01
  0.97379E+01  0.18495E+02  0.36876E+02  0.70566E+02  0.14111E+03  0.25244E+03
  0.45054E+03  0.81352E+03  0.14414E+04  0.26481E+04  0.49147E+04  0.92408E+04
  0.17684E+05  0.34704E+05  0.70808E+05  0.12052E+06  0.20514E+06  0.00000E+00
  0.00000E+00  0.00000E+00  0.00000E+00  0.00000E+00  0.00000E+00  0.00000E+00
  0.00000E+00  0.00000E+00  0.00000E+00  0.00000E+00  0.00000E+00  0.00000E+00
  0.00000E+00  0.00000E+00  0.28932E-02  0.73376E-02  0.15932E-01  0.36188E-01
  0.78612E-01  0.16590E+00  0.33856E+00  0.69973E+00  0.14717E+01  0.28639E+01
  0.55343E+01  0.10649E+02  0.20209E+02  0.40281E+02  0.77067E+02  0.15413E+03
  0.27580E+03  0.49235E+03  0.88921E+03  0.15756E+04  0.28956E+04  0.53757E+04
  0.10111E+05  0.19355E+05  0.37994E+05  0.77542E+05  0.13202E+06  0.22477E+06
  0.00000E+00  0.00000E+00  0.00000E+00  0.00000E+00  0.00000E+00  0.00000E+00
  0.00000E+00  0.00000E+00  0.00000E+00  0.00000E+00  0.00000E+00  0.00000E+00
  0.00000E+00  0.00000E+00  0.00000E+00  0.31282E-02  0.80797E-02  0.17560E-01
  0.39998E-01  0.86441E-01  0.18167E+00  0.36925E+00  0.76045E+00  0.15944E+01
  0.30967E+01  0.59722E+01  0.11477E+02  0.21764E+02  0.43379E+02  0.82998E+02
  0.16607E+03  0.29733E+03  0.53108E+03  0.95964E+03  0.17008E+04  0.31274E+04
  0.58094E+04  0.10932E+05  0.20939E+05  0.41124E+05  0.83972E+05  0.14304E+06
  0.24364E+06  0.00000E+00  0.00000E+00  0.00000E+00  0.00000E+00  0.00000E+00
  0.00000E+00  0.00000E+00  0.00000E+00  0.00000E+00  0.00000E+00  0.00000E+00
  0.00000E+00  0.00000E+00  0.00000E+00  0.00000E+00  0.30483E-02  0.83988E-02
  0.18609E-01  0.43095E-01  0.93098E-01  0.19539E+00  0.39617E+00  0.81328E+00
  0.17007E+01  0.32977E+01  0.63469E+01  0.12182E+02  0.23086E+02  0.46032E+02
  0.88105E+02  0.17645E+03  0.31625E+03  0.56541E+03  0.10225E+04  0.18130E+04
  0.33369E+04  0.62042E+04  0.11686E+05  0.22400E+05  0.44029E+05  0.89973E+05
  0.15337E+06  0.26141E+06  0.00000E+00  0.00000E+00  0.00000E+00  0.00000E+00
  0.00000E+00  0.00000E+00  0.00000E+00  0.00000E+00  0.00000E+00  0.00000E+00
  0.00000E+00  0.00000E+00  0.00000E+00  0.00000E+00  0.00000E+00  0.23562E-02
  0.79225E-02  0.18648E-01  0.45050E-01  0.98083E-01  0.20656E+00  0.41858E+00
  0.85760E+00  0.17890E+01  0.34642E+01  0.66526E+01  0.12753E+02  0.24154E+02
  0.48197E+02  0.92309E+02  0.18513E+03  0.33229E+03  0.59488E+03  0.10771E+04
  0.19109E+04  0.35215E+04  0.65556E+04  0.12362E+05  0.23723E+05  0.46680E+05
  0.95487E+05  0.16293E+06  0.27796E+06  0.00000E+00  0.00000E+00  0.00000E+00
  0.00000E+00  0.00000E+00  0.00000E+00  0.00000E+00  0.00000E+00  0.00000E+00
  0.00000E+00  0.00000E+00  0.00000E+00  0.00000E+00  0.00000E+00  0.00000E+00
  0.00000E+00  0.53538E-02  0.16025E-01  0.43572E-01  0.96887E-01  0.20518E+00
  0.41461E+00  0.83817E+00  0.17192E+01  0.33277E+01  0.63758E+01  0.12207E+02
  0.23114E+02  0.46193E+02  0.88582E+02  0.17807E+03  0.32038E+03  0.57475E+03
  0.10426E+04  0.18514E+04  0.34185E+04  0.63757E+04  0.12044E+05  0.23153E+05
  0.45630E+05  0.93480E+05  0.15974E+06  0.27288E+06  0.00000E+00  0.28687E-03
  0.58108E-03  0.88513E-03  0.12027E-02  0.15387E-02  0.18985E-02  0.22894E-02
  0.27160E-02  0.31841E-02  0.36847E-02  0.41990E-02  0.46235E-02  0.48058E-02
  0.45332E-02  0.00000E+00  0.00000E+00  0.10288E-01  0.38990E-01  0.92410E-01
  0.20084E+00  0.40664E+00  0.81848E+00  0.16596E+01  0.32084E+01  0.61254E+01
  0.11702E+02  0.22133E+02  0.44283E+02  0.84996E+02  0.17122E+03  0.30878E+03
  0.55508E+03  0.10088E+04  0.17927E+04  0.33168E+04  0.61977E+04  0.11729E+05
  0.22586E+05  0.44587E+05  0.91483E+05  0.15656E+06  0.26782E+06  0.00000E+00
  0.11765E-02  0.23757E-02  0.36055E-02  0.48773E-02  0.62047E-02  0.76044E-02
  0.90944E-02  0.10694E-01  0.12417E-01  0.14239E-01  0.16111E-01  0.17756E-01
  0.18814E-01  0.18853E-01  0.14885E-01  0.00000E+00  0.00000E+00  0.30379E-01
  0.85083E-01  0.19495E+00  0.40098E+00  0.80313E+00  0.16176E+01  0.31184E+01
  0.59196E+01  0.11263E+02  0.21252E+02  0.42528E+02  0.81642E+02  0.16474E+03
  0.29771E+03  0.53616E+03  0.97600E+03  0.17356E+04  0.32172E+04  0.60228E+04
  0.11419E+05  0.22026E+05  0.43553E+05  0.89500E+05  0.15340E+06  0.26279E+06
  0.00000E+00  0.29367E-02  0.59183E-02  0.89522E-02  0.12070E-01  0.15294E-01
  0.18653E-01  0.22184E-01  0.25922E-01  0.29894E-01  0.34073E-01  0.38397E-01
  0.42439E-01  0.45731E-01  0.47805E-01  0.44758E-01  0.39072E-01  0.28490E-01
  0.00000E+00  0.49396E-01  0.15342E+00  0.34675E+00  0.72234E+00  0.14738E+01
  0.28672E+01  0.54405E+01  0.10353E+02  0.19551E+02  0.39302E+02  0.75687E+02
  0.15352E+03  0.27883E+03  0.50431E+03  0.92139E+03  0.16413E+04  0.30538E+04
  0.57374E+04  0.10914E+05  0.21119E+05  0.41882E+05  0.86304E+05  0.14831E+06
  0.25469E+06  0.00000E+00  0.66516E-02  0.13371E-01  0.20200E-01  0.27151E-01
  0.34275E-01  0.41623E-01  0.49256E-01  0.57209E-01  0.65532E-01  0.74147E-01
  0.82944E-01  0.91213E-01  0.98233E-01  0.10349E+00  0.10007E+00  0.94285E-01
  0.86112E-01  0.49695E-01  0.00000E+00  0.10302E+00  0.29342E+00  0.65500E+00
  0.13707E+01  0.26949E+01  0.50998E+01  0.96804E+01  0.18254E+02  0.36792E+02
  0.70957E+02  0.14447E+03  0.26345E+03  0.47810E+03  0.87602E+03  0.15621E+04
  0.29158E+04  0.54947E+04  0.10483E+05  0.20341E+05  0.40444E+05  0.83542E+05
  0.14391E+06  0.24768E+06  0.00000E+00  0.14350E-01  0.28820E-01  0.43433E-01
  0.58257E-01  0.73377E-01  0.88825E-01  0.10472E+00  0.12109E+00  0.13801E+00
  0.15533E+00  0.17279E+00  0.18920E+00  0.20352E+00  0.21513E+00  0.21018E+00
  0.20364E+00  0.19651E+00  0.15403E+00  0.10322E+00  0.00000E+00  0.18391E+00
  0.52781E+00  0.11961E+01  0.24348E+01  0.46348E+01  0.88206E+01  0.16663E+02
  0.33798E+02  0.65407E+02  0.13397E+03  0.24573E+03  0.44805E+03  0.82413E+03
  0.14716E+04  0.27582E+04  0.52180E+04  0.99917E+04  0.19454E+05  0.38803E+05
  0.80392E+05  0.13888E+06  0.23967E+06  0.00000E+00  0.29718E-01  0.59598E-01
  0.89769E-01  0.12022E+00  0.15108E+00  0.18247E+00  0.21451E+00  0.24722E+00
  0.28065E+00  0.31446E+00  0.34825E+00  0.37982E+00  0.40745E+00  0.43051E+00
  0.42045E+00  0.41069E+00  0.40256E+00  0.34741E+00  0.29342E+00  0.18356E+00
  0.00000E+00  0.33423E+00  0.95733E+00  0.21199E+01  0.41204E+01  0.79221E+01
  0.15052E+02  0.30839E+02  0.59972E+02  0.12376E+03  0.22855E+03  0.41887E+03
  0.77366E+03  0.13832E+04  0.26039E+04  0.49463E+04  0.95078E+04  0.18578E+05
  0.37181E+05  0.77271E+05  0.13390E+06  0.23172E+06  0.00000E+00  0.61532E-01
  0.12330E+00  0.18554E+00  0.24817E+00  0.31141E+00  0.37540E+00  0.44024E+00
  0.50610E+00  0.57270E+00  0.63943E+00  0.70527E+00  0.76643E+00  0.81982E+00
  0.86445E+00  0.84151E+00  0.81848E+00  0.80313E+00  0.72234E+00  0.65500E+00
  0.52680E+00  0.33291E+00  0.00000E+00  0.60074E+00  0.17069E+01  0.35205E+01
  0.69588E+01  0.13412E+02  0.27945E+02  0.54735E+02  0.11402E+03  0.21222E+03
  0.39113E+03  0.72546E+03  0.12981E+04  0.24547E+04  0.46826E+04  0.90363E+04
  0.17722E+05  0.35588E+05  0.74194E+05  0.12898E+06  0.22386E+06  0.00000E+00
  0.13066E+00  0.26181E+00  0.39338E+00  0.52566E+00  0.65883E+00  0.79325E+00
  0.92858E+00  0.10650E+01  0.12023E+01  0.13385E+01  0.14717E+01  0.15944E+01
  0.17007E+01  0.17890E+01  0.17192E+01  0.16596E+01  0.16176E+01  0.14738E+01
  0.13707E+01  0.11961E+01  0.95733E+00  0.60074E+00  0.00000E+00  0.10843E+01
  0.27296E+01  0.58331E+01  0.11657E+02  0.25068E+02  0.49700E+02  0.10486E+03
  0.19704E+03  0.36537E+03  0.68045E+03  0.12176E+04  0.23129E+04  0.44303E+04
  0.85823E+04  0.16892E+05  0.34036E+05  0.71184E+05  0.12416E+06  0.21614E+06
  0.00000E+00  0.25731E+00  0.51535E+00  0.77392E+00  0.10335E+01  0.12942E+01
  0.15567E+01  0.18201E+01  0.20844E+01  0.23491E+01  0.26103E+01  0.28639E+01
  0.30967E+01  0.32977E+01  0.34642E+01  0.33277E+01  0.32084E+01  0.31184E+01
  0.28672E+01  0.26949E+01  0.24348E+01  0.21199E+01  0.17069E+01  0.10843E+01
  0.00000E+00  0.14651E+01  0.42148E+01  0.93881E+01  0.21704E+02  0.44218E+02
  0.95418E+02  0.18189E+03  0.34011E+03  0.63669E+03  0.11392E+04  0.21749E+04
  0.41846E+04  0.81395E+04  0.16081E+05  0.32514E+05  0.68221E+05  0.11940E+06
  0.20851E+06  0.00000E+00  0.50220E+00  0.10055E+01  0.15094E+01  0.20145E+01
  0.25211E+01  0.30300E+01  0.35391E+01  0.40483E+01  0.45558E+01  0.50539E+01
  0.55343E+01  0.59722E+01  0.63469E+01  0.66526E+01  0.63758E+01  0.61254E+01
  0.59196E+01  0.54405E+01  0.50998E+01  0.46348E+01  0.41204E+01  0.35205E+01
  0.27296E+01  0.14651E+01  0.00000E+00  0.26617E+01  0.75957E+01  0.19624E+02
  0.41253E+02  0.90827E+02  0.17487E+03  0.32817E+03  0.61472E+03  0.10959E+04
  0.20951E+04  0.40365E+04  0.78622E+04  0.15555E+05  0.31500E+05  0.66196E+05
  0.11611E+06  0.20319E+06  0.00000E+00  0.97324E+00  0.19481E+01  0.29234E+01
  0.39003E+01  0.48789E+01  0.58601E+01  0.68399E+01  0.78173E+01  0.87882E+01
  0.97379E+01  0.10649E+02  0.11477E+02  0.12182E+02  0.12753E+02  0.12207E+02
  0.11702E+02  0.11263E+02  0.10353E+02  0.96804E+01  0.88206E+01  0.79221E+01
  0.69588E+01  0.58331E+01  0.42148E+01  0.26617E+01  0.00000E+00  0.47964E+01
  0.16816E+02  0.37887E+02  0.86542E+02  0.16921E+03  0.31909E+03  0.59780E+03
  0.10601E+04  0.20278E+04  0.39083E+04  0.76164E+04  0.15079E+05  0.30563E+05
  0.64294E+05  0.11300E+06  0.19811E+06  0.00000E+00  0.18559E+01  0.37142E+01
  0.55724E+01  0.74325E+01  0.92941E+01  0.11159E+02  0.13018E+02  0.14869E+02
  0.16704E+02  0.18495E+02  0.20209E+02  0.21764E+02  0.23086E+02  0.24154E+02
  0.23114E+02  0.22133E+02  0.21252E+02  0.19551E+02  0.18254E+02  0.16663E+02
  0.15052E+02  0.13412E+02  0.11657E+02  0.93881E+01  0.75957E+01  0.47964E+01
  0.00000E+00  0.12372E+02  0.33263E+02  0.81830E+02  0.16436E+03  0.31257E+03
  0.58594E+03  0.10321E+04  0.19738E+04  0.38021E+04  0.74058E+04  0.14659E+05
  0.29715E+05  0.62533E+05  0.11010E+06  0.19333E+06  0.00000E+00  0.37099E+01
  0.74237E+01  0.11136E+02  0.14850E+02  0.18565E+02  0.22283E+02  0.25987E+02
  0.29671E+02  0.33319E+02  0.36876E+02  0.40281E+02  0.43379E+02  0.46032E+02
  0.48197E+02  0.46193E+02  0.44283E+02  0.42528E+02  0.39302E+02  0.36792E+02
  0.33798E+02  0.30839E+02  0.27945E+02  0.25068E+02  0.21704E+02  0.19624E+02
  0.16816E+02  0.12372E+02  0.00000E+00  0.19796E+02  0.67014E+02  0.14796E+03
  0.29180E+03  0.55477E+03  0.97383E+03  0.18734E+04  0.36203E+04  0.70661E+04
  0.14009E+05  0.28438E+05  0.59932E+05  0.10584E+06  0.18639E+06  0.00000E+00
  0.71117E+01  0.14230E+02  0.21342E+02  0.28457E+02  0.35569E+02  0.42684E+02
  0.49767E+02  0.56808E+02  0.63774E+02  0.70566E+02  0.77067E+02  0.82998E+02
  0.88105E+02  0.92309E+02  0.88582E+02  0.84996E+02  0.81642E+02  0.75687E+02
  0.70957E+02  0.65407E+02  0.59972E+02  0.54735E+02  0.49700E+02  0.44218E+02
  0.41253E+02  0.37887E+02  0.33263E+02  0.19796E+02  0.00000E+00  0.48061E+02
  0.13055E+03  0.27451E+03  0.53375E+03  0.93423E+03  0.18087E+04  0.35025E+04
  0.68379E+04  0.13552E+05  0.27499E+05  0.57943E+05  0.10254E+06  0.18091E+06
  0.00000E+00  0.14235E+02  0.28480E+02  0.42713E+02  0.56945E+02  0.71169E+02
  0.85394E+02  0.99550E+02  0.11362E+03  0.12754E+03  0.14111E+03  0.15413E+03
  0.16607E+03  0.17645E+03  0.18513E+03  0.17807E+03  0.17122E+03  0.16474E+03
  0.15352E+03  0.14447E+03  0.13397E+03  0.12376E+03  0.11402E+03  0.10486E+03
  0.95418E+02  0.90827E+02  0.86542E+02  0.81830E+02  0.67014E+02  0.48061E+02
  0.00000E+00  0.83357E+02  0.22541E+03  0.47644E+03  0.84624E+03  0.16812E+04
  0.32961E+04  0.64738E+04  0.12869E+05  0.26156E+05  0.55176E+05  0.98008E+05
  0.17347E+06  0.00000E+00  0.25472E+02  0.50961E+02  0.76426E+02  0.10189E+03
  0.12733E+03  0.15277E+03  0.17808E+03  0.20324E+03  0.22813E+03  0.25244E+03
  0.27580E+03  0.29733E+03  0.31625E+03  0.33229E+03  0.32038E+03  0.30878E+03
  0.29771E+03  0.27883E+03  0.26345E+03  0.24573E+03  0.22855E+03  0.21222E+03
  0.19704E+03  0.18189E+03  0.17487E+03  0.16921E+03  0.16436E+03  0.14796E+03
  0.13055E+03  0.83357E+02  0.00000E+00  0.13837E+03  0.37807E+03  0.71069E+03
  0.15003E+04  0.30288E+04  0.60394E+04  0.12103E+05  0.24717E+05  0.52295E+05
  0.93360E+05  0.16592E+06  0.00000E+00  0.45468E+02  0.90963E+02  0.13641E+03
  0.18185E+03  0.22725E+03  0.27263E+03  0.31780E+03  0.36269E+03  0.40712E+03
  0.45054E+03  0.49235E+03  0.53108E+03  0.56541E+03  0.59488E+03  0.57475E+03
  0.55508E+03  0.53616E+03  0.50431E+03  0.47810E+03  0.44805E+03  0.41887E+03
  0.39113E+03  0.36537E+03  0.34011E+03  0.32817E+03  0.31909E+03  0.31257E+03
  0.29180E+03  0.27451E+03  0.22541E+03  0.13837E+03  0.00000E+00  0.23211E+03
  0.52688E+03  0.12787E+04  0.27335E+04  0.55979E+04  0.11366E+05  0.23366E+05
  0.49603E+05  0.89045E+05  0.15892E+06  0.00000E+00  0.82103E+02  0.16425E+03
  0.24631E+03  0.32833E+03  0.41029E+03  0.49223E+03  0.57376E+03  0.65479E+03
  0.73503E+03  0.81352E+03  0.88921E+03  0.95964E+03  0.10225E+04  0.10771E+04
  0.10426E+04  0.10088E+04  0.97600E+03  0.92139E+03  0.87602E+03  0.82413E+03
  0.77366E+03  0.72546E+03  0.68045E+03  0.63669E+03  0.61472E+03  0.59780E+03
  0.58594E+03  0.55477E+03  0.53375E+03  0.47644E+03  0.37807E+03  0.23211E+03
  0.00000E+00  0.25702E+03  0.98461E+03  0.23862E+04  0.51374E+04  0.10664E+05
  0.22138E+05  0.47185E+05  0.85218E+05  0.15272E+06  0.00000E+00  0.14549E+03
  0.29106E+03  0.43646E+03  0.58180E+03  0.72700E+03  0.87215E+03  0.10166E+04
  0.11601E+04  0.13023E+04  0.14414E+04  0.15756E+04  0.17008E+04  0.18130E+04
  0.19109E+04  0.18514E+04  0.17927E+04  0.17356E+04  0.16413E+04  0.15621E+04
  0.14716E+04  0.13832E+04  0.12981E+04  0.12176E+04  0.11392E+04  0.10959E+04
  0.10601E+04  0.10321E+04  0.97383E+03  0.93423E+03  0.84624E+03  0.71069E+03
  0.52688E+03  0.25702E+03  0.00000E+00  0.77920E+03  0.22439E+04  0.50672E+04
  0.10659E+05  0.22138E+05  0.46973E+05  0.84810E+05  0.15179E+06  0.00000E+00
  0.26723E+03  0.53460E+03  0.80164E+03  0.10686E+04  0.13352E+04  0.16018E+04
  0.18671E+04  0.21308E+04  0.23921E+04  0.26481E+04  0.28956E+04  0.31274E+04
  0.33369E+04  0.35215E+04  0.34185E+04  0.33168E+04  0.32172E+04  0.30538E+04
  0.29158E+04  0.27582E+04  0.26039E+04  0.24547E+04  0.23129E+04  0.21749E+04
  0.20951E+04  0.20278E+04  0.19738E+04  0.18734E+04  0.18087E+04  0.16812E+04
  0.15003E+04  0.12787E+04  0.98461E+03  0.77920E+03  0.00000E+00  0.14393E+04
  0.41834E+04  0.95754E+04  0.20579E+05  0.44263E+05  0.80857E+05  0.14568E+06
  0.00000E+00  0.49582E+03  0.99187E+03  0.14873E+04  0.19826E+04  0.24773E+04
  0.29719E+04  0.34642E+04  0.39537E+04  0.44389E+04  0.49147E+04  0.53757E+04
  0.58094E+04  0.62042E+04  0.65556E+04  0.63757E+04  0.61977E+04  0.60228E+04
  0.57374E+04  0.54947E+04  0.52180E+04  0.49463E+04  0.46826E+04  0.44303E+04
  0.41846E+04  0.40365E+04  0.39083E+04  0.38021E+04  0.36203E+04  0.35025E+04
  0.32961E+04  0.30288E+04  0.27335E+04  0.23862E+04  0.22439E+04  0.14393E+04
  0.00000E+00  0.26920E+04  0.79154E+04  0.18479E+05  0.41049E+05  0.76565E+05
  0.13946E+06  0.00000E+00  0.93192E+03  0.18643E+04  0.27955E+04  0.37263E+04
  0.46562E+04  0.55859E+04  0.65113E+04  0.74317E+04  0.83447E+04  0.92408E+04
  0.10111E+05  0.10932E+05  0.11686E+05  0.12362E+05  0.12044E+05  0.11729E+05
  0.11419E+05  0.10914E+05  0.10483E+05  0.99917E+04  0.95078E+04  0.90363E+04
  0.85823E+04  0.81395E+04  0.78622E+04  0.76164E+04  0.74058E+04  0.70661E+04
  0.68379E+04  0.64738E+04  0.60394E+04  0.55979E+04  0.51374E+04  0.50672E+04
  0.41834E+04  0.26920E+04  0.00000E+00  0.51090E+04  0.15291E+05  0.36806E+05
  0.71501E+05  0.13285E+06  0.00000E+00  0.17827E+04  0.35662E+04  0.53476E+04
  0.71281E+04  0.89071E+04  0.10686E+05  0.12456E+05  0.14218E+05  0.15966E+05
  0.17684E+05  0.19355E+05  0.20939E+05  0.22400E+05  0.23723E+05  0.23153E+05
  0.22586E+05  0.22026E+05  0.21119E+05  0.20341E+05  0.19454E+05  0.18578E+05
  0.17722E+05  0.16892E+05  0.16081E+05  0.15555E+05  0.15079E+05  0.14659E+05
  0.14009E+05  0.13552E+05  0.12869E+05  0.12103E+05  0.11366E+05  0.10664E+05
  0.10659E+05  0.95754E+04  0.79154E+04  0.51090E+04  0.00000E+00  0.99190E+04
  0.30498E+05  0.64805E+05  0.12522E+06  0.00000E+00  0.34971E+04  0.69957E+04
  0.10490E+05  0.13983E+05  0.17473E+05  0.20962E+05  0.24437E+05  0.27894E+05
  0.31327E+05  0.34704E+05  0.37994E+05  0.41124E+05  0.44029E+05  0.46680E+05
  0.45630E+05  0.44587E+05  0.43553E+05  0.41882E+05  0.40444E+05  0.38803E+05
  0.37181E+05  0.35588E+05  0.34036E+05  0.32514E+05  0.31500E+05  0.30563E+05
  0.29715E+05  0.28438E+05  0.27499E+05  0.26156E+05  0.24717E+05  0.23366E+05
  0.22138E+05  0.22138E+05  0.20579E+05  0.18479E+05  0.15291E+05  0.99190E+04
  0.00000E+00  0.19902E+05  0.54585E+05  0.11515E+06  0.00000E+00  0.71324E+04
  0.14268E+05  0.21395E+05  0.28519E+05  0.35637E+05  0.42755E+05  0.49843E+05
  0.56898E+05  0.63908E+05  0.70808E+05  0.77542E+05  0.83972E+05  0.89973E+05
  0.95487E+05  0.93480E+05  0.91483E+05  0.89500E+05  0.86304E+05  0.83542E+05
  0.80392E+05  0.77271E+05  0.74194E+05  0.71184E+05  0.68221E+05  0.66196E+05
  0.64294E+05  0.62533E+05  0.59932E+05  0.57943E+05  0.55176E+05  0.52295E+05
  0.49603E+05  0.47185E+05  0.46973E+05  0.44263E+05  0.41049E+05  0.36806E+05
  0.30498E+05  0.19902E+05  0.00000E+00  0.36601E+05  0.99396E+05  0.00000E+00
  0.12135E+05  0.24275E+05  0.36401E+05  0.48522E+05  0.60633E+05  0.72745E+05
  0.84808E+05  0.96820E+05  0.10876E+06  0.12052E+06  0.13202E+06  0.14304E+06
  0.15337E+06  0.16293E+06  0.15974E+06  0.15656E+06  0.15340E+06  0.14831E+06
  0.14391E+06  0.13888E+06  0.13390E+06  0.12898E+06  0.12416E+06  0.11940E+06
  0.11611E+06  0.11300E+06  0.11010E+06  0.10584E+06  0.10254E+06  0.98008E+05
  0.93360E+05  0.89045E+05  0.85218E+05  0.84810E+05  0.80857E+05  0.76565E+05
  0.71501E+05  0.64805E+05  0.54585E+05  0.36601E+05  0.00000E+00  0.62268E+05
  0.00000E+00  0.20646E+05  0.41301E+05  0.61932E+05  0.82554E+05  0.10316E+06
  0.12377E+06  0.14430E+06  0.16475E+06  0.18508E+06  0.20514E+06  0.22477E+06
  0.24364E+06  0.26141E+06  0.27796E+06  0.27288E+06  0.26782E+06  0.26279E+06
  0.25469E+06  0.24768E+06  0.23967E+06  0.23172E+06  0.22386E+06  0.21614E+06
  0.20851E+06  0.20319E+06  0.19811E+06  0.19333E+06  0.18639E+06  0.18091E+06
  0.17347E+06  0.16592E+06  0.15892E+06  0.15272E+06  0.15179E+06  0.14568E+06
  0.13946E+06  0.13285E+06  0.12522E+06  0.11515E+06  0.99396E+05  0.62268E+05
  0.00000E+00
