  0.00000E+00  0.00000E+00  0.00000E+00  0.00000E+00  0.00000E+00  0.00000E+00
  0.00000E+00  0.00000E+00  0.00000E+00  0.00000E+00  0.00000E+00  0.00000E+00
  0.00000E+00  0.00000E+00  0.00000E+00  0.00000E+00  0.00000E+00  0.00000E+00
  0.00000E+00  0.00000E+00  0.00000E+00  0.00000E+00  0.00000E+00  0.00000E+00
  0.00000E+00  0.00000E+00  0.00000E+00  0.00000E+00  0.00000E+00  0.00000E+00
  0.00000E+00  0.00000E+00  0.00000E+00  0.00000E+00  0.00000E+00  0.00000E+00
  0.00000E+00  0.00000E+00  0.00000E+00  0.00000E+00  0.00000E+00  0.00000E+00
  0.00000E+00  0.00000E+00  0.00000E+00  0.00000E+00  0.00000E+00  0.00000E+00
  0.00000E+00  0.00000E+00  0.00000E+00  0.00000E+00  0.00000E+00  0.00000E+00
  0.00000E+00  0.00000E+00  0.00000E+00  0.00000E+00  0.24143E-03  0.66504E-03
  0.15455E-02  0.36580E-02  0.82927E-02  0.18043E-01  0.37680E-01  0.78648E-01
  0.16868E+00  0.33218E+00  0.64834E+00  0.12564E+01  0.23959E+01  0.47894E+01
  0.91811E+01  0.18377E+02  0.32885E+02  0.58699E+02  0.10599E+03  0.18783E+03
  0.34500E+03  0.64010E+03  0.12031E+04  0.23015E+04  0.45147E+04  0.92079E+04
  0.15666E+05  0.26654E+05  0.00000E+00  0.00000E+00  0.00000E+00  0.00000E+00
  0.00000E+00  0.00000E+00  0.00000E+00  0.00000E+00  0.00000E+00  0.00000E+00
  0.00000E+00  0.00000E+00  0.00000E+00  0.00000E+00  0.00000E+00  0.49096E-03
  0.13476E-02  0.31212E-02  0.73720E-02  0.16670E-01  0.36238E-01  0.75588E-01
  0.15769E+00  0.33800E+00  0.66532E+00  0.12981E+01  0.25150E+01  0.47950E+01
  0.95840E+01  0.18370E+02  0.36767E+02  0.65791E+02  0.11743E+03  0.21205E+03
  0.37576E+03  0.69016E+03  0.12805E+04  0.24068E+04  0.46040E+04  0.90314E+04
  0.18420E+05  0.31339E+05  0.53319E+05  0.00000E+00  0.00000E+00  0.00000E+00
  0.00000E+00  0.00000E+00  0.00000E+00  0.00000E+00  0.00000E+00  0.00000E+00
  0.00000E+00  0.00000E+00  0.00000E+00  0.00000E+00  0.00000E+00  0.00000E+00
  0.75153E-03  0.20523E-02  0.47369E-02  0.11151E-01  0.25178E-01  0.54626E-01
  0.11380E+00  0.23711E+00  0.50785E+00  0.99912E+00  0.19486E+01  0.37741E+01
  0.71940E+01  0.14376E+02  0.27553E+02  0.55142E+02  0.98665E+02  0.17611E+03
  0.31798E+03  0.56346E+03  0.10349E+04  0.19201E+04  0.36089E+04  0.69037E+04
  0.13543E+05  0.27621E+05  0.46993E+05  0.79953E+05  0.00000E+00  0.00000E+00
  0.00000E+00  0.00000E+00  0.00000E+00  0.00000E+00  0.00000E+00  0.00000E+00
  0.00000E+00  0.00000E+00  0.00000E+00  0.00000E+00  0.00000E+00  0.00000E+00
  0.00000E+00  0.10269E-02  0.27888E-02  0.64078E-02  0.15035E-01  0.33850E-01
  0.73279E-01  0.15242E+00  0.31716E+00  0.67863E+00  0.13342E+01  0.26007E+01
  0.50353E+01  0.95953E+01  0.19171E+02  0.36738E+02  0.73515E+02  0.13153E+03
  0.23476E+03  0.42388E+03  0.75110E+03  0.13795E+04  0.25595E+04  0.48106E+04
  0.92024E+04  0.18052E+05  0.36818E+05  0.62641E+05  0.10658E+06  0.00000E+00
  0.00000E+00  0.00000E+00  0.00000E+00  0.00000E+00  0.00000E+00  0.00000E+00
  0.00000E+00  0.00000E+00  0.00000E+00  0.00000E+00  0.00000E+00  0.00000E+00
  0.00000E+00  0.00000E+00  0.13224E-02  0.35688E-02  0.81518E-02  0.19050E-01
  0.42725E-01  0.92249E-01  0.19156E+00  0.39809E+00  0.85055E+00  0.16709E+01
  0.32548E+01  0.62986E+01  0.11999E+02  0.23967E+02  0.45920E+02  0.91879E+02
  0.16438E+03  0.29337E+03  0.52968E+03  0.93855E+03  0.17238E+04  0.31982E+04
  0.60112E+04  0.11499E+05  0.22557E+05  0.46007E+05  0.78277E+05  0.13318E+06
  0.00000E+00  0.00000E+00  0.00000E+00  0.00000E+00  0.00000E+00  0.00000E+00
  0.00000E+00  0.00000E+00  0.00000E+00  0.00000E+00  0.00000E+00  0.00000E+00
  0.00000E+00  0.00000E+00  0.00000E+00  0.16443E-02  0.44029E-02  0.99906E-02
  0.23235E-01  0.51892E-01  0.11169E+00  0.23137E+00  0.47987E+00  0.10241E+01
  0.20097E+01  0.39117E+01  0.75654E+01  0.14406E+02  0.28767E+02  0.55105E+02
  0.11024E+03  0.19722E+03  0.35197E+03  0.63546E+03  0.11259E+04  0.20680E+04
  0.38367E+04  0.72114E+04  0.13795E+05  0.27062E+05  0.55196E+05  0.93913E+05
  0.15979E+06  0.00000E+00  0.00000E+00  0.00000E+00  0.00000E+00  0.00000E+00
  0.00000E+00  0.00000E+00  0.00000E+00  0.00000E+00  0.00000E+00  0.00000E+00
  0.00000E+00  0.00000E+00  0.00000E+00  0.00000E+00  0.19998E-02  0.53066E-02
  0.11948E-01  0.27632E-01  0.61403E-01  0.13166E+00  0.27196E+00  0.56274E+00
  0.11988E+01  0.23497E+01  0.45690E+01  0.88303E+01  0.16806E+02  0.33549E+02
  0.64249E+02  0.12852E+03  0.22990E+03  0.41028E+03  0.74072E+03  0.13124E+04
  0.24104E+04  0.44723E+04  0.84061E+04  0.16081E+05  0.31547E+05  0.64347E+05
  0.10949E+06  0.18629E+06  0.00000E+00  0.00000E+00  0.00000E+00  0.00000E+00
  0.00000E+00  0.00000E+00  0.00000E+00  0.00000E+00  0.00000E+00  0.00000E+00
  0.00000E+00  0.00000E+00  0.00000E+00  0.00000E+00  0.00000E+00  0.23946E-02
  0.62966E-02  0.14050E-01  0.32289E-01  0.71324E-01  0.15226E+00  0.31344E+00
  0.64691E+00  0.13749E+01  0.26910E+01  0.52263E+01  0.10092E+02  0.19196E+02
  0.38305E+02  0.73339E+02  0.14668E+03  0.26238E+03  0.46822E+03  0.84533E+03
  0.14977E+04  0.27509E+04  0.51042E+04  0.95943E+04  0.18355E+05  0.36011E+05
  0.73456E+05  0.12499E+06  0.21269E+06  0.00000E+00  0.00000E+00  0.00000E+00
  0.00000E+00  0.00000E+00  0.00000E+00  0.00000E+00  0.00000E+00  0.00000E+00
  0.00000E+00  0.00000E+00  0.00000E+00  0.00000E+00  0.00000E+00  0.00000E+00
  0.28331E-02  0.73816E-02  0.16311E-01  0.37236E-01  0.81694E-01  0.17354E+00
  0.35583E+00  0.73202E+00  0.15522E+01  0.30327E+01  0.58815E+01  0.11345E+02
  0.21565E+02  0.43014E+02  0.82332E+02  0.16465E+03  0.29452E+03  0.52559E+03
  0.94892E+03  0.16812E+04  0.30882E+04  0.57306E+04  0.10773E+05  0.20612E+05
  0.40443E+05  0.82504E+05  0.14041E+06  0.23894E+06  0.00000E+00  0.00000E+00
  0.00000E+00  0.00000E+00  0.00000E+00  0.00000E+00  0.00000E+00  0.00000E+00
  0.00000E+00  0.00000E+00  0.00000E+00  0.00000E+00  0.00000E+00  0.00000E+00
  0.00000E+00  0.33004E-02  0.85421E-02  0.18704E-01  0.42442E-01  0.92441E-01
  0.19531E+00  0.39871E+00  0.81729E+00  0.17281E+01  0.33699E+01  0.65246E+01
  0.12572E+02  0.23877E+02  0.47607E+02  0.91100E+02  0.18217E+03  0.32590E+03
  0.58165E+03  0.10502E+04  0.18608E+04  0.34186E+04  0.63448E+04  0.11930E+05
  0.22830E+05  0.44802E+05  0.91412E+05  0.15559E+06  0.26483E+06  0.00000E+00
  0.00000E+00  0.00000E+00  0.00000E+00  0.00000E+00  0.00000E+00  0.00000E+00
  0.00000E+00  0.00000E+00  0.00000E+00  0.00000E+00  0.00000E+00  0.00000E+00
  0.00000E+00  0.00000E+00  0.37636E-02  0.97357E-02  0.21163E-01  0.47828E-01
  0.10342E+00  0.21728E+00  0.44151E+00  0.90156E+00  0.18999E+01  0.36973E+01
  0.71447E+01  0.13748E+02  0.26090E+02  0.52003E+02  0.99494E+02  0.19898E+03
  0.35605E+03  0.63562E+03  0.11480E+04  0.20341E+04  0.37382E+04  0.69400E+04
  0.13053E+05  0.24987E+05  0.49049E+05  0.10011E+06  0.17044E+06  0.29018E+06
  0.00000E+00  0.00000E+00  0.00000E+00  0.00000E+00  0.00000E+00  0.00000E+00
  0.00000E+00  0.00000E+00  0.00000E+00  0.00000E+00  0.00000E+00  0.00000E+00
  0.00000E+00  0.00000E+00  0.00000E+00  0.40690E-02  0.10720E-01  0.23324E-01
  0.52863E-01  0.11370E+00  0.23793E+00  0.48155E+00  0.97971E+00  0.20583E+01
  0.39978E+01  0.77101E+01  0.14817E+02  0.28097E+02  0.56002E+02  0.10715E+03
  0.21439E+03  0.38385E+03  0.68562E+03  0.12389E+04  0.21957E+04  0.40375E+04
  0.74999E+04  0.14114E+05  0.27032E+05  0.53091E+05  0.10841E+06  0.18466E+06
  0.31453E+06  0.00000E+00  0.00000E+00  0.00000E+00  0.00000E+00  0.00000E+00
  0.00000E+00  0.00000E+00  0.00000E+00  0.00000E+00  0.00000E+00  0.00000E+00
  0.00000E+00  0.00000E+00  0.00000E+00  0.00000E+00  0.39649E-02  0.11142E-01
  0.24717E-01  0.56963E-01  0.12246E+00  0.25592E+00  0.51660E+00  0.10478E+01
  0.21956E+01  0.42573E+01  0.81938E+01  0.15727E+02  0.29804E+02  0.59427E+02
  0.11374E+03  0.22780E+03  0.40828E+03  0.72994E+03  0.13201E+04  0.23406E+04
  0.43079E+04  0.80096E+04  0.15086E+05  0.28918E+05  0.56841E+05  0.11615E+06
  0.19800E+06  0.33749E+06  0.00000E+00  0.00000E+00  0.00000E+00  0.00000E+00
  0.00000E+00  0.00000E+00  0.00000E+00  0.00000E+00  0.00000E+00  0.00000E+00
  0.00000E+00  0.00000E+00  0.00000E+00  0.00000E+00  0.00000E+00  0.30646E-02
  0.10511E-01  0.24769E-01  0.59546E-01  0.12902E+00  0.27050E+00  0.54585E+00
  0.11050E+01  0.23096E+01  0.44723E+01  0.85885E+01  0.16464E+02  0.31183E+02
  0.62222E+02  0.11917E+03  0.23900E+03  0.42899E+03  0.76798E+03  0.13906E+04
  0.24669E+04  0.45463E+04  0.84632E+04  0.15959E+05  0.30627E+05  0.60264E+05
  0.12327E+06  0.21034E+06  0.35885E+06  0.00000E+00  0.00000E+00  0.00000E+00
  0.00000E+00  0.00000E+00  0.00000E+00  0.00000E+00  0.00000E+00  0.00000E+00
  0.00000E+00  0.00000E+00  0.00000E+00  0.00000E+00  0.00000E+00  0.00000E+00
  0.00000E+00  0.69728E-02  0.21043E-01  0.57072E-01  0.12635E+00  0.26703E+00
  0.53744E+00  0.10800E+01  0.22194E+01  0.42960E+01  0.82311E+01  0.15759E+02
  0.29840E+02  0.59635E+02  0.11436E+03  0.22988E+03  0.41360E+03  0.74200E+03
  0.13460E+04  0.23901E+04  0.44133E+04  0.82310E+04  0.15549E+05  0.29890E+05
  0.58909E+05  0.12068E+06  0.20622E+06  0.35229E+06  0.00000E+00  0.45781E-03
  0.92734E-03  0.14121E-02  0.19200E-02  0.24557E-02  0.30308E-02  0.36524E-02
  0.43340E-02  0.50804E-02  0.58803E-02  0.67004E-02  0.73789E-02  0.76693E-02
  0.72351E-02  0.00000E+00  0.00000E+00  0.13421E-01  0.50752E-01  0.12002E+00
  0.26031E+00  0.52707E+00  0.10545E+01  0.21426E+01  0.41421E+01  0.79079E+01
  0.15107E+02  0.28574E+02  0.57169E+02  0.10973E+03  0.22105E+03  0.39864E+03
  0.71661E+03  0.13023E+04  0.23144E+04  0.42819E+04  0.80012E+04  0.15143E+05
  0.29159E+05  0.57561E+05  0.11810E+06  0.20211E+06  0.34576E+06  0.00000E+00
  0.15793E-02  0.31890E-02  0.48411E-02  0.65469E-02  0.83301E-02  0.10207E-01
  0.12209E-01  0.14354E-01  0.16669E-01  0.19113E-01  0.21627E-01  0.23834E-01
  0.25259E-01  0.25309E-01  0.20119E-01  0.00000E+00  0.00000E+00  0.39540E-01
  0.11029E+00  0.25269E+00  0.51766E+00  0.10368E+01  0.20883E+01  0.40258E+01
  0.76421E+01  0.14541E+02  0.27436E+02  0.54904E+02  0.10540E+03  0.21268E+03
  0.38434E+03  0.69218E+03  0.12600E+04  0.22407E+04  0.41534E+04  0.77754E+04
  0.14742E+05  0.28436E+05  0.56226E+05  0.11554E+06  0.19803E+06  0.33926E+06
  0.00000E+00  0.38627E-02  0.77809E-02  0.11779E-01  0.15882E-01  0.20116E-01
  0.24537E-01  0.29175E-01  0.34093E-01  0.39326E-01  0.44817E-01  0.50507E-01
  0.55825E-01  0.60149E-01  0.62878E-01  0.58622E-01  0.51062E-01  0.37247E-01
  0.00000E+00  0.64156E-01  0.19885E+00  0.44851E+00  0.93066E+00  0.19027E+01
  0.37015E+01  0.70237E+01  0.13365E+02  0.25240E+02  0.50739E+02  0.97712E+02
  0.19819E+03  0.35997E+03  0.65106E+03  0.11895E+04  0.21189E+04  0.39425E+04
  0.74069E+04  0.14090E+05  0.27265E+05  0.54070E+05  0.11142E+06  0.19147E+06
  0.32881E+06  0.00000E+00  0.86931E-02  0.17486E-01  0.26396E-01  0.35479E-01
  0.44789E-01  0.54404E-01  0.64365E-01  0.74757E-01  0.85633E-01  0.96905E-01
  0.10840E+00  0.11919E+00  0.12838E+00  0.13525E+00  0.13023E+00  0.12244E+00
  0.11161E+00  0.64542E-01  0.00000E+00  0.13353E+00  0.37956E+00  0.84561E+00
  0.17696E+01  0.34791E+01  0.65838E+01  0.12497E+02  0.23566E+02  0.47499E+02
  0.91605E+02  0.18651E+03  0.34011E+03  0.61722E+03  0.11309E+04  0.20166E+04
  0.37642E+04  0.70936E+04  0.13534E+05  0.26260E+05  0.52212E+05  0.10785E+06
  0.18578E+06  0.31975E+06  0.00000E+00  0.18713E-01  0.37566E-01  0.56628E-01
  0.75992E-01  0.95687E-01  0.11584E+00  0.13654E+00  0.15790E+00  0.17996E+00
  0.20255E+00  0.22533E+00  0.24674E+00  0.26539E+00  0.28053E+00  0.27295E+00
  0.26395E+00  0.25418E+00  0.19964E+00  0.13379E+00  0.00000E+00  0.23791E+00
  0.68010E+00  0.15442E+01  0.31433E+01  0.59835E+01  0.11387E+02  0.21512E+02
  0.43633E+02  0.84440E+02  0.17296E+03  0.31724E+03  0.57843E+03  0.10640E+04
  0.18998E+04  0.35608E+04  0.67365E+04  0.12899E+05  0.25115E+05  0.50095E+05
  0.10379E+06  0.17930E+06  0.30941E+06  0.00000E+00  0.38596E-01  0.77447E-01
  0.11657E+00  0.15611E+00  0.19625E+00  0.23700E+00  0.27856E+00  0.32109E+00
  0.36449E+00  0.40840E+00  0.45228E+00  0.49327E+00  0.52916E+00  0.55916E+00
  0.54604E+00  0.53122E+00  0.52070E+00  0.44941E+00  0.37956E+00  0.23743E+00
  0.00000E+00  0.42637E+00  0.12359E+01  0.27368E+01  0.53194E+01  0.10227E+02
  0.19432E+02  0.39813E+02  0.77424E+02  0.15977E+03  0.29505E+03  0.54076E+03
  0.99878E+03  0.17857E+04  0.33616E+04  0.63857E+04  0.12275E+05  0.23984E+05
  0.48000E+05  0.99756E+05  0.17286E+06  0.29915E+06  0.00000E+00  0.79598E-01
  0.15953E+00  0.23999E+00  0.32096E+00  0.40284E+00  0.48557E+00  0.56952E+00
  0.65467E+00  0.74078E+00  0.82716E+00  0.91229E+00  0.99147E+00  0.10604E+01
  0.11182E+01  0.10864E+01  0.10587E+01  0.10368E+01  0.93254E+00  0.84561E+00
  0.68010E+00  0.42552E+00  0.00000E+00  0.77556E+00  0.22037E+01  0.45449E+01
  0.89837E+01  0.17315E+02  0.36077E+02  0.70663E+02  0.14719E+03  0.27397E+03
  0.50495E+03  0.93656E+03  0.16758E+04  0.31690E+04  0.60452E+04  0.11666E+05
  0.22878E+05  0.45943E+05  0.95784E+05  0.16652E+06  0.28901E+06  0.00000E+00
  0.16868E+00  0.33800E+00  0.50785E+00  0.67863E+00  0.85055E+00  0.10241E+01
  0.11988E+01  0.13749E+01  0.15522E+01  0.17281E+01  0.18999E+01  0.20583E+01
  0.21956E+01  0.23096E+01  0.22194E+01  0.21426E+01  0.20883E+01  0.19027E+01
  0.17696E+01  0.15442E+01  0.12359E+01  0.77556E+00  0.00000E+00  0.13998E+01
  0.35239E+01  0.75305E+01  0.15050E+02  0.32362E+02  0.64162E+02  0.13537E+03
  0.25437E+03  0.47169E+03  0.87846E+03  0.15719E+04  0.29859E+04  0.57194E+04
  0.11080E+05  0.21807E+05  0.43941E+05  0.91898E+05  0.16029E+06  0.27903E+06
  0.00000E+00  0.33218E+00  0.66532E+00  0.99912E+00  0.13342E+01  0.16709E+01
  0.20097E+01  0.23497E+01  0.26910E+01  0.30327E+01  0.33699E+01  0.36973E+01
  0.39978E+01  0.42573E+01  0.44723E+01  0.42960E+01  0.41421E+01  0.40258E+01
  0.37015E+01  0.34791E+01  0.31433E+01  0.27368E+01  0.22037E+01  0.13998E+01
  0.00000E+00  0.18914E+01  0.54412E+01  0.12120E+02  0.28020E+02  0.57085E+02
  0.12318E+03  0.23482E+03  0.43908E+03  0.82197E+03  0.14707E+04  0.28078E+04
  0.54023E+04  0.10508E+05  0.20760E+05  0.41976E+05  0.88073E+05  0.15415E+06
  0.26919E+06  0.00000E+00  0.64834E+00  0.12981E+01  0.19486E+01  0.26007E+01
  0.32548E+01  0.39117E+01  0.45690E+01  0.52263E+01  0.58815E+01  0.65246E+01
  0.71447E+01  0.77101E+01  0.81938E+01  0.85885E+01  0.82311E+01  0.79079E+01
  0.76421E+01  0.70237E+01  0.65838E+01  0.59835E+01  0.53194E+01  0.45449E+01
  0.35239E+01  0.18914E+01  0.00000E+00  0.34363E+01  0.98059E+01  0.25335E+02
  0.53258E+02  0.11726E+03  0.22575E+03  0.42366E+03  0.79360E+03  0.14148E+04
  0.27048E+04  0.52111E+04  0.10150E+05  0.20082E+05  0.40667E+05  0.85459E+05
  0.14990E+06  0.26231E+06  0.00000E+00  0.12564E+01  0.25150E+01  0.37741E+01
  0.50353E+01  0.62986E+01  0.75654E+01  0.88303E+01  0.10092E+02  0.11345E+02
  0.12572E+02  0.13748E+02  0.14817E+02  0.15727E+02  0.16464E+02  0.15759E+02
  0.15107E+02  0.14541E+02  0.13365E+02  0.12497E+02  0.11387E+02  0.10227E+02
  0.89837E+01  0.75305E+01  0.54412E+01  0.34363E+01  0.00000E+00  0.61921E+01
  0.21709E+02  0.48912E+02  0.11173E+03  0.21845E+03  0.41194E+03  0.77176E+03
  0.13686E+04  0.26179E+04  0.50456E+04  0.98327E+04  0.19467E+05  0.39457E+05
  0.83003E+05  0.14589E+06  0.25576E+06  0.00000E+00  0.23959E+01  0.47950E+01
  0.71940E+01  0.95953E+01  0.11999E+02  0.14406E+02  0.16806E+02  0.19196E+02
  0.21565E+02  0.23877E+02  0.26090E+02  0.28097E+02  0.29804E+02  0.31183E+02
  0.29840E+02  0.28574E+02  0.27436E+02  0.25240E+02  0.23566E+02  0.21512E+02
  0.19432E+02  0.17315E+02  0.15050E+02  0.12120E+02  0.98059E+01  0.61921E+01
  0.00000E+00  0.15972E+02  0.42942E+02  0.10564E+03  0.21219E+03  0.40352E+03
  0.75645E+03  0.13324E+04  0.25482E+04  0.49084E+04  0.95609E+04  0.18925E+05
  0.38362E+05  0.80730E+05  0.14213E+06  0.24959E+06  0.00000E+00  0.47894E+01
  0.95840E+01  0.14376E+02  0.19171E+02  0.23967E+02  0.28767E+02  0.33549E+02
  0.38305E+02  0.43014E+02  0.47607E+02  0.52003E+02  0.56002E+02  0.59427E+02
  0.62222E+02  0.59635E+02  0.57169E+02  0.54904E+02  0.50739E+02  0.47499E+02
  0.43633E+02  0.39813E+02  0.36077E+02  0.32362E+02  0.28020E+02  0.25335E+02
  0.21709E+02  0.15972E+02  0.00000E+00  0.25557E+02  0.86514E+02  0.19101E+03
  0.37672E+03  0.71620E+03  0.12572E+04  0.24186E+04  0.46738E+04  0.91224E+04
  0.18085E+05  0.36713E+05  0.77372E+05  0.13664E+06  0.24063E+06  0.00000E+00
  0.91811E+01  0.18370E+02  0.27553E+02  0.36738E+02  0.45920E+02  0.55105E+02
  0.64249E+02  0.73339E+02  0.82332E+02  0.91100E+02  0.99494E+02  0.10715E+03
  0.11374E+03  0.11917E+03  0.11436E+03  0.10973E+03  0.10540E+03  0.97712E+02
  0.91605E+02  0.84440E+02  0.77424E+02  0.70663E+02  0.64162E+02  0.57085E+02
  0.53258E+02  0.48912E+02  0.42942E+02  0.25557E+02  0.00000E+00  0.62046E+02
  0.16855E+03  0.35438E+03  0.68907E+03  0.12061E+04  0.23351E+04  0.45217E+04
  0.88277E+04  0.17495E+05  0.35501E+05  0.74805E+05  0.13238E+06  0.23356E+06
  0.00000E+00  0.18377E+02  0.36767E+02  0.55142E+02  0.73515E+02  0.91879E+02
  0.11024E+03  0.12852E+03  0.14668E+03  0.16465E+03  0.18217E+03  0.19898E+03
  0.21439E+03  0.22780E+03  0.23900E+03  0.22988E+03  0.22105E+03  0.21268E+03
  0.19819E+03  0.18651E+03  0.17296E+03  0.15977E+03  0.14719E+03  0.13537E+03
  0.12318E+03  0.11726E+03  0.11173E+03  0.10564E+03  0.86514E+02  0.62046E+02
  0.00000E+00  0.10761E+03  0.29100E+03  0.61508E+03  0.10925E+04  0.21704E+04
  0.42553E+04  0.83577E+04  0.16613E+05  0.33768E+05  0.71231E+05  0.12653E+06
  0.22395E+06  0.00000E+00  0.32885E+02  0.65791E+02  0.98665E+02  0.13153E+03
  0.16438E+03  0.19722E+03  0.22990E+03  0.26238E+03  0.29452E+03  0.32590E+03
  0.35605E+03  0.38385E+03  0.40828E+03  0.42899E+03  0.41360E+03  0.39864E+03
  0.38434E+03  0.35997E+03  0.34011E+03  0.31724E+03  0.29505E+03  0.27397E+03
  0.25437E+03  0.23482E+03  0.22575E+03  0.21845E+03  0.21219E+03  0.19101E+03
  0.16855E+03  0.10761E+03  0.00000E+00  0.17863E+03  0.48808E+03  0.91750E+03
  0.19368E+04  0.39102E+04  0.77968E+04  0.15625E+05  0.31910E+05  0.67512E+05
  0.12053E+06  0.21420E+06  0.00000E+00  0.58699E+02  0.11743E+03  0.17611E+03
  0.23476E+03  0.29337E+03  0.35197E+03  0.41028E+03  0.46822E+03  0.52559E+03
  0.58165E+03  0.63562E+03  0.68562E+03  0.72994E+03  0.76798E+03  0.74200E+03
  0.71661E+03  0.69218E+03  0.65106E+03  0.61722E+03  0.57843E+03  0.54076E+03
  0.50495E+03  0.47169E+03  0.43908E+03  0.42366E+03  0.41194E+03  0.40352E+03
  0.37672E+03  0.35438E+03  0.29100E+03  0.17863E+03  0.00000E+00  0.29965E+03
  0.68020E+03  0.16508E+04  0.35289E+04  0.72268E+04  0.14674E+05  0.30165E+05
  0.64037E+05  0.11496E+06  0.20516E+06  0.00000E+00  0.10599E+03  0.21205E+03
  0.31798E+03  0.42388E+03  0.52968E+03  0.63546E+03  0.74072E+03  0.84533E+03
  0.94892E+03  0.10502E+04  0.11480E+04  0.12389E+04  0.13201E+04  0.13906E+04
  0.13460E+04  0.13023E+04  0.12600E+04  0.11895E+04  0.11309E+04  0.10640E+04
  0.99878E+03  0.93656E+03  0.87846E+03  0.82197E+03  0.79360E+03  0.77176E+03
  0.75645E+03  0.71620E+03  0.68907E+03  0.61508E+03  0.48808E+03  0.29965E+03
  0.00000E+00  0.33181E+03  0.12711E+04  0.30806E+04  0.66324E+04  0.13767E+05
  0.28579E+05  0.60915E+05  0.11002E+06  0.19716E+06  0.00000E+00  0.18783E+03
  0.37576E+03  0.56346E+03  0.75110E+03  0.93855E+03  0.11259E+04  0.13124E+04
  0.14977E+04  0.16812E+04  0.18608E+04  0.20341E+04  0.21957E+04  0.23406E+04
  0.24669E+04  0.23901E+04  0.23144E+04  0.22407E+04  0.21189E+04  0.20166E+04
  0.18998E+04  0.17857E+04  0.16758E+04  0.15719E+04  0.14707E+04  0.14148E+04
  0.13686E+04  0.13324E+04  0.12572E+04  0.12061E+04  0.10925E+04  0.91750E+03
  0.68020E+03  0.33181E+03  0.00000E+00  0.10059E+04  0.28968E+04  0.65417E+04
  0.13760E+05  0.28580E+05  0.60642E+05  0.10949E+06  0.19597E+06  0.00000E+00
  0.34500E+03  0.69016E+03  0.10349E+04  0.13795E+04  0.17238E+04  0.20680E+04
  0.24104E+04  0.27509E+04  0.30882E+04  0.34186E+04  0.37382E+04  0.40375E+04
  0.43079E+04  0.45463E+04  0.44133E+04  0.42819E+04  0.41534E+04  0.39425E+04
  0.37642E+04  0.35608E+04  0.33616E+04  0.31690E+04  0.29859E+04  0.28078E+04
  0.27048E+04  0.26179E+04  0.25482E+04  0.24186E+04  0.23351E+04  0.21704E+04
  0.19368E+04  0.16508E+04  0.12711E+04  0.10059E+04  0.00000E+00  0.18581E+04
  0.54007E+04  0.12362E+05  0.26567E+05  0.57143E+05  0.10439E+06  0.18807E+06
  0.00000E+00  0.64010E+03  0.12805E+04  0.19201E+04  0.25595E+04  0.31982E+04
  0.38367E+04  0.44723E+04  0.51042E+04  0.57306E+04  0.63448E+04  0.69400E+04
  0.74999E+04  0.80096E+04  0.84632E+04  0.82310E+04  0.80012E+04  0.77754E+04
  0.74069E+04  0.70936E+04  0.67365E+04  0.63857E+04  0.60452E+04  0.57194E+04
  0.54023E+04  0.52111E+04  0.50456E+04  0.49084E+04  0.46738E+04  0.45217E+04
  0.42553E+04  0.39102E+04  0.35289E+04  0.30806E+04  0.28968E+04  0.18581E+04
  0.00000E+00  0.34754E+04  0.10219E+05  0.23856E+05  0.52994E+05  0.98845E+05
  0.18004E+06  0.00000E+00  0.12031E+04  0.24068E+04  0.36089E+04  0.48106E+04
  0.60112E+04  0.72114E+04  0.84061E+04  0.95943E+04  0.10773E+05  0.11930E+05
  0.13053E+05  0.14114E+05  0.15086E+05  0.15959E+05  0.15549E+05  0.15143E+05
  0.14742E+05  0.14090E+05  0.13534E+05  0.12899E+05  0.12275E+05  0.11666E+05
  0.11080E+05  0.10508E+05  0.10150E+05  0.98327E+04  0.95609E+04  0.91224E+04
  0.88277E+04  0.83577E+04  0.77968E+04  0.72268E+04  0.66324E+04  0.65417E+04
  0.54007E+04  0.34754E+04  0.00000E+00  0.65956E+04  0.19741E+05  0.47516E+05
  0.92308E+05  0.17150E+06  0.00000E+00  0.23015E+04  0.46040E+04  0.69037E+04
  0.92024E+04  0.11499E+05  0.13795E+05  0.16081E+05  0.18355E+05  0.20612E+05
  0.22830E+05  0.24987E+05  0.27032E+05  0.28918E+05  0.30627E+05  0.29890E+05
  0.29159E+05  0.28436E+05  0.27265E+05  0.26260E+05  0.25115E+05  0.23984E+05
  0.22878E+05  0.21807E+05  0.20760E+05  0.20082E+05  0.19467E+05  0.18925E+05
  0.18085E+05  0.17495E+05  0.16613E+05  0.15625E+05  0.14674E+05  0.13767E+05
  0.13760E+05  0.12362E+05  0.10219E+05  0.65956E+04  0.00000E+00  0.12805E+05
  0.39372E+05  0.83663E+05  0.16166E+06  0.00000E+00  0.45147E+04  0.90314E+04
  0.13543E+05  0.18052E+05  0.22557E+05  0.27062E+05  0.31547E+05  0.36011E+05
  0.40443E+05  0.44802E+05  0.49049E+05  0.53091E+05  0.56841E+05  0.60264E+05
  0.58909E+05  0.57561E+05  0.56226E+05  0.54070E+05  0.52212E+05  0.50095E+05
  0.48000E+05  0.45943E+05  0.43941E+05  0.41976E+05  0.40667E+05  0.39457E+05
  0.38362E+05  0.36713E+05  0.35501E+05  0.33768E+05  0.31910E+05  0.30165E+05
  0.28579E+05  0.28580E+05  0.26567E+05  0.23856E+05  0.19741E+05  0.12805E+05
  0.00000E+00  0.25694E+05  0.70469E+05  0.14866E+06  0.00000E+00  0.92079E+04
  0.18420E+05  0.27621E+05  0.36818E+05  0.46007E+05  0.55196E+05  0.64347E+05
  0.73456E+05  0.82504E+05  0.91412E+05  0.10011E+06  0.10841E+06  0.11615E+06
  0.12327E+06  0.12068E+06  0.11810E+06  0.11554E+06  0.11142E+06  0.10785E+06
  0.10379E+06  0.99756E+05  0.95784E+05  0.91898E+05  0.88073E+05  0.85459E+05
  0.83003E+05  0.80730E+05  0.77372E+05  0.74805E+05  0.71231E+05  0.67512E+05
  0.64037E+05  0.60915E+05  0.60642E+05  0.57143E+05  0.52994E+05  0.47516E+05
  0.39372E+05  0.25694E+05  0.00000E+00  0.47251E+05  0.12832E+06  0.00000E+00
  0.15666E+05  0.31339E+05  0.46993E+05  0.62641E+05  0.78277E+05  0.93913E+05
  0.10949E+06  0.12499E+06  0.14041E+06  0.15559E+06  0.17044E+06  0.18466E+06
  0.19800E+06  0.21034E+06  0.20622E+06  0.20211E+06  0.19803E+06  0.19147E+06
  0.18578E+06  0.17930E+06  0.17286E+06  0.16652E+06  0.16029E+06  0.15415E+06
  0.14990E+06  0.14589E+06  0.14213E+06  0.13664E+06  0.13238E+06  0.12653E+06
  0.12053E+06  0.11496E+06  0.11002E+06  0.10949E+06  0.10439E+06  0.98845E+05
  0.92308E+05  0.83663E+05  0.70469E+05  0.47251E+05  0.00000E+00  0.80388E+05
  0.00000E+00  0.26654E+05  0.53319E+05  0.79953E+05  0.10658E+06  0.13318E+06
  0.15979E+06  0.18629E+06  0.21269E+06  0.23894E+06  0.26483E+06  0.29018E+06
  0.31453E+06  0.33749E+06  0.35885E+06  0.35229E+06  0.34576E+06  0.33926E+06
  0.32881E+06  0.31975E+06  0.30941E+06  0.29915E+06  0.28901E+06  0.27903E+06
  0.26919E+06  0.26231E+06  0.25576E+06  0.24959E+06  0.24063E+06  0.23356E+06
  0.22395E+06  0.21420E+06  0.20516E+06  0.19716E+06  0.19597E+06  0.18807E+06
  0.18004E+06  0.17150E+06  0.16166E+06  0.14866E+06  0.12832E+06  0.80388E+05
  0.00000E+00
